130
284 241
431 48
114 130
542 17
916 14
119 850
635 116
99 90
695 469
30 226
633 512
432 46
632 353
690 988
84 990
545 56
165 287
562 981
563 984
401 72
696 1000
160 135
157 915
381 107
15 190
161 80
956 333
696 989
252 389
670 971
41 398
236 219
102 279
951 338
544 451
692 397
214 382
629 117
972 263
435 48
30 118
838 970
944 116
669 496
119 977
693 997
634 112
290 245
813 72
435 196
594 113
795 57
239 84
182 362
854 3
249 386
918 12
101 89
633 117
14 859
15 193
287 376
100 352
948 79
166 80
841 150
973 263
131 97
284 245
286 243
811 24
880 156
473 41
265 113
634 510
185 358
545 16
118 982
506 189
692 987
780 84
954 75
164 289
113 319
942 112
75 253
839 43
98 94
853 5
404 178
402 174
382 145
86 996
164 326
709 950
286 240
49 838
214 384
98 89
17 862
792 56
507 59
314 344
917 11
795 60
404 179
46 838
668 970
182 363
102 92
969 259
202 70
117 171
19 861
668 500
205 75
115 174
29 118
631 514
163 288
973 261
137 106
155 915
741 78
532 162
202 230
593 107
17 863
566 379
540 126
