80
406 394
857 531
275 462
228 466
276 454
629 576
810 535
542 742
629 580
451 296
630 580
226 465
90 478
454 294
633 575
409 395
136 473
674 553
268 461
276 455
634 575
721 545
496 3
49 477
271 454
270 462
92 478
407 395
677 558
91 475
681 561
628 577
317 448
859 528
677 559
814 536
450 294
450 295
51 483
93 474
811 536
48 475
183 471
89 479
675 559
93 476
182 471
405 398
856 533
409 398
3 480
814 537
854 527
407 397
630 574
815 534
857 532
815 530
136 472
768 539
586 616
809 533
496 2
227 464
544 743
589 615
360 432
498 3
543 742
589 618
861 532
586 615
543 744
497 2
626 725
4 256
998 686
416 629
942 160
782 12
