245
113 396
110 395
891 418
671 863
391 886
706 847
425 894
165 713
670 863
902 460
770 208
893 417
163 712
217 778
218 780
127 640
593 110
551 107
391 884
882 619
187 252
388 117
879 624
162 712
634 126
184 752
467 900
771 793
672 140
513 99
592 888
773 208
432 890
242 195
312 150
349 873
186 251
352 128
387 114
315 851
704 844
847 699
632 879
705 846
473 99
897 538
390 884
705 843
552 896
896 460
890 582
125 639
275 171
315 144
894 422
555 104
184 750
117 401
472 105
311 855
387 886
870 342
553 105
889 580
350 868
141 678
849 303
823 268
847 303
160 713
850 697
143 678
896 586
427 108
352 129
895 540
309 143
590 887
112 603
884 381
890 586
864 342
427 894
594 887
595 891
830 270
552 895
828 268
142 675
139 681
591 113
466 104
710 846
141 676
110 403
162 287
554 107
592 889
312 855
129 639
866 662
589 110
510 100
889 416
279 167
553 106
213 782
433 893
774 203
469 103
466 102
895 539
555 899
163 715
801 765
277 835
882 625
893 421
165 284
864 340
187 747
851 695
891 422
591 111
868 343
388 118
275 833
139 676
313 151
513 101
218 778
276 171
147 681
823 273
278 167
898 540
900 542
594 112
512 102
775 210
883 625
316 857
113 398
899 545
103 481
112 401
881 623
279 834
846 696
102 478
161 287
827 732
892 582
103 480
828 731
210 776
101 478
117 395
274 831
309 151
114 397
116 402
140 682
243 807
742 821
435 947
495 659
616 826
247 969
736 190
19 739
568 229
791 57
38 356
877 880
419 101
554 474
532 48
133 147
873 731
272 486
699 449
604 618
677 768
325 819
824 362
175 52
773 12
597 607
638 480
654 122
978 878
204 445
838 475
282 888
653 830
122 828
543 296
880 136
168 448
556 157
278 904
348 628
659 629
866 372
236 518
345 447
356 576
881 108
903 807
668 532
710 458
364 410
307 255
674 895
124 578
603 469
25 959
396 959
73 624
782 242
858 843
51 221
252 839
595 642
147 372
744 750
840 120
708 587
78 269
562 821
383 634
961 577
420 600
438 337
589 264
635 192
837 826
311 544
164 325
913 547
959 709
503 271
88 408
431 88
