10
15
-1000 -967
-999 -984
-998 -993
-997 -998
-993 -999
-905 -1000
982 -1000
998 -999
1000 -959
1000 967
999 998
992 1000
-928 1000
-987 999
-992 998
12
-1000 -902
-999 -980
-997 -996
-996 -997
-987 -1000
971 -1000
997 -996
1000 -992
1000 1000
-974 1000
-990 999
-999 996
12
-1000 -713
-999 -982
-998 -997
-993 -1000
987 -1000
1000 -997
1000 989
995 996
991 999
981 1000
-977 1000
-991 998
14
-1000 -962
-999 -988
-997 -991
-986 -1000
953 -1000
997 -999
1000 -965
1000 976
999 989
990 998
962 999
922 1000
-971 1000
-999 999
15
-1000 -968
-997 -999
-986 -1000
996 -1000
998 -998
1000 -993
1000 974
998 993
994 996
976 1000
-990 1000
-995 999
-997 992
-998 983
-999 961
13
-1000 -947
-998 -987
-996 -1000
975 -1000
997 -999
1000 -981
1000 954
999 992
996 996
982 999
881 1000
-995 1000
-999 997
15
-1000 -879
-998 -995
-995 -999
-963 -1000
993 -1000
997 -994
998 -991
1000 -984
1000 996
996 999
987 1000
-947 1000
-976 998
-993 995
-996 992
12
-1000 -928
-997 -986
-992 -995
-969 -999
-886 -1000
980 -1000
991 -999
1000 -998
1000 997
978 1000
-957 1000
-990 999
13
-1000 -933
-998 -1000
968 -1000
988 -999
998 -993
999 -991
1000 -971
1000 982
997 999
994 1000
-942 1000
-990 998
-998 990
12
-1000 -931
-999 -961
-997 -999
-945 -1000
998 -1000
999 -992
1000 -848
1000 988
998 991
994 994
950 1000
-975 1000
