9
16
-1000 -948
-999 -994
-995 -997
-988 -999
-984 -1000
995 -1000
998 -982
1000 -955
1000 954
997 981
996 984
990 997
969 1000
-952 1000
-979 998
-998 992
11
-1000 -892
-999 -931
-996 -1000
991 -1000
997 -998
1000 -972
1000 994
992 997
988 998
943 1000
-995 1000
15
-1000 -848
-999 -925
-996 -985
-987 -997
-974 -1000
909 -1000
988 -999
999 -998
1000 -977
1000 991
999 999
986 1000
-958 1000
-985 997
-999 992
14
-1000 -862
-999 -977
-996 -992
-992 -996
-970 -1000
998 -1000
999 -933
1000 -801
1000 945
998 979
996 984
988 1000
-899 1000
-999 999
12
-1000 -869
-996 -1000
968 -1000
987 -999
999 -995
1000 -916
1000 982
987 999
904 1000
-988 1000
-997 999
-999 993
11
-1000 -881
-999 -981
-995 -994
-991 -1000
997 -1000
1000 -954
1000 982
999 994
995 999
975 1000
-999 1000
13
-1000 -951
-996 -999
-831 -1000
839 -1000
972 -999
993 -997
1000 -983
1000 946
994 993
982 1000
-789 1000
-984 999
-999 996
14
-1000 -906
-999 -993
-997 -1000
969 -1000
984 -999
987 -998
999 -986
1000 -956
1000 988
999 996
998 1000
-981 1000
-991 997
-999 994
20
-1000 -866
-999 -964
-997 -982
-994 -994
-950 -998
-848 -1000
943 -1000
965 -999
993 -992
997 -988
998 -981
999 -948
1000 -909
1000 973
999 990
995 999
931 1000
-988 1000
-997 996
-999 991
