80
1 40 20
1 60 39
1 55 45
1 45 40
1 33 24
5 5 100
7 5 101
5 7 101
7 7 102
15 31 8
93 26 7
97 93 63
75 93 62
25 69 89
14 49 78
24 52 44
37 3 97
79 91 64
25 17 4
79 47 85
81 89 22
69 42 73
77 42 46
77 21 9
73 94 77
17 98 2
62 50 25
93 56 53
62 13 1
1 18 31
9 33 21
23 54 35
57 27 77
97 47 42
16 10 39
6 9 23
25 97 19
98 33 20
79 70 50
85 54 93
14 78 9
27 44 89
53 3 72
25 77 71
40 15 60
47 3 42
27 10 22
40 82 69
40 0 74
68 10 11
80 66 71
32 71 50
86 39 8
59 94 2
9 25 33
65 2 42
92 8 63
40 62 43
77 15 87
14 97 33
34 0 75
24 98 97
4 44 86
77 9 85
24 15 53
40 7 42
84 85 59
10 66 63
88 94 27
23 33 33
56 42 92
7 99 78
91 78 62
31 28 12
81 74 85
18 41 18
17 73 15
37 11 44
30 13 53
30 20 51
