2
27
870 996
832 998
65 999
-375 999
-477 999
-952 997
-989 975
-999 858
-1000 422
-1000 153
-999 -812
-997 -860
-989 -942
-944 -985
-769 -996
-673 -999
-196 -1000
837 -999
980 -985
988 -919
996 -809
998 -506
997 333
996 834
991 943
988 971
969 980
50
499 31
491 93
475 154
452 212
422 267
385 318
342 364
293 404
240 438
184 464
124 484
62 496
0 500
-62 496
-124 484
-184 464
-240 438
-293 404
-342 364
-385 318
-422 267
-452 212
-475 154
-491 93
-499 31
-499 -31
-491 -93
-475 -154
-452 -212
-422 -267
-385 -318
-342 -364
-293 -404
-240 -438
-184 -464
-124 -484
-62 -496
0 -500
62 -496
124 -484
184 -464
240 -438
293 -404
342 -364
385 -318
422 -267
452 -212
475 -154
491 -93
499 -31
