4
119 2764
23 21 729223
62 49 543253
71 108 59492
113 86 362224
74 32 403510
68 100 121718
82 99 205883
30 101 963765
104 100 316662
82 40 607402
102 40 27405
23 53 792474
11 22 23606
96 80 350154
118 10 570435
98 42 183393
77 52 888067
50 83 649480
30 80 900467
81 42 29217
36 16 403542
43 38 321118
2 39 298186
63 15 153828
79 4 412980
44 92 793849
89 40 896952
36 89 963820
86 109 863700
68 71 506414
89 97 13368
31 21 263960
17 13 153932
24 75 294427
110 35 324029
60 77 428937
99 9 849582
60 14 436058
49 98 923000
119 96 955511
88 109 907914
108 31 697787
111 119 785845
66 84 544083
91 52 715300
40 102 680365
69 73 58734
119 34 474216
98 112 775508
65 41 595333
55 1 997155
85 86 385967
76 67 608607
31 38 960180
83 77 724462
56 64 434033
9 60 509538
21 50 504748
64 28 455661
106 84 362085
116 19 692774
105 94 204897
85 50 535569
2 81 410323
10 35 376
49 90 270794
45 90 116297
45 101 879073
69 45 797715
86 31 617226
15 27 612330
63 12 805357
68 87 921626
21 89 464527
1 89 777832
49 18 333081
32 54 53375
74 89 110464
37 30 978562
19 106 433178
93 1 585994
48 63 434166
106 11 880010
76 22 15782
7 23 350717
73 62 92923
109 84 192786
116 29 159843
104 65 498840
8 84 181790
62 48 87129
15 96 874926
98 73 299133
20 29 378968
22 26 41104
103 98 769565
82 87 867848
97 74 452249
81 49 918192
94 57 63392
84 109 505074
65 4 371918
117 92 985633
51 112 784196
117 5 715781
86 107 590923
116 60 709998
101 37 675438
114 108 565000
31 96 835798
21 57 782447
15 104 120373
107 104 757432
90 13 773457
94 57 830586
72 79 173630
12 60 384522
40 114 80365
28 88 694400
101 110 371827
9 2 554326
101 16 625095
61 113 714199
63 83 71147
72 48 176578
38 110 356580
119 113 279283
54 33 877423
103 51 40562
95 23 110004
55 23 795617
81 114 729125
82 55 545438
58 118 82795
56 61 594762
93 98 453788
98 97 858584
25 23 994210
65 6 675562
64 91 427974
63 27 570890
44 98 919461
50 51 110411
41 108 901172
105 45 65200
97 9 949432
71 97 243850
38 2 332974
37 66 813521
78 10 863538
22 63 887556
98 107 923548
49 28 629312
54 59 719047
40 44 780250
94 13 989499
118 74 219725
119 112 750210
14 29 974728
33 97 933840
14 118 737551
22 87 214180
51 34 329634
110 58 964826
25 108 665217
28 47 347744
102 91 757768
85 8 533469
113 100 122690
94 71 96128
115 39 310307
112 45 403158
17 96 805808
65 67 548531
53 4 805420
99 57 655296
61 101 68269
59 29 525009
39 109 181749
112 83 139046
110 69 584697
13 52 109608
76 69 480505
111 5 816226
60 49 817164
19 28 682198
79 80 304999
95 10 977620
105 49 289283
67 32 660042
109 22 979267
52 34 994468
49 100 147873
4 91 568053
25 23 196533
50 32 964335
113 111 538556
38 77 336503
110 53 782915
53 1 720017
77 100 243937
42 33 181332
49 72 935361
115 75 311829
75 99 859268
75 20 415801
102 13 636722
71 50 590299
58 41 834246
76 93 517606
14 41 328480
84 73 818861
60 2 131060
16 116 745581
53 63 995002
104 18 180133
67 110 499525
21 52 774526
42 109 15461
116 56 478908
62 61 857613
108 25 130841
66 84 809413
87 90 41199
62 24 394253
17 8 97811
111 74 116207
89 85 987996
6 117 566033
74 105 633231
105 47 425960
67 35 704508
93 92 650205
111 50 198413
6 111 177311
74 119 446167
39 110 937133
96 79 286930
84 75 634912
62 20 782621
87 6 764014
61 63 423921
42 27 581204
107 18 883274
23 24 559360
72 97 153518
119 7 813177
102 93 554213
59 58 151151
114 119 652157
45 86 19785
13 19 111647
15 60 607641
91 38 284473
96 60 216047
84 3 796615
71 112 123988
39 94 863427
76 24 970225
60 19 43118
55 53 296181
64 114 909351
115 74 620077
33 43 214077
93 34 367435
86 113 190663
79 70 310714
44 119 501330
68 98 359448
86 67 353370
20 2 883428
85 57 41484
45 52 807181
78 84 373702
87 48 639917
51 15 702747
86 84 922268
32 8 488864
53 75 58388
5 32 671029
10 51 999004
67 16 772520
109 52 451574
97 10 359808
8 87 497382
72 18 71121
119 95 104196
117 7 209739
105 50 41289
71 54 313245
103 54 681591
8 111 442509
89 100 505348
101 78 522889
69 76 709208
85 19 915387
105 19 364793
90 7 884491
73 111 459458
11 53 965493
91 27 755965
94 25 263357
112 113 496449
53 86 811476
3 26 582139
21 110 932004
65 87 80168
76 57 981603
92 10 92468
30 11 20206
20 93 403141
55 58 272980
80 50 918596
77 93 791561
23 86 251682
45 106 312694
85 42 45716
15 117 71296
70 81 599172
107 101 186984
68 1 147977
64 55 712797
75 7 774896
71 83 905029
24 97 593380
12 22 65508
91 97 753152
27 111 537455
1 52 786557
103 39 992619
87 106 121134
36 41 928065
41 106 676770
87 58 896401
105 81 914784
90 83 281354
60 54 960818
72 71 549695
73 71 513235
25 54 976609
78 13 960022
12 48 866614
101 88 518420
78 55 317684
9 41 55966
36 2 534002
84 61 548135
100 5 660430
107 77 942184
37 92 992566
5 50 998561
60 52 624497
36 34 99523
117 102 682181
9 110 310205
91 26 60622
8 100 515292
98 80 911013
12 58 301592
97 94 473585
116 89 452316
74 98 800018
98 17 868776
80 110 771570
61 105 730329
86 102 255794
66 40 813040
17 101 547068
74 101 223279
39 82 892056
8 104 75745
27 50 883930
90 19 791638
23 90 897878
73 31 830674
95 108 824092
5 45 332801
12 62 268874
13 7 506538
118 46 734139
92 44 414054
94 71 936533
75 32 580463
63 54 673786
41 118 457197
114 93 613391
42 97 483006
8 99 992736
75 111 335843
113 110 903631
114 73 262052
82 48 693487
107 113 481601
23 56 527875
28 87 603877
55 72 956288
69 104 840901
9 112 587107
10 67 741975
9 51 45134
43 37 388639
2 118 364587
31 96 340555
92 119 140884
78 18 663451
62 72 738930
10 22 191411
63 21 870048
86 22 560066
101 21 768003
106 63 260700
56 65 419507
52 95 213660
42 58 739974
68 16 672234
62 68 951283
118 77 739569
30 11 520097
63 97 769249
33 78 855572
45 56 682696
93 111 545377
11 34 104397
34 75 390411
37 15 898591
58 67 749163
23 65 382064
118 85 187248
115 28 235471
14 52 785059
43 96 881144
25 70 945069
52 71 825068
55 104 378049
116 13 744894
64 61 105406
70 74 198514
25 64 215628
110 59 543149
34 64 224789
36 97 61254
93 2 796892
13 54 367561
77 108 986919
96 95 943997
1 30 394676
91 100 290237
7 115 402954
117 96 252923
8 11 609391
78 46 327929
116 11 607586
94 14 993737
24 90 107130
49 57 338177
76 48 101818
45 19 147217
88 16 856437
65 5 449428
92 12 128958
63 90 712789
12 77 565711
63 51 665496
48 66 320861
3 105 909852
62 61 210068
23 106 843264
82 65 491603
9 1 403415
23 93 638200
46 36 388043
115 38 263253
66 91 28018
31 19 49897
76 22 348513
49 74 867862
70 87 518972
110 50 592079
37 49 490137
87 62 982419
29 108 194667
52 94 938459
31 41 854082
43 62 935274
10 9 289163
72 48 770277
76 118 480435
56 99 83204
101 16 435020
27 93 534368
45 2 477500
89 44 9908
43 66 213655
88 108 237884
23 109 436159
98 61 201980
118 8 778117
97 64 491482
6 45 866381
74 71 306228
84 106 965574
82 66 748815
45 100 402850
49 68 988400
113 81 39010
49 50 935896
41 39 63270
13 17 423753
92 22 642127
49 95 692176
98 59 556318
29 12 461924
105 57 831099
17 105 550629
19 89 72139
53 60 197228
91 110 12276
107 94 835157
10 4 40770
95 93 552610
35 41 546376
46 45 288955
93 29 950736
78 71 600916
48 74 806457
56 7 464246
105 97 185304
37 76 330114
61 76 633403
4 51 628868
36 76 180650
96 113 227059
13 86 104566
66 45 49053
9 83 65678
80 19 250741
82 4 78312
74 32 847963
40 92 767968
111 86 455733
36 2 955808
1 88 151983
111 101 391655
20 38 150427
118 47 753642
42 117 877947
91 79 236923
108 33 842844
82 63 47219
11 54 890817
101 89 926249
29 80 699888
68 71 17042
65 81 861150
106 79 800422
110 111 706723
5 82 11594
22 71 933042
61 24 284828
63 34 733060
31 7 873899
111 26 437052
32 84 616871
52 30 66979
110 16 803722
86 117 409131
59 2 650296
110 14 638234
114 74 609980
20 17 309431
17 39 418779
42 22 744366
116 67 603346
26 73 839828
33 29 876730
30 96 620355
31 117 891924
35 79 96535
99 65 585973
106 84 324822
15 91 937569
26 4 987368
68 119 170389
43 17 936740
8 49 990460
58 78 453311
39 99 599161
11 14 383244
38 103 388234
10 80 43154
117 85 595462
24 111 615914
72 50 52435
58 83 752587
116 90 32238
84 20 912849
19 49 130237
61 59 240681
71 87 561877
18 96 220156
38 93 524948
30 108 411384
24 51 140181
18 109 314683
19 96 291071
68 51 946073
66 60 900043
43 1 561258
24 63 26250
98 80 364641
13 108 933954
13 18 155407
3 42 532719
25 50 752629
20 60 235524
86 8 488217
43 65 480368
48 98 327491
112 113 896476
16 91 608261
6 104 505999
79 116 701505
31 109 810691
24 15 918695
116 25 261752
74 101 388451
74 24 211639
15 71 377904
75 55 127927
69 61 539936
23 66 317733
84 25 535322
35 46 87734
27 60 147854
69 56 30364
50 11 26334
21 75 114540
65 89 195025
79 35 829045
94 103 559202
72 116 266488
25 72 368504
93 106 569714
23 14 886482
76 82 587790
35 3 425512
84 24 887864
29 79 487919
44 38 553165
104 4 980079
105 66 376919
52 91 766037
14 55 848937
22 68 469012
90 25 512253
85 50 789467
90 14 172753
41 33 873749
72 76 786709
19 51 72265
50 36 237648
86 87 116941
66 101 278169
32 113 292715
11 74 824783
62 39 421089
115 119 624318
64 32 549011
91 103 906542
27 112 525957
77 42 999159
82 119 559933
49 65 125837
70 87 266584
40 97 352305
25 39 3491
68 25 645655
107 79 166659
59 41 570773
86 59 443867
36 16 733313
22 97 848735
85 26 72521
1 95 253607
29 7 377356
3 31 956020
16 90 295418
19 68 51949
44 7 615715
61 83 289775
53 110 146394
96 12 423219
9 87 269894
97 87 448235
32 106 250957
64 109 535546
98 72 707944
37 108 434452
43 56 248084
6 62 21935
115 92 12746
117 90 884995
75 104 829765
33 93 544494
20 80 152930
119 88 717385
114 57 93610
118 93 5431
46 16 565670
25 12 415683
57 118 928441
56 106 864417
64 62 586638
48 85 273445
55 104 211209
6 94 200870
63 88 429971
72 77 613327
60 3 574739
94 28 637184
79 84 665121
27 21 129060
55 75 567382
67 113 810285
52 49 730015
117 45 76823
21 98 31504
110 50 302003
43 100 839121
102 74 923647
53 24 544811
112 50 264413
29 95 451096
8 42 450976
71 94 324899
100 91 225794
113 111 871044
77 92 870612
68 49 286325
14 119 562121
37 25 503037
78 61 89364
44 52 759425
86 36 239770
60 69 450130
22 18 737311
4 64 88700
87 23 225739
84 91 234603
63 95 167113
85 3 160785
90 71 418869
4 115 644400
45 72 353610
27 12 871367
109 24 131269
57 18 262215
71 104 263771
92 59 11605
42 2 823151
101 77 356942
56 47 606455
62 42 731828
119 77 130140
92 94 774266
6 75 391381
55 12 663830
31 82 724504
39 45 221116
118 86 956340
54 58 975946
111 104 815672
110 46 81235
96 45 15707
33 9 375210
101 14 609872
63 59 973356
34 90 554361
109 119 94979
114 108 829810
1 42 958672
75 24 609643
68 6 234297
101 92 477031
92 5 691456
48 96 781642
87 31 362506
119 64 728965
113 44 144790
33 38 621585
35 84 445113
49 113 292110
54 69 220342
26 61 680632
31 51 516131
7 55 477853
37 108 412930
92 3 902367
16 7 3135
45 8 450064
74 33 855664
49 82 870906
101 16 636797
6 33 363366
112 54 814094
36 51 530112
37 79 641339
28 51 481530
21 57 982862
29 101 622131
66 46 276604
58 95 548261
44 67 468357
80 72 163842
66 64 503855
84 90 455747
47 117 862000
98 25 234869
33 36 382776
101 65 729534
40 11 688932
3 60 222433
55 103 654851
105 54 173823
68 110 9036
75 74 676620
14 111 138075
21 90 839034
79 3 165511
65 94 636993
32 6 219895
36 8 253527
15 53 125147
60 39 471551
48 97 172456
99 53 41955
102 57 126513
111 68 583819
16 27 379051
67 91 44126
62 114 684823
68 30 94097
5 45 336561
35 104 396922
8 33 922669
81 3 450361
109 105 435744
9 96 740818
117 103 600450
99 41 430121
55 102 443011
17 42 844403
104 46 373082
116 81 683898
47 79 983376
66 41 764199
17 21 219339
16 29 3222
73 26 954880
46 5 239824
92 50 11398
22 66 5849
92 42 993055
95 38 98161
74 76 309069
85 22 798235
90 29 123965
88 35 929123
45 107 313879
104 25 657283
84 107 3461
38 10 37234
32 101 885404
63 67 368179
55 13 882479
117 97 383677
81 58 322133
75 27 617240
96 62 42517
6 47 198415
38 2 515054
1 30 951795
21 62 353041
81 5 91873
15 87 444831
112 25 461376
50 93 601886
67 76 187871
10 37 87734
47 23 161231
48 106 238189
78 79 352380
11 15 351974
6 17 236099
56 32 2701
85 15 669332
85 55 658095
30 3 296801
62 3 978023
99 49 857660
55 87 285054
2 36 664242
88 46 396470
7 52 736923
96 98 478620
25 64 968496
97 29 806190
14 49 677850
6 111 777591
25 90 344136
76 25 835231
94 17 971744
72 95 808927
63 102 664055
62 69 763647
92 84 68886
17 52 557499
116 65 831372
88 61 111078
54 86 967998
67 33 596068
30 7 717122
29 69 716245
73 4 429057
40 65 91656
95 38 255800
95 54 558114
113 41 689398
61 10 430098
119 63 790942
29 1 629589
64 22 231093
115 50 259694
23 113 628215
23 33 589930
83 118 107105
107 93 180939
63 87 617623
66 19 62301
11 19 841620
40 38 299715
84 101 271817
15 87 762373
5 101 63957
8 114 356975
57 77 405074
24 55 309842
35 109 628779
87 55 709608
29 65 663405
15 96 974520
2 60 755372
119 74 239434
48 78 626599
88 76 862275
33 4 554468
86 27 442627
112 62 117568
97 29 235984
91 58 777030
112 63 15294
42 55 613069
63 55 285095
51 93 807417
21 61 808251
95 84 426580
7 41 736806
84 34 952570
31 2 691494
24 92 532231
72 75 832752
105 116 376418
60 50 951399
88 100 352771
65 111 611787
109 86 601772
38 84 727801
112 48 299714
119 70 978994
35 93 442544
119 45 386472
27 21 301649
99 71 943446
107 39 67648
87 94 300855
119 84 988987
107 112 235569
16 104 450523
68 94 300471
2 9 505045
18 118 357626
108 25 389859
66 5 214812
82 111 117579
60 69 421928
30 69 452462
77 47 119408
87 62 675923
17 1 74576
16 2 39565
98 10 103119
87 117 614343
96 63 949653
56 16 576800
45 75 848554
9 96 893054
55 53 312071
85 11 317053
98 19 724065
77 34 28452
64 4 672757
40 90 559803
32 58 23942
19 113 492267
107 39 65130
26 38 527032
12 92 899664
36 57 418594
111 27 534345
59 103 63739
7 38 511819
75 68 236210
29 100 626771
28 109 414665
50 97 717469
10 3 473463
65 5 135108
44 40 854517
34 23 307611
32 72 52614
55 78 678146
81 33 770973
60 53 461790
95 71 732953
5 1 161260
63 2 627969
39 66 509781
98 110 635120
85 15 804685
98 46 291597
85 101 91603
109 53 877461
81 112 758028
34 88 240894
86 92 334677
115 27 104507
27 65 593767
53 34 734823
119 118 429917
79 87 729745
110 52 730750
91 41 428398
95 3 575249
23 27 830779
30 103 576948
19 98 80279
10 115 781530
75 48 332162
112 39 619393
53 117 434483
39 108 346395
108 70 33276
119 45 782449
113 67 539352
76 87 69641
2 96 50927
73 105 111178
80 60 760174
112 43 633035
24 95 50797
22 6 821407
62 113 520116
33 112 57088
116 105 673998
97 52 160795
70 53 335803
3 116 819882
50 77 723148
17 69 780425
21 83 937979
14 104 409204
114 38 441201
36 70 978719
2 58 597007
25 26 126842
6 87 177877
92 89 314036
35 20 833202
28 27 67536
73 38 636429
85 52 490717
92 37 976793
102 64 644284
85 56 275639
45 81 410209
57 77 633985
2 40 514245
53 74 645815
53 102 788868
112 46 609143
24 2 124731
22 94 706094
57 67 873348
34 23 167228
67 68 294434
117 5 415760
15 116 383362
2 40 533471
117 92 589236
12 75 331081
63 90 213335
37 111 161555
38 49 100589
103 73 558212
95 20 98725
48 9 398026
68 23 117639
9 15 120655
24 4 723925
11 15 511334
35 68 635664
61 95 587631
60 13 376730
117 115 647245
77 81 191166
95 9 418702
117 68 996541
16 76 922574
64 90 358969
76 101 610945
35 7 287644
91 67 513796
20 118 511847
98 106 671495
10 63 159969
61 29 788052
110 26 971505
63 32 126393
31 86 269833
111 43 507414
78 77 170216
111 39 987924
1 50 154798
13 28 255074
11 29 363315
99 80 578245
59 70 297889
85 5 156237
68 26 273944
22 17 374933
66 85 970538
117 77 696422
107 68 172920
94 80 744057
59 90 122484
85 61 466663
12 119 227999
91 84 886681
74 33 881634
23 45 88179
5 110 117259
54 108 772871
22 86 52458
40 51 500570
76 109 272350
21 66 76821
45 77 185683
10 39 86792
90 103 906541
75 6 914762
77 1 618869
36 45 705428
70 67 678715
44 97 177175
96 53 972235
110 73 943560
65 108 669395
1 108 480332
21 69 16257
63 25 583815
31 101 557940
99 17 941871
27 78 948383
40 2 234043
103 88 59259
28 79 62866
27 15 711526
93 7 716886
79 27 998329
48 80 953842
13 101 638899
89 80 719813
91 106 969456
39 26 440285
84 1 632870
52 28 852263
84 46 175284
103 19 787616
102 88 292402
51 7 79831
23 20 581015
87 99 931176
49 70 835739
69 109 973420
91 64 521392
72 106 484593
12 70 290231
67 54 640404
10 36 499090
97 86 915251
17 100 923644
38 67 147616
19 106 496335
96 56 950886
71 18 228960
37 89 422519
31 91 594430
60 38 972569
108 38 757469
116 16 496516
11 23 627198
35 51 821117
38 60 281735
111 37 494858
36 98 417123
33 7 197751
8 28 172652
52 87 549813
30 76 116851
43 63 682518
5 73 326644
66 107 179301
75 16 138958
61 118 557707
111 34 892615
50 58 214128
77 65 974135
66 116 979218
92 26 386133
37 59 693969
98 64 817976
63 1 714501
78 75 14808
33 16 247934
16 117 332060
87 38 528850
45 105 260822
30 42 155109
92 15 151575
111 42 40393
72 21 834429
97 83 677232
108 41 873568
7 73 705169
23 79 215950
64 46 823031
51 90 724164
94 110 91998
13 83 476347
68 65 26765
71 17 393064
119 113 450944
48 93 863353
43 99 769248
45 113 726337
35 57 143584
53 107 751470
57 72 524127
103 85 440774
34 33 887543
7 94 558403
110 84 304032
48 3 322580
26 46 661558
68 81 52546
60 115 343956
106 39 580989
105 96 24468
95 79 345852
38 112 696716
37 110 117452
61 91 991544
60 20 963519
42 45 906945
113 103 76046
49 43 170419
50 21 529447
29 6 877292
71 91 822304
78 1 840829
108 37 959632
103 97 120832
62 28 742667
24 69 721193
21 53 309307
99 101 749695
34 31 702294
17 51 434925
86 112 955361
114 71 220729
117 50 118571
109 34 723641
73 86 339971
56 100 806491
75 2 784760
68 91 810969
112 5 261779
49 13 718177
110 98 204630
14 84 66990
38 81 34676
97 70 708786
6 15 80863
61 70 630779
65 16 265477
113 83 93707
15 67 769535
66 115 822408
39 96 162321
114 100 611576
22 9 11002
98 106 836582
79 111 209148
26 43 387718
64 107 577131
103 92 119399
113 106 764215
119 43 213873
8 72 419649
105 66 336903
47 87 219069
60 65 701068
15 24 506541
102 41 491810
3 104 979717
39 88 238670
38 72 112341
94 62 346156
8 70 174643
17 46 318784
6 93 329215
114 24 756965
80 38 827169
28 12 620691
27 14 768309
115 52 51850
55 80 565020
101 45 593707
60 52 476669
91 68 376226
68 65 420306
12 50 103558
12 2 778914
27 29 139171
81 56 604750
111 42 752780
100 96 219013
33 77 251309
27 9 96246
81 99 657118
70 47 270829
15 58 705503
102 70 145854
107 96 614774
115 48 120425
8 31 642523
71 11 452442
86 34 629817
18 60 69861
1 21 463568
33 82 97017
20 87 815775
38 69 409509
66 56 705388
113 42 324102
97 49 66664
112 1 952219
104 77 62137
45 94 22830
112 85 794612
40 118 302766
4 9 451245
35 37 376310
117 102 340523
47 86 999405
25 54 990411
32 47 549967
41 22 897085
84 57 315779
49 41 902292
43 71 313743
101 74 820960
6 100 162149
90 97 483163
110 16 398776
43 40 62115
25 62 83000
117 103 462928
48 58 831714
54 106 259220
25 20 725365
105 111 327166
64 117 913100
60 87 376323
28 68 938575
82 110 440309
71 16 980893
96 4 963488
15 42 482935
110 95 78415
116 111 28187
83 87 184074
114 31 964615
6 81 295176
104 109 999927
90 62 110976
114 13 102382
81 109 524111
31 4 789598
29 104 214623
4 101 217828
118 55 629308
104 40 237318
78 36 269416
19 11 692411
18 100 421430
117 95 518589
113 47 99590
112 69 627360
33 97 449966
40 92 310274
38 90 482705
3 74 778072
109 32 142178
57 41 918641
95 49 78741
84 46 546433
77 39 851665
50 22 925221
18 46 282739
89 85 2632
13 114 629439
110 107 863585
118 96 153332
42 24 342911
86 118 432248
111 83 15966
102 31 229152
21 81 595914
7 98 389499
81 58 857233
8 70 733294
15 51 130637
95 40 319285
78 72 52299
101 38 54795
44 30 231849
24 3 618401
33 14 346745
63 21 44240
11 92 160851
34 91 39555
51 96 646704
46 72 793073
18 30 620839
5 3 564995
109 37 187928
48 51 552422
8 74 26495
49 18 535366
58 19 361773
116 52 508348
4 93 604529
53 19 513899
30 37 422493
70 41 673222
19 21 181981
116 68 513790
96 66 381450
81 105 897225
77 35 450614
46 31 931553
95 25 73335
2 77 490244
90 98 534269
89 39 741356
80 57 715355
99 53 655410
50 20 696274
74 101 701042
106 58 713955
28 94 412215
111 70 319025
48 62 597439
3 33 556883
105 2 334547
118 72 11777
24 52 743796
115 92 115730
34 46 670424
58 23 943243
106 50 812313
66 32 753276
50 79 919716
101 72 792828
12 48 827808
79 38 181526
84 61 68665
21 56 486663
88 90 333321
8 19 989511
96 5 938550
39 61 111990
42 101 99517
106 83 875022
84 94 489127
53 76 201966
104 40 337744
40 86 105602
10 58 60236
19 43 958112
15 68 668300
75 14 648115
57 20 547645
11 107 756355
95 113 792873
19 37 43619
18 21 363030
28 51 169102
6 52 824847
102 70 470101
55 84 86609
37 31 298753
69 78 643118
79 88 862504
52 54 87368
60 63 511769
16 80 690483
11 107 612652
82 104 914411
92 86 645335
17 13 466041
9 49 511351
5 109 807423
21 68 254728
6 110 864804
103 42 931283
108 57 688833
5 67 958847
72 29 879629
70 112 511414
19 9 295962
34 8 417924
87 3 558117
81 24 231482
51 20 227077
57 4 370479
15 111 672602
43 116 529179
50 68 592960
50 9 237846
8 19 417586
87 52 218788
96 10 972908
94 90 323064
40 13 131759
87 69 2711
46 74 931336
71 107 157173
33 38 776521
15 78 703791
108 76 100668
72 44 433193
52 20 245420
26 105 312069
22 16 920570
29 102 452079
39 29 321526
32 90 734095
11 113 648633
58 119 977472
104 98 199320
58 51 642844
54 102 725967
59 118 6804
26 21 233188
5 40 148549
52 70 123364
53 92 830235
33 102 831044
49 31 202399
24 6 698497
66 63 736922
31 107 52813
7 38 619079
78 54 275134
55 59 669088
5 110 287300
84 35 610161
14 67 278492
56 106 68812
98 2 717617
109 67 325572
60 97 842223
103 95 512988
17 53 649935
70 98 689986
35 93 601571
59 57 189862
56 70 221658
17 7 861943
17 95 571837
14 84 67011
65 24 506661
94 117 616752
41 6 887735
41 75 585503
91 100 858602
12 31 346749
86 77 363824
89 93 773576
78 100 262051
69 105 44097
116 50 372987
22 24 301534
13 55 448815
48 95 606315
61 66 926771
56 68 246537
99 25 143070
84 113 411213
74 63 152481
40 12 568139
88 118 16462
23 21 823320
74 24 534404
11 71 799649
13 12 309039
106 59 664146
110 29 87533
62 112 768155
106 67 117009
12 97 156876
12 56 20174
62 78 664508
15 23 255685
14 33 165086
98 37 494567
119 14 102728
89 115 369021
84 57 140919
72 35 675644
113 37 784303
37 48 478288
78 109 163291
12 115 624491
79 119 827056
97 88 377299
109 87 201990
69 57 64018
40 21 622804
3 83 805911
23 67 249468
20 94 554317
63 43 704217
65 45 71542
90 4 674344
10 92 344975
85 81 908825
54 22 513688
10 61 279800
13 54 458963
50 76 200889
4 86 146101
115 29 831125
88 94 953171
56 55 735221
14 64 891415
59 29 883615
72 73 363605
21 82 184053
101 94 485877
15 24 977424
115 18 926644
60 5 328177
48 83 861664
81 20 151596
108 24 25028
107 83 342906
58 35 339923
31 46 596450
54 27 218936
12 33 45997
26 19 327098
16 78 100205
25 117 102238
118 78 404737
27 66 682045
109 44 795489
91 101 170245
26 3 803649
43 57 491851
26 59 693815
23 84 643133
37 90 969554
47 114 20553
20 112 749301
12 10 923722
18 118 435230
116 80 651087
110 106 483955
40 29 568829
107 45 940642
77 67 60465
66 104 854943
4 22 168602
49 41 895811
96 1 694148
86 94 854799
46 49 702047
32 7 836590
52 12 979336
96 75 815897
35 94 811942
19 74 777540
31 48 763690
71 15 15492
3 102 707367
62 59 834471
109 104 129013
27 8 423862
94 59 287538
30 26 91856
33 60 472990
101 69 709066
35 99 146447
17 41 963287
50 43 484641
83 96 43977
81 76 940542
8 102 295639
61 76 67313
7 96 367401
18 9 23877
3 100 842547
52 15 772654
29 22 9123
12 71 913641
96 25 696709
119 105 213125
118 104 164935
114 45 421433
50 51 445601
11 59 86041
13 61 638340
75 103 912743
117 4 672937
71 15 967119
58 102 986301
22 92 597659
60 81 930204
72 76 407797
31 6 834329
85 7 301653
29 10 799112
73 85 35769
3 73 190776
64 15 194715
77 72 81281
115 93 861746
1 25 509357
118 96 319751
32 117 360241
116 82 30931
12 111 839345
78 64 144382
8 57 235047
61 1 636814
119 69 779676
40 64 327636
52 64 42876
26 53 573978
66 84 858726
111 72 859073
43 74 661058
104 32 419373
1 39 46760
54 82 225423
3 9 192249
66 38 20821
1 72 875100
44 83 565482
9 90 616103
71 60 697655
25 12 134903
56 18 716532
94 80 49560
74 15 535754
43 8 801622
61 65 911478
2 65 64210
78 109 790919
101 108 376353
116 59 337212
45 83 475479
77 10 549471
109 103 670221
112 48 7126
68 91 238708
32 23 55267
25 24 756541
80 92 181909
107 74 634537
95 61 264764
15 105 306346
57 62 940975
116 51 850400
117 34 858144
14 92 705983
37 5 618869
115 20 584918
19 90 544638
14 77 514453
115 43 143170
37 49 644795
22 105 121526
26 92 322598
114 89 297572
20 102 65847
8 10 945398
17 115 331350
41 6 320616
37 19 704114
97 14 374549
98 50 669131
84 63 579691
3 79 172051
82 73 632783
76 92 452662
43 90 870393
4 107 490300
95 19 36218
36 46 206408
45 23 151758
96 1 653385
76 75 17633
32 77 701829
88 30 72724
95 106 955757
85 20 605968
76 14 642224
62 99 649443
53 16 204966
62 51 790541
75 27 98393
19 93 773316
16 5 420483
91 83 911547
119 58 544080
111 24 383928
73 99 860137
22 32 336759
99 84 650763
102 17 22614
118 91 794156
15 101 667223
87 107 221505
6 70 661756
64 60 588055
100 51 485766
35 4 225282
94 16 296902
14 105 736843
58 78 784216
34 76 74426
35 81 260858
1 48 910200
89 44 207927
22 99 743114
3 79 987871
7 104 548163
100 79 582567
96 92 740523
56 30 743350
32 63 897938
33 119 987826
80 17 438947
115 94 68176
94 111 285459
44 60 504859
28 114 949540
97 64 691122
60 118 685898
81 3 981241
15 83 351010
94 115 981636
54 66 38813
94 61 820268
35 26 344836
89 69 373627
29 88 466932
51 56 626451
57 116 526492
110 68 202587
65 82 776619
109 57 653331
33 110 744582
74 84 955240
89 110 29315
87 79 192158
16 98 468973
58 20 577662
44 77 814639
19 58 156534
107 3 348217
39 103 631543
76 16 27041
51 81 973659
77 41 539571
18 118 42940
10 14 988624
80 62 326164
87 96 263032
80 106 1478
22 93 522742
45 13 177834
115 79 464741
56 1 422274
72 77 387052
69 95 220264
16 95 811886
52 47 628851
116 14 781255
119 93 828295
60 114 972557
113 30 507010
31 25 568632
74 81 934710
69 24 560481
104 84 991613
19 90 936615
67 22 864458
48 9 385508
115 8 798051
59 58 807678
95 52 246251
6 73 261666
114 18 397314
113 86 626853
61 70 6206
93 89 578312
92 27 848145
27 65 174574
85 60 787924
108 118 238730
116 84 500676
43 89 300652
105 84 70694
119 68 265779
29 119 272958
21 84 312495
103 56 745331
79 74 167612
54 30 393297
36 18 734327
76 5 163260
48 39 219807
74 15 472601
117 15 372703
7 43 480592
77 54 336938
106 29 845651
43 98 903891
34 32 897165
76 67 139877
117 24 439702
113 62 559244
78 17 276520
109 5 505194
88 12 872119
57 79 383500
110 65 134001
90 98 4470
33 4 136776
115 79 867899
96 67 403863
73 60 794399
87 10 307455
6 118 562780
40 77 826151
116 5 370526
118 105 508399
37 75 985102
36 107 517301
74 94 981940
51 70 113347
42 14 107483
95 101 667804
35 106 299614
99 18 375615
55 14 376399
80 12 155254
42 40 557832
92 75 4373
17 20 392043
11 71 377070
72 112 399154
74 78 533892
75 113 574155
75 92 25135
22 19 275302
84 89 191805
22 11 457699
25 93 44750
15 100 122437
90 111 558659
115 63 757278
25 17 512691
36 92 165058
24 38 760806
38 50 158788
47 15 729529
68 36 981429
9 60 415939
15 65 550361
41 35 882985
17 21 559861
87 37 655769
116 72 387567
18 86 54869
12 4 516937
15 41 666522
107 109 175229
90 117 600889
37 13 947875
75 53 640932
113 60 57131
86 19 111976
66 15 823007
9 32 829786
99 35 608391
9 49 499531
44 36 662307
104 116 70769
105 25 802369
42 99 979544
4 84 677304
97 41 652927
107 97 935455
60 105 689946
98 84 193556
11 83 121424
84 117 686728
26 93 419950
76 69 704326
10 101 606568
115 104 526011
33 82 22516
87 69 268203
28 10 166990
119 107 773745
6 118 121756
60 73 393898
22 98 765398
100 55 353497
82 64 622421
35 51 729453
80 74 215372
37 32 224857
90 59 580913
9 49 113325
112 54 946836
60 114 580976
115 7 678052
15 97 341535
111 51 373793
60 85 270722
112 37 193273
8 73 310725
73 44 74883
28 43 175694
80 27 323063
3 86 154767
107 72 873885
80 86 384013
89 68 905830
43 8 45903
28 110 846593
96 117 846767
67 61 314628
96 79 933517
46 31 477177
59 33 583716
47 20 647031
42 91 432519
15 51 293676
28 93 885626
16 112 421469
31 88 632930
119 35 744863
112 2 370886
29 48 591618
91 97 353895
110 24 271396
63 66 22173
101 71 947760
78 98 938300
62 105 264516
28 16 636032
110 6 363572
5 118 522019
98 27 803417
102 109 47181
10 90 924429
48 34 792694
47 15 35988
106 84 592845
2 26 509166
8 53 631543
102 34 806744
101 30 382099
93 8 774772
13 101 978292
29 101 60022
69 29 699695
45 67 813477
83 44 211396
99 45 779077
91 44 970691
89 17 419169
84 108 869372
68 82 208537
79 94 511930
69 4 166149
21 63 958940
6 107 912477
116 70 490871
70 40 148772
41 2 667049
56 82 165381
104 46 523692
62 105 263999
18 64 222422
66 4 446142
95 25 859587
33 21 255451
29 17 702424
68 78 793352
23 118 521046
22 54 33402
36 38 653515
39 90 279834
114 99 654427
99 79 149107
114 66 158582
16 31 80534
32 65 526060
109 11 120358
99 69 381704
24 88 808430
53 34 275200
23 75 5967
2 51 475508
46 22 391191
56 16 682812
99 31 229883
41 63 995729
51 43 38575
83 13 635170
17 37 265166
96 80 65029
95 102 144724
80 95 395198
108 12 950312
87 68 279571
12 38 371466
77 78 63298
88 9 736226
100 91 610695
61 98 266178
109 75 994941
54 41 736819
74 1 255051
16 100 648207
98 58 98096
67 70 763300
76 18 208000
19 105 990961
115 76 199834
95 17 765380
111 117 463323
78 51 117918
27 115 702429
62 2 725066
47 84 851879
107 97 316580
6 59 844579
110 30 592451
58 83 983721
74 114 124816
62 91 777203
104 108 682760
99 117 327016
101 106 135830
71 34 559091
108 21 745651
102 26 140211
105 8 42082
94 65 143787
58 10 527223
4 72 373981
27 56 855009
76 26 38464
59 117 463337
20 60 14284
56 48 55386
68 21 274495
11 116 64494
94 81 692692
29 10 321526
69 4 888193
70 30 587915
60 97 84073
39 27 354345
4 37 706430
2 92 508558
20 32 77307
46 33 740905
79 7 124504
57 27 211826
36 95 644036
76 36 714690
44 87 106546
37 6 146620
18 9 3445
59 10 752465
28 20 622977
8 66 304247
95 25 805654
34 73 303687
92 99 325569
34 55 761632
116 98 950533
56 15 447087
13 24 747334
7 82 349205
92 109 824438
80 107 931174
100 83 282962
118 107 572494
43 79 121295
53 103 850262
99 100 830956
111 27 180155
1 40 252202
8 46 269879
25 18 258095
52 88 294156
16 68 602615
114 67 340679
47 100 236525
68 34 450541
25 13 697415
80 114 83692
12 105 788696
95 113 299519
12 9 401329
28 60 233454
31 66 67437
108 60 257986
61 106 108787
75 46 978113
63 70 594891
31 30 458710
16 32 500303
41 7 983357
101 9 773428
51 36 694953
87 58 679105
63 46 525198
96 97 322076
110 52 707387
37 105 498688
87 7 559637
12 23 70390
32 54 799498
46 26 533193
67 76 13215
29 35 82777
46 88 311789
4 56 73634
59 37 121187
39 64 904990
89 31 155159
41 33 922683
15 65 28961
114 110 806216
94 57 139423
101 76 262037
45 3 790550
26 6 982946
112 64 948012
112 103 180212
98 63 790790
91 94 722101
96 108 507153
45 103 612950
1 68 361976
32 40 449182
98 76 37322
114 101 200649
66 84 261237
45 67 926474
96 46 695047
50 8 642943
28 103 840553
69 19 603725
92 19 465651
43 51 439547
69 20 124540
89 5 348771
114 70 669521
74 105 757032
9 81 483590
116 3 553409
87 21 856468
38 89 454430
82 52 669864
75 94 609487
98 44 84392
77 4 368776
37 117 961936
71 62 811883
52 61 615180
70 57 162617
94 16 176294
102 44 679716
1 7 285831
37 81 389320
114 50 923011
91 7 440578
63 43 142669
65 11 248807
117 99 822768
54 71 433786
60 53 417622
104 5 855888
110 9 480369
62 88 714336
111 91 549046
108 97 752531
22 100 917951
6 36 411605
32 33 36791
9 78 824593
79 9 788688
113 112 432499
38 93 878492
99 26 713804
36 8 472126
62 115 187377
23 17 528944
86 22 710086
32 54 767242
76 53 353184
62 12 347260
100 5 245002
15 33 212789
57 4 651617
58 39 22173
30 100 616550
98 113 292545
18 80 274003
84 111 809729
63 67 722491
101 119 962426
37 99 947155
67 105 48919
80 42 748085
100 91 275341
17 111 696084
40 90 762846
71 98 909928
114 62 581639
82 5 782065
102 96 368502
34 31 118857
19 72 756814
52 6 562739
14 88 874485
5 23 319131
94 70 572674
73 77 616571
6 75 470196
11 20 562663
106 74 133907
110 98 652306
62 117 252326
83 40 84079
85 53 223875
94 48 576107
14 23 691184
115 86 232540
90 82 355534
28 92 776944
66 70 566855
109 51 519107
54 103 969327
70 67 287887
83 23 593705
56 107 677314
50 1 253648
114 115 974630
15 77 655612
110 104 558965
95 41 747267
26 30 946910
45 74 276749
61 25 526303
78 86 521908
65 103 924434
57 15 18143
43 11 344391
119 80 542525
103 113 517603
25 95 59535
45 110 636925
119 118 699993
24 54 50947
2 13 995605
27 68 650280
110 5 558603
68 48 957908
31 47 529175
104 22 659407
24 37 53258
79 81 394017
68 71 527877
99 85 188040
7 78 622864
110 104 404941
77 94 848340
50 42 999516
24 63 868349
77 47 800227
5 70 71410
9 29 571995
12 87 392810
115 66 143153
33 63 518511
82 53 557144
70 2 150781
63 51 350268
94 74 499995
44 22 142488
14 17 311699
12 25 67164
81 28 562157
110 14 496672
96 46 921653
40 118 349058
87 59 461869
99 113 785985
33 78 828369
21 2 118195
64 7 798519
39 9 955300
43 89 982556
6 70 408163
16 47 452864
97 77 223170
103 36 156726
110 15 101870
3 32 751292
115 47 960333
112 69 481072
1 106 585327
89 52 251738
30 10 414820
67 5 15906
25 107 966050
51 30 894413
49 94 412654
71 33 888230
108 17 944592
57 49 881884
35 114 88596
86 47 346027
86 4 62278
81 48 713013
69 67 363745
98 77 165358
44 116 168061
102 67 438406
27 47 669084
72 103 380833
108 9 194260
104 94 259424
10 61 255759
102 13 267999
90 81 246289
9 51 635343
103 85 633157
43 67 331502
15 93 907641
4 36 370058
41 24 682535
54 118 307765
113 8 83896
47 101 367349
29 71 705012
68 71 800495
55 45 524687
47 87 257537
87 101 436330
64 105 5657
6 17 847401
84 71 566509
119 55 25359
104 102 769877
93 2 29427
34 60 684104
34 114 899266
100 32 359325
3 118 469982
99 53 416673
102 49 96582
9 5 220319
33 4 563659
55 108 866009
59 72 944423
5 105 528837
21 10 287297
81 109 336607
108 102 40973
116 72 308034
101 54 507849
102 62 839303
54 85 610160
42 11 420668
13 60 154527
103 64 516748
6 75 307825
21 36 85148
59 24 589901
95 12 807469
55 112 710804
64 94 180010
68 19 265243
76 60 24566
71 63 195150
1 47 839127
34 52 640598
77 63 15182
90 2 838553
95 96 580694
33 23 141925
34 77 167883
86 26 878886
95 101 838593
114 43 429363
64 43 111972
78 77 898904
39 25 626512
44 114 598697
54 80 889137
76 113 289512
80 18 824022
50 94 331970
37 69 456219
66 54 101085
48 109 453797
66 67 514752
8 105 591774
3 20 802715
8 65 221122
100 12 687169
95 82 395307
39 12 41898
7 40 408535
76 105 519785
59 24 570796
75 81 917046
49 79 199134
37 81 432239
20 88 3971
74 60 462319
1 26 981912
56 64 246983
85 71 620067
63 18 972460
86 67 217171
89 22 982525
40 70 683777
86 98 947438
23 117 888557
25 71 879917
28 63 727381
3 118 771324
100 83 827362
107 17 900770
100 94 576280
117 63 340392
85 93 191507
22 50 237749
29 73 798184
115 88 577583
31 115 812169
83 118 380897
79 89 842016
17 76 120412
91 57 219518
103 45 742833
17 10 607401
102 22 496005
55 42 873586
116 37 227763
119 59 53558
56 22 816531
110 100 763664
109 116 547728
5 78 624829
105 61 212138
20 68 324883
27 51 646842
75 105 125451
76 92 681970
36 82 679964
111 18 363165
55 118 502896
79 107 959222
59 103 116560
77 88 67541
29 107 185261
91 5 628521
56 80 667773
53 27 584850
87 63 990036
59 45 211853
44 90 114843
8 49 57375
88 98 676211
116 55 707221
86 74 893237
4 37 841659
91 92 81196
26 17 969081
62 103 765779
52 33 524848
59 67 546466
64 75 627002
48 34 314181
15 30 232833
60 115 595093
92 109 758549
1 80 370042
107 97 555021
112 30 511808
51 81 920366
34 11 143861
98 66 717891
82 113 85326
44 119 879077
52 59 199390
6 23 715171
114 14 571294
76 111 435530
45 104 409080
107 26 998333
83 51 898787
116 29 257990
104 110 616964
6 25 168270
47 77 651832
75 73 960887
93 67 937093
71 15 177998
17 59 169033
111 47 675976
48 1 256379
106 116 424003
109 91 354905
88 87 363266
66 14 649213
103 80 873247
24 53 761212
87 114 715854
13 11 808545
33 112 551091
78 41 863858
55 18 923410
59 117 447637
36 86 5512
37 32 508815
105 6 156936
7 30 697749
85 107 186195
59 119 90507
91 32 819765
41 109 372300
101 44 195955
29 94 516015
47 1 982148
32 37 762623
21 22 509270
81 19 215681
73 103 302596
60 42 980716
47 4 419073
18 35 293643
29 7 893507
57 35 642669
74 72 896033
56 94 533216
52 106 687078
63 58 779921
84 11 56605
93 61 749334
100 99 666654
11 116 876005
21 26 273950
65 73 267544
75 27 304425
93 74 422806
20 6 98799
77 59 522043
25 15 390287
75 107 373372
38 87 78158
5 88 840761
117 99 33479
107 36 852266
12 110 845842
99 74 480001
42 93 550069
80 42 565317
57 66 741424
44 12 897338
82 49 13774
100 45 542510
114 33 260834
25 20 94958
118 31 203902
119 2 967347
65 43 434859
17 3 293517
18 50 355945
33 93 162395
35 56 978553
114 27 954719
34 21 999602
53 36 903503
106 34 417613
31 34 362709
29 98 677948
110 105 945777
105 3 753645
36 26 942784
98 51 435620
89 37 310311
115 70 923969
54 3 793720
12 100 804533
101 11 285898
8
11793213
29717814
9009244
5114200
18199406
3471372
13245056
2263287
134 1174
11 25 620334
72 124 401718
1 71 272218
77 18 201943
116 113 256131
86 133 779838
38 51 933474
69 27 96117
51 79 745968
71 10 336651
23 105 183192
66 126 545525
54 127 439185
91 19 988232
48 134 281982
68 36 437992
51 73 630485
42 91 464065
27 7 259579
56 28 702331
7 50 641231
116 115 827512
30 118 565728
14 25 580928
100 72 755072
113 5 373615
125 6 326599
3 47 851921
41 23 55092
108 79 598909
50 35 8250
46 100 387096
33 129 169870
97 8 145140
44 57 482145
75 36 469719
7 110 887700
95 112 702265
6 102 493177
57 75 522757
85 74 127655
28 119 7414
35 102 223910
26 64 699976
41 57 940194
127 82 259251
34 38 578786
29 133 561987
21 4 156567
86 10 654807
128 44 242687
71 28 976247
38 64 854867
101 7 362273
108 56 351824
55 41 327445
92 134 190765
90 21 272702
43 9 364167
2 71 978388
45 73 236616
65 94 18610
120 131 24513
66 98 730391
52 71 892814
115 75 314488
77 32 831300
68 72 942802
29 114 210870
75 66 133744
114 110 815657
40 41 91708
127 110 388082
93 41 804129
15 92 176937
126 73 869109
10 15 142377
111 32 516902
98 60 41437
93 134 28290
108 64 972358
12 103 690192
59 95 674391
53 3 779821
9 17 368754
70 92 825718
70 101 961805
102 27 967778
71 74 149044
20 116 837063
67 90 559280
90 101 519606
103 110 769354
91 28 333036
119 120 941042
55 5 486186
62 75 799306
34 42 711703
122 113 198880
1 82 439004
97 14 598521
123 104 976735
66 72 214410
104 113 183275
43 97 687459
133 17 452953
46 29 316163
9 62 452169
83 133 894223
97 133 167410
42 96 332723
76 84 329816
26 15 881584
86 68 146064
122 111 419428
94 59 70431
71 104 924789
121 62 460658
29 95 645817
133 57 629307
100 48 280896
115 123 643511
126 19 482865
59 2 463053
119 32 130698
43 78 251296
96 18 204409
108 53 126041
68 3 941896
74 36 441511
121 113 273849
109 6 952355
72 131 512443
37 55 251299
73 124 409582
18 116 154647
84 78 824500
36 51 955010
16 68 247689
129 91 169674
24 77 888906
32 1 768001
4 72 883853
79 58 895102
105 80 793407
28 98 909898
112 131 368657
79 32 886021
98 131 31342
20 76 876810
111 49 985512
97 30 526304
121 118 185138
58 12 961229
133 116 801279
13 93 868688
8 70 414752
31 14 643879
103 61 682109
9 81 504042
54 57 518484
126 103 515636
63 90 447851
106 97 343924
73 45 971505
119 7 740175
28 14 320932
67 128 54627
87 97 896269
53 105 577195
95 108 816134
134 99 501990
119 28 402765
37 133 402311
16 21 912081
60 89 241833
12 116 817817
33 132 8688
67 34 216820
62 87 473554
2 131 655700
133 130 265120
133 65 344471
87 101 78890
88 117 429604
132 126 230597
49 88 317850
113 120 138820
120 3 853735
40 64 112001
63 65 966715
10 14 903657
56 12 987517
78 48 633441
99 1 701705
91 133 196517
121 131 341698
48 59 490883
57 44 698699
100 83 345062
44 96 556223
69 55 631962
89 110 106973
39 54 867668
89 102 349063
72 8 463237
46 128 968375
57 126 198645
3 48 679086
86 97 110167
47 91 514496
73 25 31420
62 113 442412
12 17 124645
10 105 640656
92 42 969106
38 37 307885
114 43 7548
64 130 723266
57 81 792420
83 77 359716
70 100 908220
62 111 825236
29 123 614632
49 82 426201
120 39 961646
65 76 933837
4 5 200821
17 68 253482
78 74 790518
52 23 706047
115 42 523586
69 53 907800
134 81 482014
32 79 113895
118 65 668857
111 79 126488
41 32 938810
14 49 337171
115 76 484305
113 127 523081
53 108 967994
75 57 655975
21 11 423730
50 45 617685
114 68 289638
8 31 895426
40 133 702035
38 67 278478
113 125 161790
56 105 234796
113 127 864091
104 67 884833
94 37 903941
66 86 520592
104 15 322451
119 23 767149
41 12 634305
59 133 354984
58 61 76318
119 116 320733
48 44 49493
102 13 112365
129 57 337195
115 72 7387
96 41 666073
10 26 954409
89 16 501214
115 74 446872
74 82 617541
108 16 866626
28 14 918148
108 115 824012
120 109 723842
34 40 557719
118 85 943328
83 45 686657
19 83 166780
101 13 602083
130 87 787396
86 60 400860
108 37 160917
89 10 448009
32 129 663322
116 112 710795
52 96 111019
113 44 735501
65 12 835037
32 62 43932
23 58 233520
94 93 512823
47 66 202573
13 104 352262
44 86 590606
49 67 254799
43 118 868580
71 97 614373
10 111 930235
114 93 833730
97 115 288083
116 24 910834
10 21 601311
74 33 761311
97 76 731196
64 74 234808
93 116 346217
82 53 8751
65 12 909066
109 75 246644
30 38 590864
93 103 794529
114 63 225795
66 2 561930
72 49 250941
29 62 956151
102 20 904704
59 52 691268
111 116 600399
90 40 434430
27 69 753643
28 111 307909
53 90 610051
47 106 378993
74 43 450643
127 72 448310
69 123 594090
126 47 821969
52 108 713616
122 63 231969
133 90 727109
131 67 487120
132 69 939185
110 116 717320
40 5 550131
18 81 717868
92 15 455338
101 7 592407
61 8 686880
52 129 615118
82 78 656469
130 24 401796
105 21 678330
36 131 679163
71 36 998928
99 4 404916
64 95 820575
102 11 183311
2 71 184392
9 72 424216
28 19 369917
3 98 742433
128 69 366023
3 54 850739
44 124 91925
39 89 540222
114 102 127588
20 19 997168
16 104 938226
69 62 697081
67 90 505701
7 42 91194
105 119 940680
40 121 509695
20 114 31911
70 18 57457
123 82 820552
2 51 260183
59 67 517810
52 85 247610
116 17 581051
64 108 207306
10 28 11818
23 67 189268
40 37 935172
46 106 764807
90 95 83090
51 46 710595
115 105 863335
15 106 209349
60 88 205558
110 101 705525
101 110 484386
126 83 875461
3 122 762191
78 33 752852
121 122 354962
110 122 245164
100 103 904272
106 67 786863
113 126 106370
36 51 884845
66 17 729832
123 8 65660
63 94 918375
39 122 319887
121 108 844004
112 33 311278
15 83 981890
56 54 373650
119 116 766871
84 17 226251
16 32 991799
58 21 42628
47 33 117061
108 72 150270
66 58 390709
96 119 954172
113 134 67604
48 55 110691
49 123 776431
75 73 303083
67 88 396173
25 95 56437
74 92 159335
32 65 499762
112 80 797865
114 41 474014
15 19 224315
132 16 502095
35 14 94218
53 88 590700
121 104 425441
3 128 328274
73 17 848505
92 133 937213
131 60 914284
44 39 656427
75 54 442213
55 51 286237
39 35 562146
12 37 36812
7 24 452835
40 110 802015
117 49 643329
67 6 610191
115 86 336518
108 79 729371
8 103 775624
61 107 542880
79 96 141831
110 107 865257
95 64 532594
50 53 23662
132 35 911248
130 51 871039
127 31 402796
132 88 304385
42 96 82521
5 106 445168
53 50 927123
51 25 622603
35 120 638660
43 35 917086
26 116 786154
7 61 94368
127 3 811644
98 1 852266
64 126 872659
33 81 831388
24 133 531041
60 133 533763
18 33 392718
40 25 560740
13 134 388899
21 6 520524
78 82 49452
66 46 344906
7 59 652608
93 41 231828
100 64 141798
106 73 40700
2 91 310142
102 80 966367
51 92 65738
66 112 486800
7 6 649645
34 71 440718
12 77 680755
115 119 452275
114 34 716799
111 5 401447
22 90 161527
133 57 635698
1 108 224694
3 123 747371
94 129 781746
132 112 172166
116 73 770896
24 3 966946
106 116 108055
68 92 208911
53 63 835981
77 62 381981
47 12 407652
108 14 818244
46 107 650632
40 55 470620
3 120 623112
127 9 277069
100 64 180668
57 132 959356
101 134 202886
101 76 705049
24 122 948563
87 45 515516
55 91 892709
50 80 729785
23 82 16518
19 74 884606
67 124 819027
134 67 81242
133 101 977917
25 61 772924
96 33 975582
7 103 512836
97 95 700722
42 91 875578
73 72 673546
97 11 264934
36 13 36990
31 13 284752
126 95 735400
4 69 407449
123 31 511707
111 37 647833
52 83 676667
43 74 951637
57 96 243124
38 58 935568
36 93 447039
79 73 495089
88 65 14553
64 18 253668
100 7 991526
118 117 730068
55 118 990508
85 27 513319
106 33 561214
63 70 624636
115 105 905050
129 133 939357
71 37 808797
57 100 40342
112 15 374212
63 132 818692
134 52 886618
103 87 795062
61 58 452306
65 70 499191
126 134 749708
95 128 240844
3 14 773704
59 71 83687
133 132 578241
78 11 801777
40 94 885774
35 63 55956
6 73 231255
9 3 203851
31 128 392958
108 89 729264
50 41 256911
61 100 957749
38 48 85445
28 75 664227
50 114 907810
40 14 839406
65 103 455981
98 61 835099
16 92 117749
67 65 692627
62 64 499089
71 125 378636
99 28 855257
75 5 335868
61 55 606455
91 44 586341
132 58 70585
28 21 27846
11 120 473665
121 53 641397
1 114 320943
55 50 253301
109 99 554862
125 39 803866
116 50 802090
3 90 435307
71 87 792177
23 115 587601
120 125 541783
124 61 47679
59 61 867256
57 65 741074
129 39 626880
94 114 642822
97 95 936775
105 97 449252
21 33 19659
129 6 620327
74 75 86355
88 65 535491
70 123 660361
65 129 476405
110 123 362260
119 32 205885
67 128 310443
113 98 315094
65 119 806176
103 63 370627
121 86 36292
29 39 309538
47 108 831762
75 39 923906
83 98 871974
80 83 714475
6 15 287978
36 10 344441
104 109 663901
32 30 120039
118 109 662531
22 118 256865
80 15 511559
68 40 759010
31 53 885071
63 97 217017
27 34 375757
104 69 849590
10 122 129598
69 104 780233
13 37 499863
36 8 12678
4 87 389958
97 104 691143
88 1 864301
58 13 268285
84 40 960247
2 93 563133
63 102 668291
49 120 627640
63 133 206684
52 118 577235
23 121 397798
93 33 164469
17 70 501071
44 128 236972
116 77 115315
38 29 664387
113 41 261332
41 89 53700
22 18 677880
39 69 829107
63 41 731541
40 83 929446
71 100 181829
51 93 373762
44 24 238613
76 62 152137
16 124 447571
58 114 287218
35 1 934957
60 39 923355
18 101 265089
46 91 833766
23 111 353231
20 27 171433
9 21 589360
75 46 534555
69 62 635558
104 69 527955
93 103 872089
49 112 874643
23 79 629204
37 124 533568
84 97 301260
96 66 916998
16 74 134106
94 99 584250
48 33 448167
76 2 987189
132 44 255015
89 92 929524
83 114 872526
128 17 299209
79 50 655371
6 12 122840
44 111 591730
101 70 333356
20 68 983502
84 9 506092
82 90 188341
82 44 481559
59 127 341802
114 70 517808
59 15 359694
99 20 737041
71 13 821281
66 64 718127
109 33 478484
50 117 221558
77 14 24359
98 46 726273
76 104 234645
33 84 662326
91 8 575588
14 56 759338
82 76 130572
76 91 856101
90 65 3822
37 65 54604
76 91 995635
71 54 81930
59 129 759364
39 28 416813
38 68 353486
2 31 224753
119 62 186159
64 3 313079
23 43 971574
64 79 628792
121 105 307176
57 125 195068
39 49 806728
74 37 451255
58 24 195512
133 25 882840
79 93 766631
101 107 184518
30 129 854626
23 8 771790
80 128 157568
43 134 552670
60 38 199720
72 61 817010
60 118 615922
116 66 655690
17 95 695653
30 11 415437
79 40 154791
86 12 917536
121 41 790979
77 84 254402
22 9 906088
16 30 505398
129 90 985498
132 71 699871
110 87 873271
130 66 724560
72 10 534111
8 45 822555
35 116 185977
55 8 447906
24 29 836113
31 128 157324
49 73 346443
50 70 631685
16 129 895890
127 74 422039
14 11 394651
74 102 668349
12 2 531276
125 6 657351
2 30 115596
106 60 589377
106 58 928409
10 107 748613
69 123 705677
80 65 11607
106 78 81837
42 101 71159
73 113 929810
34 103 932418
3 54 849735
134 26 587848
74 81 201212
87 40 126266
35 108 611938
11 53 531498
61 109 609505
72 16 896422
134 38 214802
63 72 266974
132 74 17195
96 23 301578
70 96 277446
101 48 840298
54 32 589113
80 127 936134
35 53 336102
102 74 667315
51 23 598123
62 86 176152
125 33 91457
57 79 943281
15 98 837352
2 14 734784
29 67 384187
30 96 491239
33 81 583898
94 48 743999
36 48 42702
16 59 926167
17 133 326811
41 55 578017
3 19 300336
11 21 211331
16 133 404564
52 112 557379
31 10 168571
62 53 363996
116 89 72779
9 54 993369
71 21 425443
32 61 902548
70 14 209908
22 108 657674
120 73 86143
101 124 568074
44 20 72306
16 31 934938
36 97 339638
102 105 368176
43 42 745758
31 23 47488
108 92 216647
70 63 639642
51 133 534904
115 99 802972
23 92 935083
74 27 69705
120 119 312402
90 80 581172
81 11 275385
53 2 872144
95 91 195163
23 18 692208
21 18 759042
70 41 910302
111 83 650219
84 22 808722
42 91 823214
102 47 722233
69 77 367009
17 130 59272
73 40 484534
13 62 65790
4 33 181949
60 52 101079
87 28 955291
88 112 840991
65 103 46521
26 70 127571
100 5 833340
100 105 433347
51 127 811802
9 6 284291
18 93 776405
44 18 810060
110 105 995470
74 58 748771
10 122 656019
37 97 513265
59 62 934383
24 111 678405
68 27 133828
101 119 12165
62 2 489271
4 45 840541
48 104 8979
69 128 128452
17 3 524033
67 123 18935
3 48 368094
77 71 422166
72 89 756774
59 5 889157
51 66 852398
1 70 861151
53 67 16492
75 85 273713
104 51 506508
70 117 761396
82 70 682301
21 96 618914
20 33 4580
46 41 651100
56 91 359118
17 42 388685
23 94 98917
83 119 968931
85 38 780201
90 58 188745
34 5 707828
24 110 788184
85 79 624568
134 124 350809
104 129 495421
89 12 31324
93 118 831762
29 66 905712
133 101 381625
69 56 267182
21 89 614021
93 63 273882
76 13 217986
91 97 686756
97 16 569346
10 54 750859
97 12 576093
94 124 577890
75 122 29964
44 6 955174
19 26 114914
133 68 707838
38 9 869211
22 50 603611
79 12 78490
80 105 652965
93 68 232072
39 27 398375
50 102 153508
112 95 761319
95 113 443256
116 62 390796
66 99 908472
112 120 137205
120 14 944155
93 94 824741
35 2 842992
72 40 314317
48 39 177130
11 16 813056
63 110 972924
6 42 303459
17 107 594894
121 34 548861
55 103 852117
35 61 106710
120 45 63499
3 66 782224
131 63 389830
92 73 883578
97 85 251343
31 90 91688
25 57 628802
118 43 731895
13 47 488225
5 82 8985
40 17 947139
76 103 18406
101 100 170216
30 57 7020
109 104 839192
114 134 109988
109 24 693850
77 92 15602
111 104 728800
30 58 293951
42 97 52147
99 122 330028
36 88 958261
36 117 630327
57 42 159282
79 105 1697
90 29 10087
73 55 779344
48 32 825625
69 61 66454
38 102 92188
106 16 966325
93 52 987440
45 37 61714
4 93 72725
65 121 271815
44 60 381222
98 1 418413
80 5 487650
67 57 579837
122 72 62513
81 73 49952
75 109 628017
78 18 217094
9 4 488908
84 30 239579
93 127 894027
93 88 125417
87 33 62438
82 99 908168
90 36 747417
82 116 781514
27 57 316592
109 134 698511
18 92 145025
76 125 951170
126 83 654888
56 125 777019
15 77 599905
28 24 732543
47 63 803373
87 10 803564
16 120 682548
54 45 536434
58 62 620611
16 87 741224
3 79 681796
117 84 521549
133 98 681677
48 75 682535
60 71 103957
58 108 8457
122 73 962336
107 76 593612
42 134 635730
19 99 577596
120 102 658790
69 34 773338
59 32 79359
126 79 639292
116 89 361302
118 12 509159
130 133 864376
78 56 259895
19 47 910580
22 65 961455
62 134 396392
129 69 353927
96 127 127430
111 68 349511
16 133 236359
125 117 624050
108 112 316149
79 5 995202
125 24 230346
71 45 609489
31 56 422908
42 1 319696
36 46 854105
61 22 191458
31 121 46995
39 62 524671
9 35 149294
111 113 366849
84 53 287298
103 123 62722
3 19 754366
37 10 53722
88 129 217775
132 56 358589
110 36 115453
36 25 882374
78 33 135806
97 93 256476
71 126 20631
118 44 855201
26 47 205290
73 33 467287
122 28 469368
127 92 142713
112 93 379404
2 20 140765
118 116 567771
26 5 361626
17 81 959129
61 12 619354
57 45 33944
39 37 18607
31 91 672506
72 133 514226
30 110 678821
134 30 867587
115 47 548908
69 84 735429
100 104 186489
111 100 754565
105 117 715041
91 120 695700
115 16 145727
80 87 738465
107 67 743311
52 66 888920
64 130 602300
101 14 710009
105 113 260495
119 89 946686
55 9 666820
113 100 921913
61 30 398050
99 59 172609
85 32 438419
47 83 303388
123 96 462173
26 12 447666
47 67 747983
87 51 771845
126 56 100562
13 118 331783
20 128 58278
125 92 468904
133 127 77887
73 123 80399
112 111 344026
12 87 417676
60 133 36776
86 35 420518
16 26 323467
39 38 977015
27 57 560508
44 132 736026
70 130 242032
126 19 338188
131 130 429767
130 8 602715
7 67 599745
34 102 164999
62 117 761514
94 106 88813
110 132 36106
120 42 34145
37 61 255538
30 52 622352
11 132 470678
103 128 746335
97 84 929693
89 68 768734
65 129 518950
116 38 797255
21 14 935431
66 83 508106
108 69 984184
11 48 957903
67 58 26015
68 111 48896
26 23 444221
134 112 248766
75 42 915752
82 108 284998
61 78 300813
121 9 72761
88 116 304163
65 126 786106
93 8 824073
119 25 880535
4 134 590910
7 133 522237
126 23 355866
6 55 853311
57 65 136088
71 51 207598
33 88 651041
13 18 205603
40 110 493634
74 95 18517
85 48 10232
118 54 431177
78 130 533731
29 85 869549
38 7 203181
123 27 502761
33 9 760042
57 21 991911
23 10 156271
81 33 795487
113 117 958454
60 50 122098
90 127 18831
93 106 597109
99 9 141929
36 81 954103
22 113 622743
46 120 968363
36 92 777068
2 122 872930
12 100 652837
20 26 224048
81 65 108801
19
21302896
18146607
24349538
23964537
22223483
17491466
16345710
28959163
2445568
8745995
24593950
14584662
8906322
22262531
29553024
18091264
27203212
5330091
19916123
118 784
57 84 816715
12 36 564807
81 77 23299
16 82 807772
72 40 130225
51 15 569157
11 24 7594
109 65 936547
116 102 47294
1 32 119813
106 88 258713
92 103 855944
10 70 968224
38 85 149643
76 39 644033
50 93 211129
108 107 513991
84 97 997451
108 94 868092
37 98 726294
6 85 233001
58 62 496282
31 76 676351
84 113 499857
100 70 285549
42 1 667387
65 97 179680
47 27 859023
23 58 585660
2 11 948461
91 52 53622
34 77 531078
113 57 9461
108 3 121134
63 110 909544
76 62 172605
54 25 550727
84 99 661727
23 92 219943
34 90 499551
89 27 75090
47 116 85907
107 56 727348
109 96 969828
104 59 463043
58 20 425844
80 73 84676
26 42 602531
3 68 222396
95 101 307074
45 75 445372
32 3 631100
14 113 826287
103 108 658960
23 93 401176
5 32 52473
57 111 126379
14 23 133872
70 25 970374
104 5 257598
109 53 850261
30 88 615709
67 106 613994
42 94 372317
115 116 768837
43 39 662585
39 30 364368
65 57 185034
93 38 744447
101 6 610933
39 48 922790
9 92 865747
114 21 151342
89 53 95896
91 64 957978
97 110 872533
45 34 429818
2 103 637326
37 77 815208
57 64 283391
71 102 601834
115 110 52337
111 109 116834
30 80 69998
63 56 275647
107 34 314044
75 78 56392
68 83 280966
3 6 851194
98 62 451951
80 15 572755
113 15 66504
2 7 366203
29 36 114192
112 98 681035
27 90 79504
54 46 521239
115 117 370607
42 6 812642
50 103 108142
2 69 835334
56 63 949712
102 68 317022
24 96 604957
29 94 393060
89 2 639310
68 55 248941
10 56 135420
34 97 452423
68 28 531509
45 30 139717
40 85 911584
49 72 383093
60 99 187431
114 9 878242
29 97 763877
34 50 158379
89 59 118140
24 97 440477
86 46 460230
14 94 178407
11 15 651410
78 63 945741
94 8 976660
88 3 825652
61 35 206457
39 69 198576
76 43 355953
45 70 532841
115 37 574586
99 50 72977
115 64 896051
98 27 993519
39 3 682402
78 94 600360
7 37 624100
41 79 909284
3 36 704852
31 85 146223
33 81 169467
84 65 338797
114 62 793928
40 41 446445
32 79 712143
35 42 262100
44 49 7262
87 89 711505
81 95 49558
6 7 655914
1 43 971049
35 12 455191
5 7 319452
43 46 698889
103 81 539241
51 1 849873
96 44 456435
60 13 565383
102 97 891646
65 106 791174
113 106 313161
5 27 515838
83 35 988535
105 77 143652
53 65 458357
83 1 164105
37 97 828553
43 42 624855
24 25 945943
99 93 529372
70 87 521366
84 91 607742
110 60 127296
28 46 906661
109 102 875927
39 70 263590
88 111 848100
66 35 120367
56 58 308247
24 42 461297
101 116 751784
48 81 667106
29 76 662455
45 103 573634
19 94 583179
57 14 779387
100 105 495777
3 52 705135
69 107 5549
41 16 772310
106 117 829297
21 50 489670
34 79 752913
103 5 123914
102 27 262675
89 83 627552
27 69 382651
12 43 513886
1 69 510226
20 23 967863
18 91 693635
72 8 86513
36 115 658197
44 92 803514
70 48 532010
38 17 556244
106 95 559902
63 107 301399
88 111 532091
39 12 567797
92 34 949152
54 105 820175
50 22 960463
30 65 741016
2 20 784243
90 25 539719
66 70 186635
54 40 347436
50 83 18462
62 33 173703
95 74 22579
85 5 990670
106 57 616958
56 83 46759
75 37 8569
17 8 42975
65 78 637283
57 17 49340
22 67 993488
30 14 21785
10 112 515584
48 78 829558
18 65 103995
25 6 119447
29 84 435493
93 100 206561
64 47 2430
108 103 814810
73 11 325784
7 40 227449
91 53 598870
12 101 450377
60 118 101445
50 28 232028
4 56 63063
112 30 796791
114 97 5633
79 90 392575
61 49 305053
112 55 761528
59 27 935703
116 42 366507
19 101 560962
103 36 136025
79 39 654806
19 33 125873
59 32 592202
31 115 240129
110 61 86291
80 58 640527
94 116 957325
46 118 552269
94 22 222211
31 6 136555
113 88 382041
14 107 426867
66 51 477593
101 82 536647
108 73 451543
44 38 31712
39 17 20956
63 62 18143
11 37 473650
64 71 5273
34 65 845041
46 78 572367
91 30 467689
53 12 569344
15 5 269906
37 53 874428
116 95 660788
79 43 81042
45 54 468990
36 3 451003
33 40 130399
3 85 194689
79 61 769744
91 113 447765
67 13 468882
118 49 952088
93 47 21558
85 11 667320
20 60 441643
113 95 83089
41 9 211860
38 15 242701
116 93 602477
105 66 736078
113 18 245556
8 17 33399
73 114 164021
114 80 142025
80 99 501906
106 97 233665
17 20 826221
84 61 640968
8 58 250270
111 48 154521
94 46 406712
89 54 793101
19 8 188114
113 4 768891
104 87 132825
31 78 748905
61 94 584486
100 64 286318
35 71 49089
62 67 158894
45 42 63498
40 17 748133
56 35 681238
67 34 851667
43 19 475795
3 53 478913
60 114 460460
17 95 115945
43 11 720772
7 76 361064
23 6 805604
84 46 783594
84 105 361136
91 54 185899
106 100 432611
92 103 603178
34 48 414911
74 68 726735
62 110 663265
3 117 991122
11 21 864828
64 108 691093
19 73 779369
12 45 317770
39 36 591538
83 10 733496
66 43 8901
48 2 518590
6 64 548882
96 70 148864
30 80 993782
87 29 630781
75 47 324345
49 59 272063
77 97 841955
90 65 993462
91 13 238200
25 60 520278
22 70 988343
11 47 846814
2 80 973108
13 52 656474
17 8 713211
89 57 988101
96 19 216099
20 112 313463
71 88 399723
54 112 889789
39 15 510394
91 30 441154
91 31 156840
60 48 554981
53 64 810319
97 39 218573
85 20 97513
55 39 555028
90 113 840965
18 52 931520
10 91 377986
75 63 212893
69 39 617808
28 98 70159
42 37 233430
64 19 915614
28 108 421477
14 44 592973
111 15 423563
59 37 151447
118 50 813253
78 7 430027
70 79 332232
93 110 9325
49 33 150485
69 97 436218
8 10 887327
89 24 719910
89 16 280135
92 75 451371
28 78 156110
54 37 388394
24 111 589376
33 85 464951
26 16 537396
54 84 649732
105 95 504179
23 69 714602
103 40 868732
87 17 774828
107 44 397113
58 97 113574
20 6 137102
63 43 601856
98 68 577995
51 7 298948
100 112 680329
40 16 176317
8 4 379886
109 94 230950
52 82 364603
72 26 143153
15 49 996627
64 111 740903
88 94 418010
8 26 178432
16 11 942035
118 55 628849
56 62 958782
38 56 211970
35 111 872485
80 64 580086
106 79 239518
20 28 956509
98 115 196008
7 5 979060
45 24 504450
79 23 243654
15 82 943977
73 5 957798
110 40 92648
114 5 261992
26 110 63050
99 16 181979
55 113 187932
105 6 691606
66 50 475597
37 14 736585
63 29 167238
35 105 147443
67 100 908148
90 95 846660
59 2 622483
110 105 232244
71 41 900493
32 31 77942
115 96 943023
107 15 437770
3 81 223736
102 115 743350
88 67 241285
117 39 106378
32 97 402361
61 93 917809
104 45 576526
28 80 123574
75 76 505310
53 68 258886
49 70 111604
76 57 7440
86 31 453249
80 33 508973
51 65 469307
28 11 397301
108 114 991285
115 24 439190
35 98 948973
54 37 996230
87 89 833897
82 46 112860
77 17 13264
21 101 926904
3 37 733144
90 64 54466
32 58 123114
19 58 872283
88 92 379914
115 31 105382
94 117 486456
25 84 779576
16 43 728090
37 67 573284
94 74 937887
98 45 740610
111 76 899263
6 98 990371
42 68 653858
62 68 395035
3 43 989137
37 71 31417
2 86 45665
101 8 517833
69 106 924190
73 85 250394
26 77 926450
37 83 427289
105 10 224806
36 75 751621
112 78 36668
73 118 397490
3 1 979652
93 105 796415
13 55 774684
7 9 163954
48 35 985987
47 71 912951
26 61 817128
75 96 562081
78 94 769542
5 52 925967
6 54 843635
97 32 734283
82 44 687548
49 54 674018
105 102 917952
5 30 351316
109 59 964480
108 20 411302
60 97 603167
93 105 12860
11 114 704501
47 93 723754
74 56 104803
33 108 255487
8 98 458902
18 106 125145
101 100 681506
9 90 385493
20 31 956023
6 10 978819
43 24 335018
23 71 520624
34 30 364755
88 66 642095
82 73 516596
63 90 974246
74 73 477049
29 85 809430
3 104 566173
77 109 516818
19 37 587331
74 59 137699
104 92 902204
78 65 84745
42 33 359340
112 95 676643
47 54 387971
89 82 457803
99 88 813792
29 46 575456
86 64 239302
48 20 26182
85 9 692553
36 86 343218
49 14 233662
20 7 855490
84 57 333848
103 27 350239
87 11 290157
61 39 625974
24 10 852862
24 62 273133
85 32 956467
2 67 751266
105 1 299625
8 20 150843
9 104 279165
64 88 161640
91 60 124048
83 2 732563
6 26 504000
111 49 542043
3 19 984390
21 20 249597
11 10 906055
17 21 345809
34 30 245500
110 97 993099
95 69 46408
99 37 735572
23 47 152397
78 39 19833
77 46 880413
106 66 426691
84 80 34586
67 97 937761
69 16 991704
60 7 530262
24 106 936379
51 86 500209
76 112 847727
16 75 348146
4 33 274597
11 21 99898
41 108 58964
84 56 967770
30 6 526215
9 69 980759
89 96 42098
1 29 801575
75 108 540808
74 6 247445
1 9 979879
87 23 755205
6 63 306667
5 29 573022
104 62 383728
100 71 984282
107 41 884136
100 45 129696
65 1 972885
22 78 82452
58 78 445525
9 46 975219
97 56 614578
61 64 398186
85 50 263803
114 35 719485
97 23 779141
54 9 411853
43 73 634182
22 98 293853
5 38 222661
1 46 727904
16 28 909481
101 93 310003
100 59 413590
38 54 779160
51 32 871121
107 90 731569
90 18 194783
77 39 801570
23 48 799375
47 48 684428
7 67 211934
21 49 721262
99 34 301786
112 72 820881
46 8 779180
2 118 60819
88 89 344549
10 51 86901
37 74 370328
102 6 156706
97 12 937604
6 37 843953
7 17 273936
66 15 7709
64 60 764756
98 61 840570
106 34 647002
18 47 334587
87 83 197176
84 66 973781
15 49 392307
13 54 878585
59 61 742617
24 8 397993
65 76 656576
116 59 873134
49 50 295587
75 68 635069
33 36 693150
68 5 785555
104 20 80361
38 32 305853
8 94 699643
117 3 79868
3 67 751057
67 69 8741
76 3 430091
5 77 876006
93 113 400683
32 66 407153
37 52 568474
53 81 947257
28 15 67497
35 79 585729
105 95 760537
55 56 324831
58 66 184711
20 29 196011
19 23 416813
84 25 423169
21 51 509885
114 103 418806
100 17 543720
84 51 748502
70 37 220693
9 96 217976
27 39 161701
49 58 981431
45 80 718195
77 46 378463
35 66 607205
82 65 141844
95 46 205264
12 15 714340
4 85 353052
94 97 402651
11 5 451409
111 53 656087
3 101 76518
39 64 258323
103 98 886559
100 61 563561
85 41 720235
90 53 456779
27 60 358923
4 35 703555
77 45 299153
69 37 363131
5 43 124204
21 81 966479
85 69 829476
101 54 739433
64 24 598801
76 113 984005
102 25 127194
95 29 765412
73 109 600282
52 59 826208
86 68 424620
103 92 597360
65 62 239243
11 45 441120
17 112 893892
67 69 286468
1 95 839944
33 59 996197
23 70 451602
85 4 302841
34 101 761932
11 43 703852
73 57 475248
3 10 986076
114 105 612057
64 81 738394
1 85 475572
33 3 494514
19 25 630090
60 113 108225
72 33 10979
65 43 511093
9 1 250449
84 3 463629
54 116 54347
94 65 447885
67 66 690963
20 98 353849
36 2 965713
3 65 916980
95 18 180822
51 87 356974
54 99 479113
112 64 385059
62 117 247639
3 96 909377
23 48 757520
18 68 148363
10 107 561750
35 109 998338
50 89 728264
97 25 62514
72 78 672236
48 76 549029
27 19 195322
3 21 223169
47 48 403669
39 65 179688
9 78 111148
103 112 279082
24 47 340770
85 25 790838
114 101 624028
5 30 156195
82 56 818263
39 62 180932
95 109 692085
3
12111096
3075388
4794691
17 2690
2 4 856469
11 9 118235
5 3 206669
12 9 95028
7 10 419164
7 9 741449
8 3 887694
10 15 327264
16 7 767214
2 6 923280
9 7 204446
10 8 770445
13 3 669665
2 6 766076
13 12 790528
7 9 322513
9 16 424291
14 17 887787
11 6 26651
17 7 35734
6 15 699657
9 16 121028
2 10 448431
7 12 387212
9 6 228805
1 8 844551
16 4 831637
6 5 178691
11 12 292957
1 15 846855
6 15 605198
4 6 133985
4 16 848788
6 13 846019
12 5 633777
14 5 744048
8 11 794961
7 8 250012
7 1 248065
6 9 798203
10 15 47997
3 9 534629
11 12 167712
12 9 389003
5 11 988175
13 7 681885
2 6 736952
11 3 794522
6 9 906830
12 5 991047
6 15 626725
5 17 330510
10 11 256133
4 13 335673
11 17 472693
12 3 895998
1 4 482841
16 14 548507
13 10 304390
1 4 527094
6 17 96178
16 5 100487
17 5 223060
13 9 312685
16 10 699028
7 15 266878
10 14 193469
15 6 430933
7 6 575227
2 1 226918
1 11 505334
13 11 146962
9 4 528371
1 17 478146
4 3 43068
1 15 664779
5 7 878188
10 12 919160
6 16 853385
6 8 479346
15 17 658457
16 7 437575
7 6 432073
10 17 991492
1 14 172622
5 3 50809
6 10 27490
10 16 795367
6 14 584928
6 14 521451
13 16 502697
11 1 245746
7 4 456726
6 15 286814
10 2 820975
13 11 725380
8 7 3297
11 8 636028
4 13 766462
11 9 605271
16 13 135241
10 6 586433
10 12 502401
11 9 893508
4 1 457237
1 4 71775
10 12 172632
12 13 613194
12 7 872806
8 17 144043
16 6 317445
10 4 458001
13 5 668207
11 12 727357
11 16 799131
4 1 488115
15 4 617660
1 10 6817
16 9 150860
14 6 468304
8 14 707239
11 10 891798
14 4 89728
16 14 122005
5 1 746711
13 3 450790
16 11 870270
8 12 804316
8 14 374551
13 11 199862
14 9 383033
14 2 459169
12 6 289073
12 13 846334
14 17 719077
10 13 79934
4 11 574802
14 10 76487
14 8 245383
10 3 398935
16 7 183018
9 11 846239
12 5 838763
8 17 717279
10 4 799679
3 14 626401
6 17 645487
3 4 496781
1 17 11868
4 17 251820
8 15 465876
3 15 877625
8 17 378866
2 7 575677
15 17 106414
11 10 201436
10 16 344236
11 9 888732
3 17 671942
13 3 549196
10 2 199320
15 3 212033
14 8 579861
4 12 664968
11 10 66104
3 13 93641
1 14 799368
9 2 485523
9 15 699898
2 1 682445
3 10 614514
14 16 456912
7 12 678175
1 6 475114
9 16 894819
1 2 32311
3 10 997686
15 10 368145
4 1 410545
11 10 5010
12 6 189839
10 1 414817
13 12 219655
1 8 722164
17 13 290776
9 13 469381
13 10 945267
16 1 872163
1 2 877172
3 4 238312
16 3 57603
8 7 79909
2 11 990174
17 6 884026
4 9 679471
17 7 729087
17 4 672636
1 12 812281
2 5 830466
13 10 858055
6 15 835609
12 15 474006
5 6 248360
1 14 569840
1 12 954404
7 2 916091
8 2 855747
16 10 151214
6 2 356555
15 5 283856
6 11 301463
11 13 398978
14 6 541321
10 14 696184
12 2 132782
5 6 814817
6 5 169488
17 15 799051
14 2 599259
2 12 417073
13 8 816051
4 16 819069
17 15 793801
4 15 419717
5 12 566974
2 16 663853
14 2 57230
10 1 728675
3 14 118514
10 7 766609
3 10 276235
11 4 984673
15 3 234432
2 14 213078
8 1 324505
2 10 250748
8 6 862831
3 6 327705
2 9 159139
12 9 728955
8 2 793641
1 12 34634
10 9 447138
7 1 563492
1 17 903142
14 9 901626
8 7 333873
4 17 158733
7 2 691607
6 4 531753
10 8 173295
4 8 7145
4 1 108130
12 15 905840
2 4 544406
10 2 950071
8 4 734919
7 4 847472
8 3 119162
3 11 636159
4 11 946795
6 14 808417
17 8 117175
16 11 505777
7 12 313872
2 13 23592
5 3 67184
1 9 269509
4 8 163439
4 1 105474
14 4 660105
14 10 481275
13 17 98740
13 16 711874
9 13 158437
8 6 965197
16 10 528137
10 1 136978
8 13 252912
17 16 659816
1 3 681807
4 16 459474
11 3 549017
8 15 25862
16 6 344904
1 13 534195
6 11 576510
4 11 206767
10 2 788790
15 9 958092
2 17 867183
10 3 462858
1 13 69884
9 4 321788
5 10 207994
14 1 75077
11 6 430276
16 17 340774
14 9 592432
8 4 226968
8 3 786773
10 1 806052
14 1 890699
8 6 1207
17 7 456619
17 11 962576
13 8 45043
12 16 850628
11 6 961354
8 14 546524
14 4 998877
12 4 914086
2 8 415531
17 15 238762
3 14 786339
10 13 408991
1 16 461919
8 10 371972
11 4 874456
10 2 241980
11 15 840871
15 9 856689
3 15 562993
9 7 955052
13 14 836433
9 6 680390
15 14 85740
8 2 858070
2 12 591753
3 2 388311
17 10 183746
16 5 409618
17 16 51020
1 7 447535
11 2 630389
14 1 222233
8 16 792347
9 14 734432
4 15 583676
16 8 158548
5 7 606995
7 13 395777
2 13 443705
11 4 876131
8 5 955973
2 1 898753
9 16 209818
12 8 562422
7 2 895808
14 1 280527
12 13 210813
3 2 842300
16 11 863479
17 4 837343
8 2 718943
8 4 861065
8 12 944096
15 7 86481
17 4 629937
16 14 72486
11 1 888612
3 8 100515
13 1 756123
7 14 804213
8 14 808275
2 14 227441
14 13 856425
11 1 564183
5 16 684100
5 14 84543
7 15 695799
11 8 182058
5 11 531795
6 8 718874
14 16 141248
3 8 941037
16 4 684922
10 5 31640
11 10 8293
11 5 700217
7 2 573877
11 14 720836
4 9 33916
12 7 634856
1 10 76774
8 10 229781
3 4 755564
1 15 892380
11 10 592596
8 11 682824
10 14 892499
7 3 87711
15 6 264015
6 5 142839
4 14 372619
6 8 644534
12 6 490062
9 4 626006
2 17 136908
12 6 718568
16 6 585746
2 17 753885
15 5 458210
9 1 872673
3 4 905606
4 1 790987
17 3 601413
3 10 616095
2 4 243768
16 5 193945
1 10 408136
5 2 256272
14 12 253101
9 16 466147
12 10 138716
2 4 256480
4 6 10123
4 7 879520
10 8 24777
3 6 843189
4 14 249611
8 10 826461
13 6 716577
4 14 808928
3 17 264399
4 1 56700
15 13 328188
12 16 732121
5 8 987068
15 3 925791
3 4 663250
12 15 173333
8 3 936516
12 15 682197
11 1 566593
3 17 223821
15 4 374818
4 5 438039
3 14 526036
4 3 457221
16 5 670720
1 7 710680
16 14 983568
7 8 581735
9 10 444301
13 12 363566
14 17 127370
10 11 623294
10 13 138990
11 7 849809
11 10 402362
8 5 82380
4 9 215265
2 11 513995
11 4 895670
9 3 381653
1 14 521298
1 17 660287
11 7 510095
6 11 697248
16 7 412174
3 10 479783
2 11 852005
12 10 760495
6 5 691431
1 5 739206
16 13 698507
15 6 139785
4 14 65
5 13 481725
4 13 568975
15 16 406544
11 4 656133
10 13 923238
15 5 564511
4 2 601158
8 13 228670
3 14 882113
5 16 127514
9 3 696488
14 1 103031
15 12 275516
15 7 198753
13 17 692036
8 13 53500
10 12 758117
5 6 19487
10 12 733430
8 12 412434
1 7 908503
1 16 498482
4 8 873803
1 12 290022
9 8 961998
15 6 198484
14 15 36127
4 11 618791
13 11 599920
9 13 887393
7 13 32102
5 1 149833
12 4 42857
14 6 66806
12 7 299143
1 3 101332
6 1 661637
16 5 241428
17 2 71000
9 2 829358
1 8 979866
1 12 145208
13 14 667999
8 1 513516
2 13 804677
2 4 810674
15 9 852796
14 16 546413
16 15 839950
17 14 325696
14 13 185144
16 13 486311
3 8 346686
3 8 273866
6 5 532893
17 5 376899
17 14 398893
15 9 178666
3 14 29439
17 3 225921
13 7 918620
9 5 240175
17 15 262432
15 9 798204
6 5 138652
14 5 289774
3 4 810043
3 9 876724
2 11 299707
8 1 532032
1 5 605842
6 13 877015
15 13 405071
5 10 655720
2 6 950089
4 3 424866
10 13 552045
3 15 547535
13 7 577719
2 5 106227
3 5 683221
1 2 461140
11 16 958997
10 12 39829
17 13 493855
12 16 821262
1 16 948005
2 1 756624
10 5 425786
3 6 17631
14 8 274433
11 16 598458
4 1 262584
17 10 529243
14 10 196638
16 4 919771
11 12 472065
9 13 179912
4 6 436389
14 16 541202
13 14 944428
3 17 785740
3 17 586049
11 10 370121
7 3 815381
13 7 591140
9 15 942213
8 3 827268
2 16 986755
15 9 261051
15 11 314282
17 8 318289
1 17 204761
8 10 536493
1 11 746255
17 13 894841
7 6 722108
17 12 225214
14 3 2616
2 13 316898
14 9 213653
4 16 405872
11 3 813324
11 16 424425
4 7 419088
10 6 750052
8 4 958518
10 11 619924
10 15 748388
9 17 790754
9 16 67432
7 11 959657
17 13 547520
15 16 496871
12 7 398851
9 10 712024
12 9 263656
5 3 40501
2 8 336314
9 8 949024
13 16 775387
11 13 7620
2 12 569529
12 1 72214
8 3 993986
4 11 182161
16 5 845205
2 17 611821
7 10 159528
5 8 846553
3 4 664286
15 10 958028
17 3 799288
8 11 137419
11 16 390753
4 13 356109
17 10 585121
16 17 370985
16 14 493162
17 9 564363
3 11 410950
17 16 781509
6 15 721595
14 6 733895
13 7 256531
15 10 477680
6 17 544033
16 7 738558
6 5 92610
5 12 944649
2 15 528011
11 5 942375
12 1 682822
6 14 483373
11 9 612440
7 14 178856
14 3 24125
13 9 478539
10 6 294405
3 10 567972
4 2 178498
6 12 790268
6 14 910365
11 3 821725
13 4 661765
12 10 853943
3 14 754366
11 17 431802
7 9 773588
8 11 789237
4 5 526760
4 10 429809
17 6 279894
12 17 282256
3 12 236197
12 14 849193
14 6 396212
14 3 946846
5 15 275533
7 17 172191
11 13 763698
2 8 680430
5 15 479037
7 9 715233
9 14 80777
7 12 745106
12 3 454392
6 17 144309
11 5 908549
10 4 752747
6 15 759603
8 7 405136
13 11 397244
14 9 927194
14 8 315048
7 15 59721
4 17 716957
14 13 837391
2 6 233356
6 16 801512
11 4 649717
1 2 159746
7 14 140092
2 1 220969
6 14 210709
4 11 771587
6 14 836594
17 1 770521
2 11 228102
9 16 653304
10 17 533207
11 12 348182
15 10 373141
12 11 911827
15 5 683413
11 9 520006
2 1 806879
3 11 34980
2 17 204635
11 16 737841
1 6 522539
13 10 127099
13 16 566223
2 1 635253
3 7 726661
12 17 461671
5 9 915897
9 3 341967
13 4 901057
7 15 23441
10 6 898995
6 1 122730
16 5 235958
6 14 803208
12 10 73506
3 5 863810
2 8 460992
4 13 93153
5 13 378195
14 1 277189
13 8 350360
1 13 599385
15 10 918944
9 10 992449
2 5 856259
4 12 317250
7 5 506916
2 17 401462
16 1 678650
8 10 594919
16 6 263498
2 15 90201
11 14 106039
11 13 745084
15 17 986453
9 17 170171
6 14 791665
10 15 803428
14 4 409803
15 12 759868
12 1 943940
9 10 760100
11 12 978851
4 5 222755
7 11 322916
13 10 256679
17 16 117196
8 16 350767
6 4 494677
5 9 216091
5 15 167853
15 6 699082
9 2 852702
13 10 751404
14 17 152911
7 15 724588
13 8 87929
2 16 771049
5 2 380324
14 15 233115
7 3 62549
9 17 135730
11 16 704114
17 2 495252
4 16 125658
3 5 496390
1 17 500669
14 1 855715
15 14 705437
4 1 287601
3 7 792560
16 15 725051
1 11 913209
3 13 996513
9 15 749079
13 5 709880
3 11 791313
11 15 643795
15 11 876600
15 4 375223
5 8 420042
10 1 116942
9 10 34308
8 3 446926
17 11 985200
12 6 52568
14 16 620604
13 17 44354
9 15 206244
16 12 655734
8 16 414136
6 9 897589
11 17 425615
10 15 91687
4 6 164293
3 17 429542
7 4 267726
12 16 363201
14 7 154715
9 13 450105
7 11 87712
11 16 235054
16 10 473439
4 10 232426
11 13 508529
2 6 567178
15 4 118253
17 15 953065
11 12 231762
9 11 830941
10 17 642178
10 11 601864
11 6 529298
3 10 767756
6 1 170507
12 17 519150
15 2 135519
3 10 631440
5 8 798427
16 10 415519
6 5 636674
7 15 609234
7 9 55233
9 2 250009
4 8 953313
9 10 707443
12 15 96177
14 17 954328
8 5 527887
10 11 448739
5 7 528120
17 14 725717
3 11 750255
3 2 126511
11 13 158591
2 5 366071
1 16 118326
8 3 222429
8 10 967502
16 10 880018
7 1 729708
11 10 155873
4 9 153622
13 1 401379
17 9 118801
4 16 543665
10 4 97409
3 8 89129
3 7 125087
12 15 609783
17 4 655303
5 15 426539
2 9 948029
10 13 596030
2 12 918973
12 6 124338
5 15 448029
6 8 510500
14 10 540472
11 4 450461
7 6 163927
12 16 349503
11 1 688701
14 3 945630
8 12 321358
4 2 757103
1 4 290256
16 12 428889
8 1 692608
12 11 82461
6 17 127617
4 2 599312
11 4 19035
2 17 551139
11 8 518567
14 2 610332
13 3 150126
17 9 716772
1 9 41160
11 5 538577
2 13 716272
11 12 243469
14 2 459367
14 2 620894
12 13 620131
13 17 376469
6 14 939415
15 6 447600
14 6 648393
15 8 447998
4 9 375219
4 2 418104
14 16 480022
17 3 609431
12 14 773757
4 17 32063
9 6 956847
4 11 114753
6 7 96548
9 12 459808
15 17 584493
16 13 45418
5 1 965710
7 8 23248
10 2 840595
9 7 797441
12 8 428546
1 5 525093
17 16 501252
6 4 3343
5 4 550396
17 16 417951
17 11 744812
16 17 636436
9 11 578412
6 3 392420
13 6 680282
17 8 90390
6 8 103444
9 5 611015
3 8 998502
1 16 294982
2 5 109886
1 3 216970
1 11 681001
1 7 942472
11 2 148840
5 9 880300
6 14 113011
12 5 349064
5 7 651864
5 15 888967
4 17 870881
10 17 489230
6 17 220950
13 8 59262
13 10 44583
1 14 316793
13 10 848917
15 12 79127
12 7 481031
9 11 639062
3 5 587012
1 14 414623
1 11 912550
2 6 659206
9 2 596065
8 2 370705
15 6 589867
1 11 906050
16 6 897564
11 5 595614
3 7 778829
12 7 589800
3 15 761847
9 16 943266
6 15 625585
12 5 924939
5 2 270682
15 10 743120
2 16 207669
12 17 348896
14 2 539415
13 15 373481
1 2 1247
16 11 288217
6 8 448852
1 17 235885
16 17 979004
17 15 703025
3 5 51920
16 15 591335
10 1 241440
7 15 411638
8 3 764981
10 4 507434
13 9 405892
2 1 60398
15 16 919907
11 6 512504
5 8 847300
17 15 121527
1 7 570371
10 2 582986
3 6 206714
6 13 354355
6 1 950847
6 15 299575
4 3 627307
9 5 174414
8 2 773441
13 14 480154
2 17 944659
6 9 820800
1 11 978274
4 7 643181
3 12 713980
10 17 361527
6 11 928981
12 11 525290
5 1 485251
6 13 566738
6 5 218595
3 11 295850
10 11 138425
12 14 890810
1 7 385100
16 8 911080
10 13 27133
16 7 407998
7 2 975640
17 15 174781
14 4 59966
1 14 488782
13 14 560566
6 3 597033
12 17 338510
2 4 957865
5 10 506201
11 9 579827
4 8 655054
1 10 297019
12 8 157577
9 7 313985
13 16 125168
6 10 350252
16 5 308117
3 14 814317
5 6 910495
8 4 565549
16 5 862567
11 12 20143
10 9 850479
5 7 491999
17 10 319159
10 7 749764
1 5 211244
14 7 698027
13 11 167167
6 9 594303
7 16 637862
5 9 874162
16 9 308336
3 13 500951
7 12 934036
4 13 666069
11 13 552262
5 17 633613
4 12 382186
15 8 891885
13 14 6176
15 9 925975
11 16 696778
7 1 614705
9 15 94468
11 1 631456
5 15 59386
12 17 915882
14 12 939545
5 15 557509
9 16 329687
9 7 976025
7 15 930699
7 9 419027
12 6 841391
12 15 446175
5 10 603220
12 4 910230
3 1 115777
1 13 696856
3 12 800462
2 3 830042
10 9 72751
8 6 930164
13 17 398397
17 4 611100
10 11 123790
4 8 552362
12 7 436829
15 12 395157
10 14 683171
12 5 947210
12 10 658299
8 6 788414
8 16 792624
1 7 243007
15 7 296610
15 10 293146
17 13 405458
2 10 730977
6 2 373309
10 5 845682
4 11 727525
1 2 589676
7 12 125974
13 16 306076
10 5 609967
11 8 498923
6 1 824707
15 12 545648
8 3 949760
3 5 301080
9 17 827051
5 8 141435
17 14 764794
2 1 631159
7 15 976416
15 2 723959
6 16 205827
4 10 990965
6 15 808397
5 14 635447
9 12 293233
16 8 58026
9 8 205536
1 9 516022
7 11 315332
8 10 8924
13 14 787990
6 7 351919
11 9 179507
15 4 514630
9 2 430613
7 13 602484
6 2 819966
14 5 209378
15 13 269642
7 1 341815
3 4 455194
10 17 75890
5 10 504981
4 15 569519
3 6 443640
8 4 375787
4 9 29821
16 5 716228
10 2 717966
2 17 244979
16 10 648821
10 3 279615
9 15 913489
16 2 77980
1 12 16229
5 10 426762
12 13 738544
1 14 106134
11 3 421466
10 9 78613
10 17 707305
12 17 928238
10 9 137799
2 7 433231
4 9 172302
13 15 319863
16 11 497244
17 3 390852
11 13 518777
5 14 1461
4 15 399828
12 7 787402
3 15 83751
17 14 272128
16 17 700990
13 14 903037
15 4 165526
8 7 50501
8 6 996799
12 1 459257
10 16 255757
16 5 783435
3 17 66058
2 16 283399
5 12 186435
2 15 868313
9 12 435165
2 5 308458
15 10 83156
7 10 982914
13 3 452321
1 7 112825
12 9 914006
17 10 544519
17 15 840576
3 7 266718
16 7 762850
14 16 847750
11 14 929447
2 3 986753
10 6 299816
16 6 912665
9 1 711191
10 17 406672
1 7 93346
2 9 856143
1 7 832998
16 1 833694
12 7 837558
5 15 824335
10 16 263432
7 6 331706
7 4 313985
14 3 357134
11 16 240858
11 10 907652
17 9 853647
2 15 131039
14 17 854229
10 12 80524
6 13 606634
10 2 78112
4 16 744429
16 3 850120
10 13 532805
14 6 104336
10 14 508864
17 6 573851
15 3 433445
3 12 116848
4 1 889328
12 1 962405
15 12 320483
5 1 205148
15 10 13030
12 5 627903
8 3 332346
13 16 684180
6 12 890242
1 10 693179
9 3 102750
9 14 623137
11 6 887951
11 17 2885
3 5 166975
7 16 951752
13 14 761745
1 10 629235
3 15 446522
15 6 897008
13 14 236821
14 13 55390
12 6 194441
14 7 54991
14 9 928571
17 16 218981
16 2 193972
17 10 512687
7 3 510303
14 1 946361
1 5 799164
5 4 758751
1 17 606288
8 2 973062
7 1 23163
13 15 25015
6 17 304963
15 2 214145
12 8 292562
4 11 698608
8 10 173739
2 11 268503
7 11 418494
14 2 958008
17 16 499374
5 6 804336
11 7 534833
2 16 137385
17 2 509001
2 15 402853
11 14 874331
5 6 117874
13 3 221178
5 16 112813
15 7 45022
4 5 708259
10 6 928301
16 1 934159
1 17 704896
6 4 39675
3 10 697247
4 1 678777
17 8 791589
6 14 803347
3 15 915332
15 10 357864
3 13 838863
4 7 167241
11 2 74309
14 16 701102
15 16 865178
13 3 329767
17 10 14242
4 6 948819
14 8 444769
1 14 165330
14 16 814192
9 10 397211
12 3 201478
12 8 561771
13 5 135662
13 8 509804
13 15 722046
11 1 284597
6 13 281189
2 14 137348
17 1 348720
10 2 243685
3 5 212958
10 6 399684
5 6 451588
3 15 349610
9 8 778225
17 14 672010
5 10 10564
8 11 30799
17 2 865225
9 11 96861
3 4 46327
16 5 73914
16 17 753515
8 9 491927
6 9 65892
2 11 422751
12 1 60799
13 12 352545
14 5 993011
15 9 360809
2 8 974268
6 4 471059
13 5 452141
15 12 782832
16 8 408100
17 9 705378
4 11 529570
7 15 384561
10 11 104775
11 9 921850
6 1 301603
15 14 271622
14 9 995155
17 16 194003
12 6 861355
7 8 390925
4 5 775485
4 6 396611
15 5 318461
11 5 136415
16 9 924388
4 1 435894
1 15 613852
7 1 312631
5 13 98999
4 10 461160
5 13 120048
2 17 4131
17 5 453486
14 6 183312
9 4 584239
14 7 243763
15 16 899976
15 5 750191
3 9 606670
13 4 704424
13 16 822911
8 1 159540
9 8 839324
5 4 929844
13 3 891188
5 16 752616
11 2 499344
15 8 983395
15 16 566445
9 17 610653
7 4 291261
15 7 975999
5 8 960521
17 11 368060
13 17 120675
17 4 567143
10 13 771416
13 14 712463
4 13 323115
10 16 130727
16 13 106725
3 17 737298
2 15 205758
15 2 920279
5 14 3774
5 9 775189
12 7 244962
9 12 439406
12 11 955153
2 1 636528
14 1 37565
5 12 191411
2 14 328503
12 2 251897
14 7 838572
8 11 555167
17 14 934131
4 13 25558
11 7 956451
9 16 18070
15 4 702766
14 8 608408
14 17 236158
7 12 960250
10 16 369857
1 6 169071
8 5 378037
12 8 37732
2 9 365335
2 17 577134
11 5 597126
2 9 379983
5 13 840898
13 2 263122
13 3 566934
1 10 931381
13 14 103328
3 12 300833
2 17 971139
1 12 659515
14 1 567009
5 14 566557
1 9 318615
2 6 30922
4 1 629437
5 9 397023
13 4 542645
16 14 242350
11 15 823742
7 6 982267
5 2 254269
4 7 422606
16 13 99160
12 5 792818
3 8 212742
11 2 80399
5 1 51383
1 2 839551
6 11 115209
12 6 50382
4 1 68915
10 8 654005
15 5 463105
2 6 490236
17 11 112760
1 12 1915
1 2 551463
11 2 418837
4 9 178033
1 10 485138
9 15 921673
7 17 840029
12 5 857545
12 6 667878
14 6 207305
17 14 310777
8 6 498336
8 16 525444
13 10 184113
3 1 893164
13 17 187481
15 7 619450
7 1 158183
2 3 738305
11 16 956583
13 7 872213
17 14 505274
6 12 183604
14 15 91485
3 8 362763
10 4 901901
14 1 552323
8 15 105643
6 17 508612
6 8 950231
12 16 678935
1 11 378890
5 8 470375
7 16 833137
17 10 735037
13 1 803712
4 7 425706
17 6 450669
17 14 218487
8 9 214508
10 11 442347
14 11 908024
10 15 916938
16 14 687638
16 12 770917
8 14 786225
14 11 891744
2 6 825777
15 7 577612
14 9 503109
7 10 623892
9 12 607212
14 13 93611
9 11 413145
11 1 984068
9 8 875054
8 4 191745
16 13 959105
15 1 461303
11 14 178008
9 11 853412
16 10 927356
2 15 193704
4 16 180394
4 3 938000
11 10 481830
14 3 433756
17 9 211458
17 4 599475
4 7 490601
14 2 5617
7 9 644197
13 10 376387
1 13 38074
8 16 200180
6 17 237339
12 4 466243
15 3 686955
15 2 852617
8 5 712639
1 10 426071
13 7 609045
7 10 946791
8 10 430986
6 9 885311
6 14 312161
6 16 714039
9 13 711338
2 10 11564
16 9 763365
1 9 433907
4 12 633837
16 2 257806
11 17 532222
1 5 637477
6 1 511570
3 6 669036
11 14 510924
4 16 797749
16 5 612632
15 13 446173
5 16 336694
2 5 895686
7 15 532240
4 7 284429
1 12 385136
3 5 38995
3 15 744954
6 10 706318
2 16 775704
14 13 665750
7 16 177538
12 6 265226
17 4 885136
6 14 658873
9 7 460532
4 5 414874
2 8 912844
2 17 208561
17 13 116910
13 4 504135
13 11 711701
5 13 331304
14 13 181155
10 7 954455
7 10 51583
2 7 199359
1 17 835939
17 11 443747
13 10 719514
16 9 375639
17 14 725653
12 7 824540
15 3 841267
14 3 516866
12 17 136644
5 2 204000
16 2 700551
10 1 889311
4 13 227683
10 3 70190
10 2 624396
14 5 542610
12 10 943968
5 14 330150
12 8 522559
2 3 930652
7 1 676133
10 11 652432
15 14 979624
4 15 959888
1 15 730631
2 12 806096
10 14 970593
12 1 888924
7 3 31895
10 4 483792
14 10 411271
10 11 199325
6 8 258996
15 11 858854
8 2 858185
11 4 498992
1 4 605815
17 6 536272
13 8 323078
5 9 311852
2 15 975547
11 2 989828
3 6 98906
6 4 46782
10 6 448899
6 8 256290
1 12 95576
13 10 935005
12 1 185704
3 10 635727
8 1 861097
10 2 461673
3 4 436785
14 10 394536
16 10 990805
10 15 606993
7 6 30408
16 9 976445
16 3 907047
12 6 149501
17 4 883853
7 14 305188
16 7 759224
11 2 237504
11 13 467831
17 7 470799
5 2 85694
14 15 635593
7 12 887547
12 9 775227
16 6 40355
3 4 283508
9 5 963446
2 16 554271
10 17 135900
2 16 324522
17 12 59904
12 16 771729
14 5 906953
1 8 191677
12 14 876605
5 16 383072
11 7 648763
3 16 732107
4 8 701610
9 10 368552
11 17 29674
14 12 422300
15 8 306176
9 17 151948
12 11 981147
2 6 363107
13 8 51960
2 10 987429
6 5 923370
17 13 811260
1 14 154601
13 2 555439
14 16 133014
3 7 774871
6 1 288940
6 11 715577
11 14 338288
6 15 636870
6 3 649242
14 10 544007
5 11 645687
13 14 14184
14 11 937579
14 4 322824
4 17 877949
7 2 349354
3 6 634357
8 10 906788
1 10 618941
10 12 658704
3 11 853068
8 11 602871
1 9 2038
4 5 176076
3 1 639053
16 15 333958
13 8 367150
17 13 263049
17 16 235086
12 7 68699
5 9 223199
7 15 866899
1 2 42974
11 10 198378
9 7 48687
4 5 415836
9 10 969398
5 15 842264
3 13 94791
17 4 372665
9 10 206422
15 16 17288
17 16 160789
17 9 998523
2 9 526396
7 3 738777
2 12 706807
14 7 454238
8 17 436754
13 17 4320
13 16 311436
3 13 198749
7 4 478952
12 11 178406
1 4 21543
5 1 16739
13 3 872133
13 16 686301
11 14 176758
12 17 268780
7 3 191653
11 5 842942
13 11 573192
12 14 974432
3 14 728688
17 10 199504
2 4 749265
8 4 269614
13 2 785675
2 4 493680
4 17 336621
7 10 426164
2 14 400595
4 11 645635
12 2 46632
5 6 970179
16 13 719562
11 13 956682
13 16 921878
4 9 260857
8 12 342101
3 9 551378
17 10 435243
1 4 571480
17 16 64267
6 11 756557
13 9 198111
9 2 425630
16 14 396218
7 9 71295
9 16 272774
11 10 988611
5 9 718419
3 17 623861
3 16 920850
7 1 363868
16 1 840021
8 13 272855
13 15 143918
4 16 275838
10 2 266210
2 14 324311
2 1 334006
1 16 915181
8 13 76974
4 17 64567
4 14 955914
17 1 734308
5 1 320490
12 2 579823
13 4 263348
9 1 999210
17 1 881558
16 10 617472
2 6 960662
3 17 700423
11 4 763852
9 11 132840
10 15 162098
5 17 467192
9 13 38496
15 12 966813
13 3 229136
12 9 406640
8 10 177469
14 12 943620
2 5 337905
12 4 386060
12 4 59095
13 8 882960
7 17 689085
12 5 781157
17 1 246688
14 12 731644
11 10 384600
13 15 679813
5 16 681851
11 14 551770
15 8 977749
5 2 354568
12 15 286234
17 14 701065
17 15 828679
2 15 879284
11 7 623709
8 2 828105
15 9 370406
15 10 298767
1 7 286221
17 3 672987
4 14 232486
11 13 605844
17 12 709538
10 4 577578
13 15 830218
2 13 762670
12 1 376972
5 7 403306
3 7 485252
8 14 16624
6 9 786705
9 10 727242
8 17 878946
13 9 338465
16 12 359496
16 13 313451
16 15 389879
16 2 425721
16 12 456394
14 3 459648
6 16 306401
3 7 799239
3 5 639226
14 1 171392
12 7 275020
6 13 606522
13 11 994002
11 17 807867
15 6 863233
16 3 929970
14 16 681064
11 9 381704
17 11 637734
5 8 642338
1 10 522150
4 17 411891
5 7 538074
4 6 89977
9 16 614625
2 3 82569
1 4 889616
17 11 495902
11 5 257764
1 7 707370
10 15 948346
16 9 795844
9 13 670047
3 7 352116
3 6 897417
1 16 372688
4 16 45375
16 6 616117
3 16 308240
3 7 675404
3 8 564717
9 6 528712
6 15 104368
9 8 641025
17 2 736393
15 2 787213
14 5 940469
17 3 429151
12 14 815845
11 16 322628
16 9 751285
9 17 293753
1 14 878275
4 6 493173
5 4 456643
6 16 309152
14 11 327796
8 15 659992
2 13 982619
8 12 250255
17 3 544008
17 16 938634
13 11 981557
1 6 891935
12 15 954495
11 12 52884
11 8 509421
1 15 593268
13 7 380410
12 15 137845
12 5 597272
11 4 802583
6 16 435013
11 8 560614
12 2 659210
17 3 66957
14 13 198091
5 16 845577
12 7 380691
17 1 166059
4 13 528139
15 7 312500
14 11 111121
12 3 801677
13 1 446728
16 1 177366
2 17 417424
6 5 250749
13 7 980836
5 14 848767
8 17 830321
5 14 614458
7 1 349959
11 12 646074
8 16 601397
13 14 623677
14 6 844046
9 2 180082
11 5 641690
2 9 894154
1 17 385902
2 13 53913
3 8 699986
1 6 301383
14 10 441411
1 15 285456
1 8 981890
11 12 623579
3 4 34085
7 14 609418
2 9 904658
8 13 30165
11 5 652923
3 13 771126
16 13 34366
2 14 181660
17 7 849066
7 9 322350
8 6 161749
14 11 491928
4 6 522093
12 14 886343
7 5 175652
11 2 783120
14 5 372477
11 3 585412
17 4 348784
17 15 48493
4 14 107761
16 10 72161
17 4 156557
6 16 543620
5 13 99956
15 6 943770
6 3 821950
6 4 914492
14 3 339748
11 10 603704
1 10 911111
1 10 819725
5 7 250431
11 17 567479
6 5 576531
12 3 885053
5 13 49700
6 1 761806
16 11 365510
10 14 681288
10 7 61918
3 16 330299
9 13 998587
16 6 293377
11 13 687574
4 8 284045
16 17 792371
15 5 203431
12 3 886680
5 3 580704
16 13 185839
1 15 610697
15 14 802338
5 3 561457
8 13 929810
14 17 666863
4 6 256575
8 6 391086
2 15 407457
4 3 621468
16 15 897396
4 17 503622
8 14 624786
10 7 555679
14 12 174145
13 15 109359
9 17 126890
1 14 534346
4 17 155814
11 5 569561
5 4 73183
4 8 214320
13 14 769998
9 8 460494
12 6 86205
13 14 923148
7 5 174755
15 5 760407
15 17 744457
6 1 829095
13 5 108664
15 8 418207
6 12 835530
4 11 257740
3 14 900754
6 10 147586
2 1 259877
14 13 422865
4 16 258019
4 6 662733
17 7 656981
15 16 381900
9 5 876817
11 9 832228
7 9 390194
6 5 871308
2 14 43528
4 11 492507
11 14 685942
7 9 224823
15 8 388719
11 5 970822
13 5 904806
17 6 612881
15 3 738061
13 16 597779
2 17 871182
8 11 287878
9 4 658419
8 2 678346
11 7 879357
11 1 101325
10 4 246049
13 3 906690
6 9 995833
7 4 192013
17 6 595234
10 17 96916
13 7 800891
5 14 246040
12 1 79908
3 10 400948
6 14 143146
8 14 498223
7 16 591361
1 16 798629
14 15 393430
10 1 687945
7 17 231356
11 10 763627
3 4 381610
12 16 531353
17 15 52073
4 11 131564
3 13 831465
9 10 117423
15 11 514966
12 11 525777
5 8 853831
5 1 490413
8 11 473147
6 8 451108
12 4 330985
5 7 141313
8 10 74104
6 1 765780
1 2 807909
13 9 661739
14 1 89662
6 12 171585
16 9 824807
14 4 192474
1 11 772808
15 3 673521
7 3 209593
14 8 290805
9 8 193264
9 12 766878
4 8 113699
12 13 983637
1 2 326721
4 7 120912
17 7 278792
17 4 577983
15 1 951278
12 5 547690
8 13 307862
6 13 344032
3 16 516144
9 2 480471
9 2 758547
9 5 919607
4 13 617664
9 12 121942
7 17 49481
8 2 134743
7 10 659859
13 6 432738
14 8 598766
13 7 796659
7 16 681649
2 7 78544
12 10 728872
10 9 889089
2 16 232715
11 14 518400
15 3 487891
2 17 102610
6 15 479381
13 5 225009
3 8 765694
4 8 355844
16 10 540736
1 11 820704
5 9 710733
9 14 551388
10 4 653998
9 4 83760
15 13 321146
1 8 608350
2 1 414033
10 14 645541
2 8 466244
14 7 693328
6 11 244715
6 14 898712
15 17 498824
3 4 819969
3 11 944670
13 3 358702
16 14 714560
3 7 270326
15 16 817213
13 12 862934
8 17 509653
5 14 841328
7 2 24328
9 4 538035
6 14 59830
11 9 829284
4 15 847544
11 17 4846
6 14 424139
15 9 263124
5 7 683742
4 12 698740
8 9 276638
12 17 171645
9 13 625670
8 6 556572
1 10 229667
16 11 749758
10 7 729683
12 13 184739
16 8 808255
10 11 812240
12 8 517226
4 11 89823
11 2 519991
16 8 664173
4 9 276344
13 3 722771
4 9 350036
2 1 700495
2 1 615476
5 17 591563
16 11 250809
17 10 466626
16 8 209565
10 16 2260
5 9 725030
16 8 591417
1 16 808264
2 17 940091
3 17 92101
2 12 907528
12 10 638493
12 9 333695
11 15 405730
3 7 821094
17 2 421366
8 1 893008
15 1 540816
6 10 433732
8 12 400985
3 8 395207
12 1 189728
11 2 45992
9 2 628173
15 16 212614
17 13 38436
8 16 972026
16 1 713880
8 10 912176
11 9 686220
6 11 400495
12 13 753262
4 15 439723
16 6 564618
15 6 791367
1 17 132822
16 8 658122
8 4 451608
17 7 37643
9 5 282470
5 6 291139
9 11 247213
15 16 811831
8 17 322437
14 1 200397
4 8 338718
2 14 794568
13 1 1678
2 6 361031
14 16 348778
6 11 799750
17 5 64321
12 10 461247
9 4 276595
13 14 266417
16 9 191494
1 11 186917
2 7 948457
3 4 632500
10 13 68805
12 6 548870
8 11 348163
17 16 347852
11 2 202611
7 2 851937
16 9 502940
17 5 31325
2 17 229949
2 4 815106
2 3 464583
7 8 854788
14 6 202640
7 15 405250
5 16 773538
3 16 792829
2 3 824153
15 16 248991
6 17 350742
9 5 503485
11 12 78427
17 9 854287
12 5 808663
12 2 218149
4 6 865515
3 8 942253
12 4 957664
10 17 660717
17 7 216809
4 14 730656
15 10 751129
6 13 626389
1 12 736992
3 17 252844
16 3 542233
15 12 140802
14 6 79875
2 6 267938
12 6 323095
4 17 881735
7 15 35154
17 11 526506
12 3 342873
1 13 377388
10 11 277417
12 8 152402
4 13 179018
16 5 647741
1 8 111701
10 11 390076
7 17 315681
13 7 580707
14 1 790715
9 1 912094
12 1 541550
8 12 63276
15 6 210641
1 4 941308
1 5 432344
7 17 135462
15 17 579583
4 11 550210
13 14 863708
4 13 554594
3 7 751367
1 4 962008
1 7 419667
9 2 368362
14 15 785270
4 16 410929
4 13 671596
14 12 250445
9 7 938536
12 5 206255
3 8 684614
3 5 104280
3 15 988993
7 12 774262
10 1 185191
4 13 373138
9 17 197837
3 11 408508
1 10 658426
13 3 617349
3 17 101349
15 17 90589
12 15 193286
14 17 924083
15 4 596953
1 4 655628
9 12 818206
4 6 231229
7 14 99139
13 9 689655
3 11 964784
13 8 860544
16 11 745296
8 7 404309
1 12 281217
6 13 47613
9 12 905173
3 15 259161
15 12 303610
11 7 485542
17 10 145647
5 13 578811
17 3 298786
17 10 313737
7 10 712647
9 6 826664
15 6 230249
6 16 604886
2 13 908139
2 6 765728
2 13 827707
3 17 228128
10 7 541226
3 14 992990
10 11 507504
2 3 681718
15 8 687613
4 13 859746
16 5 396641
5 6 913788
8 15 133545
4 8 471639
12 17 337669
5 10 960578
6 2 744675
17 12 3879
8 17 269451
11 14 154453
6 2 831975
11 4 791577
16 17 95237
6 4 143376
4 6 598198
9 15 859224
17 9 863102
7 8 648904
9 2 128170
5 10 20656
15 14 833375
1 17 558881
8 14 368078
11 5 977976
15 8 437076
15 7 107614
13 6 580823
3 12 274603
16 12 837099
5 7 70399
16 4 135674
11 12 992525
13 3 977316
2 4 589130
3 9 450035
10 6 626033
6 1 723331
9 11 546209
3 9 70204
6 4 163304
7 10 49598
1 9 952597
11 3 740025
15 10 505429
2 3 941835
15 11 181518
14 5 727726
17 4 314281
13 16 477584
5 17 84074
15 3 596845
14 17 372710
16 7 552084
16 7 913000
5 8 864391
12 13 158062
11 9 957976
12 16 560646
9 12 907105
10 16 475394
15 4 609633
13 17 212821
13 7 556033
17 5 404673
10 17 993924
13 12 150230
1 13 313561
9 16 198491
12 7 873041
13 7 959280
17 15 526844
7 8 666727
13 6 875046
1 2 512715
8 13 14775
10 2 674896
6 8 292992
1 4 765502
13 8 525172
12 14 52015
2 12 235094
5 1 110139
13 2 139205
4 6 153979
13 15 828874
9 5 638218
3 7 626303
12 7 216585
10 11 400811
3 5 788612
12 14 109160
6 2 918488
2 5 137620
1 8 760478
5 12 420939
7 3 465269
6 14 91956
13 16 206746
15 8 285269
7 10 26124
4 12 434098
4 1 369331
3 2 707538
4 10 201565
1 15 768423
4 12 572312
11 17 220901
15 12 857646
4 12 969804
13 3 52922
16 7 245200
7 11 872318
16 11 153406
9 1 678620
14 2 657476
8 6 585248
15 4 121327
17 10 896856
7 13 441300
4 17 44572
13 6 81941
7 12 488640
12 10 119229
4 9 951381
4 5 68308
7 3 273898
11 17 216740
12 16 500876
13 6 65764
10 5 26068
15 8 248636
17 3 343520
15 9 896633
1 4 964940
15 7 755189
8 14 971928
3 4 989156
15 9 571271
14 8 668255
10 11 328274
17 3 230910
10 14 428642
10 12 776590
6 12 869065
10 1 1219
13 4 589223
7 15 53303
15 11 211902
14 7 109593
15 17 344668
12 13 360596
12 15 137185
17 1 522601
17 1 523819
7 8 129213
1 9 541095
16 15 916424
9 8 820250
16 3 278641
6 12 56584
8 13 80057
6 9 846099
6 8 480062
14 13 253486
12 5 621947
3 4 90951
8 17 231768
16 8 745357
9 5 443639
3 9 73874
9 16 64704
16 12 192718
6 17 359685
11 13 50471
6 8 903172
13 2 902795
15 10 211681
6 5 655319
16 4 245544
7 3 310247
14 5 19316
2 5 379001
12 8 945823
17 6 848994
8 7 145962
9 6 269500
3 11 556211
4 16 768381
9 14 995299
6 12 701857
6 16 114252
9 17 993585
14 2 708785
7 10 516860
10 17 282940
16 9 468166
7 2 374298
16 5 286011
13 4 782859
13 17 661391
6 5 798214
3 13 432385
13 10 832078
13 7 453546
9 7 924043
3 5 478124
1 3 65761
10 1 414986
15 13 181117
17 8 126049
4 13 560028
6 7 18721
15 2 848425
9 5 544018
11 13 921788
4 15 160402
5 7 529358
15 16 101218
12 13 677068
3 4 219500
10 7 463076
13 4 5694
11 1 357291
10 13 490021
13 16 402326
2 5 309107
8 5 281647
14 13 669173
12 3 373321
5 1 836396
8 4 842089
1 12 715731
1 12 975085
5 2 681217
14 6 990323
12 1 788322
16 14 457494
16 13 728011
9 15 242274
9 15 43958
3 2 668134
15 2 479580
17 11 538665
12 7 250823
2 11 292809
2 6 226682
8 4 120957
15 10 685405
7 2 139524
4 10 946391
16 4 111697
3 1 992734
16 8 848854
7 2 908803
16 11 655574
5 12 742951
12 2 606480
5 7 556673
11 14 491545
14 8 819606
14 6 344581
6 16 255472
8 14 857502
13 3 913210
5 10 103813
17 14 935984
8 16 714398
11 4 380194
6 5 694088
2 1 898353
15 5 36946
15 2 778001
5 9 117448
16 1 149779
8 1 48840
12 13 207204
11 9 488399
5 11 326266
17 9 655677
9 13 837397
13 14 847346
5 13 629119
5 16 784745
16 5 369932
6 3 58932
4 15 200267
17 16 572351
6 11 324628
8 10 770993
11 1 632063
11 5 13726
3 2 625002
1 6 614276
6 1 753327
8 5 457570
13 4 369016
2 11 285212
12 11 527673
5 1 942162
13 4 194048
17 11 809631
17 13 54332
12 5 83777
5 1 999505
4 16 974165
13 12 181794
13 4 445422
17 16 66381
3 11 458332
7 6 998698
13 6 552788
10 5 312971
8 7 72708
11
18498040
24219413
22438437
25148150
17664246
15412601
255829
16387181
2594394
21732524
13954856
