4
125 956
98 69 809172
12 38 974200
118 56 431706
30 71 414546
82 86 290249
75 39 680322
11 88 547054
109 88 848992
119 107 193750
17 85 333376
74 34 818046
121 45 496435
70 14 487991
25 44 815288
47 102 270100
46 28 182513
94 39 705600
39 116 226618
20 92 24111
81 92 904560
115 13 594180
11 49 774351
25 16 386227
45 53 412648
123 27 729318
3 16 242662
41 92 819410
39 6 245150
8 2 380991
96 83 366560
30 72 170174
61 59 470222
13 83 774613
114 104 894290
113 102 800419
56 81 889059
69 121 716003
103 11 751133
105 121 779009
72 91 96341
6 97 609764
54 9 283448
3 21 26382
115 111 645838
6 98 964916
26 5 228746
62 73 297093
64 51 927830
71 7 347575
56 78 613142
124 84 112738
12 114 473246
61 116 985368
45 82 518978
7 65 519428
47 90 199682
19 26 835107
111 89 212407
65 11 642140
117 67 472592
8 65 103027
98 53 703618
70 91 228233
40 10 542
119 118 398481
46 16 738820
80 34 943323
61 19 211638
69 60 294899
83 28 4817
26 36 437733
53 110 203410
45 54 134352
4 93 224236
45 87 151603
2 109 397720
49 63 158628
121 123 764123
8 66 142035
8 125 639937
74 26 387324
33 55 496933
45 99 474714
21 79 306033
109 101 509869
63 102 154705
33 25 407517
35 122 136117
33 5 552909
44 114 300034
105 40 882786
54 72 887840
88 116 535165
51 12 52993
61 97 958218
31 34 165672
110 66 414173
104 101 647045
95 110 592276
105 28 544764
13 109 25678
25 14 472750
114 102 122092
28 4 591705
123 64 622176
67 95 881460
90 79 767275
13 57 954602
57 3 207563
82 108 668192
95 97 976426
23 99 35939
124 87 860017
90 92 407021
45 66 15686
72 7 679530
31 97 585961
33 86 142494
111 17 1599
49 75 716183
92 44 102631
17 43 43729
58 18 427316
51 85 821259
48 4 762199
109 52 241057
115 83 423505
52 92 723715
23 77 305083
121 125 243532
53 92 600178
58 85 400697
37 119 117840
79 45 390049
64 69 809029
12 29 996955
45 19 351639
50 47 640355
116 69 334057
74 64 640306
82 116 259999
9 26 169561
81 39 921281
22 94 375177
70 32 454621
75 20 691649
29 64 282144
43 90 812066
22 58 940259
78 108 668323
111 41 228790
86 50 724292
123 107 682205
29 105 78900
80 26 702931
52 100 865552
76 105 291468
71 22 920534
11 21 476466
20 75 297050
69 37 109466
85 100 30242
2 97 460075
58 125 516804
83 57 106829
13 108 39178
65 35 343509
32 106 822406
65 93 665278
8 89 689829
57 32 536366
124 117 497590
115 118 743061
64 50 710413
117 109 774821
47 122 390905
76 38 250315
85 46 667897
92 87 455716
119 71 37680
72 3 114813
39 103 399554
3 93 648898
41 8 545050
78 102 166908
125 23 733756
29 99 111145
70 35 74190
91 1 576129
34 96 577074
88 42 890428
25 58 625656
56 60 329350
78 77 945232
104 6 506458
114 5 636208
119 34 373658
116 103 62317
55 46 40942
35 79 491162
109 18 102805
36 19 412237
43 74 433399
17 4 909350
124 107 66856
58 95 197087
15 66 658245
47 56 249700
113 87 122995
31 122 766550
67 82 701692
99 117 559585
62 12 256136
85 28 923889
37 26 140597
119 84 73169
80 75 971711
52 122 431016
1 109 74329
120 117 961427
21 35 669383
87 8 604977
23 47 393863
33 108 365390
23 19 981143
120 114 231226
38 69 784550
123 120 14773
115 120 467859
45 91 701100
97 111 722009
104 49 149744
80 48 396540
67 81 412147
82 103 622268
99 74 93756
51 88 23699
77 62 103045
100 51 65141
60 96 32981
34 44 805818
42 22 85343
12 102 431141
51 20 615698
50 78 46550
67 28 413351
72 55 756563
123 7 564250
42 83 783777
58 17 489474
15 50 642767
60 68 913039
27 57 421617
42 107 562363
114 8 184316
16 74 784968
93 21 628250
30 120 466006
6 36 862065
33 70 251581
108 85 368357
125 121 934401
15 22 615809
6 41 292768
118 29 893775
35 21 41099
105 113 344846
104 120 828715
86 125 112102
25 9 743797
82 117 789483
63 116 54978
65 5 141976
124 112 965266
16 104 656897
40 116 263417
115 95 230882
62 73 799501
26 33 566227
105 57 798486
26 115 502102
110 29 836194
64 93 197448
39 68 556536
55 60 926764
53 77 557856
94 66 202075
77 105 520374
77 5 462406
54 86 922939
16 88 669905
117 72 555308
60 112 29901
109 26 742195
19 57 952255
9 109 70206
115 54 653498
41 6 46977
40 59 595709
47 89 411794
88 104 271734
117 72 448657
50 6 513894
52 91 125771
121 109 733202
102 95 25787
57 84 266942
32 101 687549
110 15 87108
68 39 548196
89 103 385652
72 94 585223
103 120 499456
98 46 325796
118 19 137132
46 120 860226
82 29 569286
1 60 466386
49 44 588253
31 89 913643
79 52 365495
82 100 130065
60 9 779027
82 32 607746
100 38 169667
72 115 273725
100 25 644725
11 12 703274
54 14 365281
119 8 91836
22 2 204042
121 44 901471
27 103 614706
30 36 653737
25 113 346251
66 59 898990
18 10 537366
117 20 642128
117 50 851493
23 21 974501
85 42 979354
2 38 114272
74 41 11851
6 70 686262
95 94 824499
95 12 222284
62 29 854270
52 20 43891
54 114 543042
47 11 611437
24 72 461104
2 73 528118
24 21 404908
124 4 386852
112 98 598047
87 67 691808
120 3 458211
116 32 58333
6 85 195446
48 108 751183
109 6 817379
87 8 598077
79 8 27449
111 108 720202
64 95 846424
111 56 268718
43 28 886072
106 18 235853
63 24 476540
8 71 943272
42 54 643255
45 118 523137
98 71 246246
24 34 791728
77 74 362197
103 59 298503
70 79 339280
118 59 855149
73 98 857297
112 82 405117
110 123 626398
114 19 465890
102 94 968062
97 117 537822
75 68 562021
123 45 155056
102 91 8736
108 84 64919
7 31 930993
53 119 769699
22 103 364923
21 69 17692
12 45 358785
73 17 932003
122 68 941195
119 42 781842
49 19 206307
35 103 133367
55 109 798874
48 14 679367
98 12 750822
21 32 140140
64 43 886809
98 92 753427
77 88 531721
21 81 583888
89 107 241133
21 118 842735
114 47 243844
113 71 334459
81 21 3345
27 18 393251
18 81 2770
54 30 283611
105 106 289949
53 1 100154
65 67 385635
72 64 671479
56 52 989901
1 16 820948
61 97 934320
30 100 178587
7 95 87792
26 23 537071
12 104 458426
62 31 309404
90 95 871845
77 18 384760
55 51 948811
57 28 911929
107 89 437127
51 95 791578
13 79 115422
31 81 328171
102 92 666900
4 28 179680
32 95 966752
103 23 269246
112 54 929898
25 88 192551
78 69 424366
79 96 628687
31 85 198765
55 116 653721
100 92 277164
101 95 359044
8 104 515865
9 58 649614
106 22 915417
4 23 852231
31 100 764651
21 30 586997
59 37 14206
74 91 134071
21 43 14
59 18 70461
79 25 171166
68 10 690325
56 116 496346
75 96 570743
55 1 825444
81 123 697575
54 56 462362
111 106 267929
57 103 926096
47 37 620114
109 92 562365
24 12 203250
99 67 844717
46 118 900312
39 25 595289
84 82 354013
34 10 805170
122 120 147526
50 28 67503
21 52 842266
111 35 347210
100 59 581846
99 9 712139
65 54 653507
103 69 290883
118 28 356214
5 38 952848
27 34 127694
29 83 14824
8 80 614250
24 65 512784
85 40 397944
55 115 443702
68 32 179108
51 111 658551
58 104 740180
21 85 605217
95 111 748727
16 14 405935
89 22 51991
65 22 274306
98 106 667947
19 35 436163
72 102 907319
54 5 14430
82 62 869135
11 83 309094
80 29 655830
56 44 89570
92 109 161466
83 48 262839
115 123 708194
38 16 595728
75 64 153932
19 118 552663
50 74 50099
59 61 35158
4 117 460687
60 48 487082
5 116 612816
72 50 968488
36 16 583235
104 53 371352
59 3 776541
92 21 977908
4 47 666708
79 82 583120
112 85 332362
25 20 179511
106 1 46853
46 72 470028
34 84 272395
120 40 89198
97 75 872950
12 18 47322
118 80 724201
51 74 671062
10 60 594961
6 47 522294
6 25 546089
55 29 54724
115 48 146594
29 120 609815
103 46 365928
120 94 616300
117 63 533379
68 113 33577
106 123 382489
44 105 427262
87 111 2536
27 17 80541
1 6 914589
71 35 354185
112 114 183083
39 86 59301
88 77 78614
68 121 127328
19 102 158677
109 122 430407
121 60 77994
8 86 759760
49 63 985117
114 8 241003
48 119 685719
107 9 753804
33 73 257755
123 15 954478
75 11 998681
2 96 501677
10 91 502111
3 76 62423
114 124 720986
82 112 140743
85 11 964214
30 118 557324
83 2 20022
64 101 918388
41 50 769648
96 28 988994
22 14 3686
109 16 816261
9 106 23611
119 63 540324
88 124 720585
54 102 530462
32 123 607025
7 112 638066
33 10 667786
61 105 715535
51 17 781745
67 5 910378
24 115 276348
63 41 783061
38 102 770338
65 30 831291
26 61 912265
28 44 911627
93 76 196988
3 113 471342
14 39 265733
9 82 909089
113 105 59704
86 43 266994
123 80 711220
62 122 451976
103 124 971138
117 26 284181
118 95 67506
105 75 817119
48 88 795384
8 73 559965
96 61 821694
26 123 913338
121 120 997895
90 56 303368
42 10 843866
31 2 259119
86 96 187190
69 53 779514
39 77 267977
47 84 467026
11 32 254336
56 57 455310
19 53 820304
38 119 668712
30 13 315471
122 43 189199
92 4 201522
32 49 549426
22 64 704252
123 110 964438
24 97 722719
86 27 71502
21 45 761429
51 59 52775
12 65 881162
85 39 734079
33 107 412059
31 115 498959
81 12 811897
60 111 146256
122 111 94704
67 49 446231
68 69 146877
99 96 194538
123 108 376227
11 44 84867
66 76 63224
125 84 531190
60 39 235576
82 98 993414
64 71 239024
18 12 259447
123 57 509992
101 30 327315
13 27 347422
115 37 434840
83 79 778767
33 78 97077
98 115 422843
25 71 976667
63 9 722988
64 3 417226
112 102 614532
81 78 592686
20 90 920814
43 56 480077
109 14 520906
102 46 971710
54 18 331449
21 43 412019
62 82 392380
26 122 850882
2 86 750109
33 41 236936
71 60 22252
9 79 965933
86 62 669196
116 38 711616
75 68 140736
24 88 192130
19 2 375563
23 27 930060
7 28 147770
92 38 538685
4 108 946471
5 116 234901
62 53 322462
109 43 536976
100 95 459169
62 95 28233
66 113 704484
3 113 727261
39 96 30140
58 62 711302
94 65 396136
41 46 489104
66 85 470281
4 68 376926
105 19 664395
23 57 180489
5 122 853578
91 102 559690
101 15 182410
92 73 471846
121 18 697637
6 59 882035
109 101 474619
117 105 177288
42 84 701659
38 83 188465
26 64 829837
103 29 34040
20 106 698429
54 73 3478
2 68 487871
115 50 130781
24 11 650756
119 2 402962
9 20 891670
42 57 125104
6 59 615145
69 13 549923
85 32 205756
14 63 580078
116 64 933247
88 30 661398
118 54 737283
101 24 663886
62 32 818132
84 50 864415
62 33 983223
81 101 544486
106 61 624244
111 51 888556
40 18 841971
36 106 182126
35 98 307406
68 50 692429
55 112 547188
62 70 56987
101 108 926644
51 64 502347
13 21 818134
108 6 572434
39 22 285076
111 34 960283
111 68 212483
118 112 208782
24 42 352143
86 80 50587
49 32 945570
68 82 652235
16 71 236857
24 54 872487
59 69 204610
111 54 133768
19 17 837710
1 9 570072
32 9 511090
27 94 962544
90 120 305200
11 39 38634
97 54 223681
78 54 968234
64 89 193552
25 74 257958
42 92 827224
2 69 241459
50 78 193093
14 104 745663
34 45 956157
85 56 267570
70 27 698600
1 105 551028
109 20 429991
13 45 136917
95 86 115735
68 64 578929
3 90 767983
95 80 518688
110 113 397982
16 50 867787
63 119 613041
14 119 354247
19 80 963891
9 92 679287
27 61 117850
12 105 117288
42 107 796730
1 54 634559
63 38 109672
44 30 559971
58 69 540441
75 83 758412
71 101 182116
59 100 533738
119 74 485226
75 88 531994
56 67 346744
86 1 680181
123 47 927951
5 119 559860
73 36 804809
30 72 404004
5 39 483442
91 97 242166
55 90 118739
30 16 628951
125 72 935893
118 9 393745
25 7 961268
100 11 88761
62 60 789398
120 90 732095
101 71 373258
42 36 568582
59 67 798296
24 73 157914
76 72 403462
70 64 308095
64 88 342351
81 40 695713
68 101 478773
91 72 3589
37 24 785659
21 65 555672
102 100 847363
125 123 662311
38 51 532507
124 120 321048
93 59 708112
46 116 621651
110 59 654228
7 1 610652
72 14 894925
106 34 506842
27 11 688566
116 10 591541
51 24 361068
35 22 416687
82 91 184847
68 113 110463
71 98 314998
25 81 587850
51 28 661113
101 8 424396
44 11 962633
86 1 74119
1 29 916767
68 63 410390
107 121 863083
78 63 617195
17 110 884792
116 10 177350
90 60 465752
77 12 568361
75 55 524496
82 16 214223
76 118 783501
69 38 281188
84 19 544683
18 73 282098
87 67 631434
106 57 730568
80 22 222855
81 75 3218
43 24 62148
38 106 637265
10 33 320109
113 101 955396
27 36 992516
62 53 616316
34 117 937257
69 97 786688
12 28 268811
93 85 528386
60 2 506159
59 16 681116
73 2 611023
57 114 245351
54 16 478136
47 77 205166
112 87 43634
95 30 878332
9 18 886609
70 110 50568
80 45 938569
90 103 107811
81 28 739812
103 61 134426
78 114 605543
66 12 181494
106 100 693432
91 69 740086
47 55 601081
30 124 466565
74 55 372461
119 19 864564
54 76 612841
115 54 937401
40 108 309991
82 48 239480
52 5 825829
108 95 39000
46 16 182031
1 45 491029
65 95 43435
26 88 829055
66 16 529006
8 6 754309
10 22 783018
102 81 60566
81 7 341172
12 92 635767
113 12 339032
18 114 853929
23 30 231023
82 32 925236
11 97 560728
16 104 844608
51 90 944005
46 67 980812
111 22 620170
32 10 555511
25 122 559624
34 14 233589
87 36 527619
86 94 330525
48 82 23224
26 74 702202
110 125 853917
91 45 304710
27 7 777708
72 15 615093
59 40 372214
58 73 747455
21 11 231842
116 73 385163
16 98 520119
114 100 682067
42 84 141668
60 27 681939
19 53 363445
102 101 560062
46 35 391203
111 69 195900
42 66 377137
9 57 165936
46 72 3885
39 37 935359
82 55 837670
125 115 654821
63 110 367623
8 63 628951
46 108 961610
123 94 957928
124 10 851493
112 120 169924
47 17 760097
4
4925281
15645234
13951141
1994488
113 1978
64 55 119370
56 27 652105
32 29 953831
54 78 712723
84 54 934546
96 37 867616
46 82 945647
5 37 128904
13 92 98607
33 4 990021
50 67 14803
26 1 708977
102 24 614222
14 77 220873
50 40 412770
96 22 308007
110 68 434349
21 64 217361
63 76 292712
62 101 22551
48 37 590368
87 54 501904
32 34 291676
5 47 347843
55 97 200490
37 71 465827
56 67 788968
34 79 294171
49 28 468354
34 82 42805
15 16 278501
62 94 294810
109 12 260190
59 16 128469
86 62 612371
38 91 646441
12 33 614647
37 58 495338
20 107 384715
63 19 446791
92 33 122531
37 94 459441
28 82 682851
52 27 890628
1 112 819998
47 37 883729
41 40 906180
102 77 321699
16 88 863999
62 37 309439
76 8 713272
105 36 633163
106 55 603718
111 106 432964
19 99 436041
93 32 846141
31 64 612738
106 53 557504
4 68 974609
9 16 332405
24 83 190050
71 74 309692
91 58 535195
79 56 610398
94 66 180120
99 45 373084
27 67 835730
99 51 699057
14 54 974754
16 54 47535
38 77 364190
68 27 47249
20 4 105209
10 75 188215
106 55 735951
74 40 19358
65 58 471220
112 43 965012
105 48 855136
45 63 489240
104 101 209464
20 47 212729
113 66 164901
30 67 669696
2 60 160078
39 12 104791
112 77 349975
25 75 508367
93 58 653824
45 35 941486
24 52 420768
70 96 947298
109 81 227116
110 27 903545
36 38 524687
34 106 874661
51 59 383027
30 109 553202
2 89 830506
36 52 541718
88 26 203670
62 105 610177
75 100 639308
88 96 779527
26 10 183066
49 44 891590
93 86 782497
71 2 432238
32 4 908371
45 39 842342
73 5 197079
63 49 132089
49 6 273751
24 103 318957
25 108 405201
68 105 849753
92 34 373182
10 29 797905
46 59 156598
5 64 353676
55 113 885494
95 11 814734
100 108 154850
89 110 442493
75 46 371332
9 98 610158
34 60 733677
62 40 617537
7 66 319807
62 58 44157
62 113 400763
64 96 545285
50 93 773600
46 10 268775
84 92 438750
29 100 549669
65 20 550122
110 81 864831
106 44 908556
51 64 831012
42 64 256874
24 43 976244
4 103 824432
5 11 206637
96 90 972612
82 48 865096
93 58 491256
52 98 734952
10 83 814806
29 20 455169
93 53 496295
2 77 599056
65 72 475417
53 68 653256
11 51 269844
102 11 952453
31 104 701535
53 34 831799
48 43 814552
79 71 507479
51 42 137407
87 43 778599
45 100 660169
96 39 453722
45 50 718548
74 30 277213
30 61 305897
43 113 215598
33 40 363734
96 110 175210
66 47 481039
80 13 54444
57 49 871670
97 31 789852
83 67 982921
7 20 972544
54 49 623817
83 84 427995
32 108 636380
16 90 580130
71 42 714413
46 113 535524
63 56 675222
59 31 92572
93 1 440828
55 7 538891
46 52 822861
98 21 994271
20 44 401272
86 60 858415
35 9 389532
22 54 132027
14 3 380852
111 2 462377
103 10 900473
101 36 827465
39 103 894625
51 19 389779
95 50 37664
33 50 265678
41 83 724456
94 2 718758
88 82 904634
28 80 666728
51 61 386002
24 49 160519
42 79 757895
28 17 349542
41 111 858811
18 22 742847
29 62 16414
61 34 454712
99 113 273860
76 19 405533
46 70 368919
26 93 54675
41 13 518493
37 40 188884
44 72 729941
101 89 306962
85 109 827067
31 48 871180
91 33 330233
111 100 244129
98 33 42542
24 58 658648
111 90 919911
50 5 204603
6 49 451558
63 28 665735
21 104 178219
39 21 680762
83 103 408472
13 101 298688
74 77 985432
92 100 403762
80 97 197844
73 33 641924
96 30 601896
78 93 420218
26 105 356089
75 30 942273
66 104 633483
81 3 187225
83 77 41736
109 55 82286
79 13 847197
17 77 887665
81 52 876223
63 8 59162
81 25 743444
81 99 272487
93 51 517472
95 19 324981
76 93 939144
28 89 918854
63 46 922759
89 55 870768
27 22 967485
107 76 697171
45 43 209209
79 2 198168
29 95 861163
83 68 90312
19 31 733358
30 50 259381
88 113 72142
45 88 402187
62 106 891440
18 91 141796
93 22 89826
80 92 607968
45 8 638496
60 82 814892
85 92 357083
89 9 790452
61 96 713637
70 27 490186
28 80 7762
104 97 626237
29 77 921122
110 35 635862
64 79 42942
111 25 692537
105 109 393277
16 77 600656
90 24 266232
41 93 796411
72 112 578312
96 94 95773
89 9 45963
103 111 154442
96 61 135731
88 50 818286
49 42 841476
93 57 422305
32 25 336506
66 58 656220
5 16 299985
23 103 159240
25 70 408484
95 60 621191
87 34 438032
44 9 981151
17 49 98142
91 20 113383
15 51 366383
75 3 54425
98 112 700398
6 21 312065
7 38 515660
9 11 748658
112 89 130568
42 19 737034
29 28 260593
41 5 94521
109 12 872177
89 78 343440
13 63 304720
50 68 850680
76 67 77093
50 67 29921
84 65 412660
38 106 328338
97 13 111591
83 45 636598
96 41 325664
30 16 31646
79 21 927114
13 70 279348
72 24 796644
40 73 854781
18 43 107654
84 72 993293
48 47 9202
39 16 253520
19 103 355983
17 19 199325
85 97 837969
102 101 972313
66 52 914421
95 91 212656
70 108 99325
109 78 704993
19 13 799399
47 43 159485
112 61 363421
111 70 799733
110 33 811862
16 14 220877
96 79 877459
78 52 375052
20 8 227224
109 3 879339
35 14 627029
8 52 130940
110 50 511319
88 40 610180
84 36 459168
56 44 501749
16 26 533622
26 96 835079
14 2 777251
100 102 467793
38 23 932700
101 23 148469
78 19 884973
2 98 530897
100 68 769213
109 3 437890
27 18 25592
6 43 446738
45 48 430336
92 35 559358
20 72 571500
66 52 266161
58 16 319177
92 9 577616
52 108 357563
40 95 470878
70 8 654790
110 6 819461
27 50 823592
42 20 927109
45 31 976646
71 96 631936
110 41 540270
47 19 696614
88 71 227499
76 102 592093
107 57 114113
112 99 337889
41 67 992001
60 61 238173
91 21 539493
73 25 139678
113 35 59039
11 54 72367
73 66 443258
61 52 285025
110 38 297934
43 36 646655
3 76 335319
109 15 951091
33 105 59860
20 56 800565
108 48 597892
16 58 608184
11 17 362326
74 77 224913
74 65 895994
25 108 977402
58 110 324184
44 97 272791
90 8 625227
35 27 679857
110 13 281766
106 28 773136
42 39 975088
43 104 55006
88 64 866315
57 80 39478
54 24 428736
5 67 542441
83 43 102413
31 70 680850
34 66 417427
85 58 887536
79 99 163542
82 20 721406
39 100 813450
69 35 770309
85 80 238639
89 76 553756
68 37 183104
63 67 186541
68 93 364632
93 64 831620
25 21 712040
108 102 368217
69 28 57768
93 88 643982
75 52 653315
89 19 893600
49 87 153977
43 36 576026
98 95 839602
105 74 742823
48 91 91528
73 85 828102
12 40 556605
35 11 143351
92 86 627818
2 53 471445
101 93 733023
11 14 998613
84 103 465416
31 94 67210
33 20 691531
55 92 18272
58 96 285189
88 9 789381
85 100 333859
11 101 157261
77 89 329696
108 91 550617
53 61 6566
84 83 578524
76 2 581760
44 48 761015
97 106 484507
61 72 810003
1 94 154586
94 76 76865
61 38 732167
38 6 386080
90 68 505409
51 110 691947
44 51 570015
91 84 982707
83 82 680587
42 89 684199
76 81 538021
8 61 549103
17 8 889881
12 37 297627
51 13 711938
61 55 704772
25 98 795718
33 76 164030
24 37 533200
67 70 712373
31 33 305734
88 40 816766
107 48 90910
43 51 404126
97 102 137038
97 41 549119
102 58 70577
36 90 393875
45 105 269133
14 58 158844
32 105 597206
63 77 965195
103 57 223065
40 66 294912
20 87 78697
53 41 83605
110 101 400582
86 2 397940
77 45 928497
13 44 687779
92 67 269146
24 8 667279
62 110 672672
22 29 82191
79 48 145099
111 100 757126
18 96 956080
57 60 548909
27 23 410870
2 27 948026
57 5 735585
86 20 803301
79 82 581525
16 95 796886
9 60 178503
81 49 643265
80 66 340604
66 1 869685
46 27 680344
62 29 786386
8 77 998831
20 41 431238
24 7 532448
24 14 41877
52 14 770790
14 94 797881
68 52 723108
97 5 947050
72 50 867648
61 112 446101
77 111 370188
90 10 425406
9 33 762682
1 56 603743
87 107 514428
104 112 672538
65 59 835200
75 34 474844
93 105 624026
17 44 209968
74 8 180695
86 97 788142
26 97 835610
76 97 937327
27 62 857474
96 53 323609
32 109 946293
12 70 98833
109 41 167265
22 58 831933
37 18 911925
50 104 406072
64 8 745611
110 83 462989
98 109 632786
79 91 509440
51 2 890831
72 13 532770
22 1 865955
59 22 790736
27 50 236861
2 92 123574
65 42 359928
103 31 741309
11 15 838754
93 107 867902
94 108 882222
98 56 511727
98 53 308497
111 99 969902
40 42 543232
18 79 522632
51 19 247643
81 33 951993
96 34 289129
68 5 652057
82 98 905815
54 75 208694
48 59 893880
92 49 369800
49 88 82581
105 97 435288
113 26 664274
110 107 634568
4 81 959967
97 27 1114
70 108 87086
29 48 317896
51 87 588387
110 65 663202
42 106 452162
14 97 609198
57 96 418604
5 84 81592
82 88 169967
80 63 483602
82 19 923102
60 47 854337
113 89 821736
103 86 650149
20 14 309476
16 19 342948
108 68 756846
7 72 347866
110 41 518946
66 7 624622
41 80 767894
9 26 403632
3 7 330852
88 45 795453
93 67 712215
103 72 754526
57 52 731793
8 3 790651
48 32 535827
46 11 764605
12 112 432837
37 34 955404
54 36 816059
51 2 326862
68 86 663492
91 75 859422
109 11 812196
20 18 112836
32 57 965126
101 102 925685
98 105 170489
103 20 335277
11 65 240594
31 3 302024
86 62 449045
95 31 593146
62 26 226632
80 45 988788
93 68 300444
24 56 389350
70 40 291289
9 21 839050
79 31 627494
70 53 954767
55 26 165378
11 112 971541
34 60 611431
67 18 849542
4 102 476526
110 12 60912
83 81 367305
47 82 828541
23 39 916375
63 108 930515
97 41 230525
71 52 479897
75 77 538052
105 31 249889
51 26 211893
72 23 389187
19 97 740161
5 31 435302
3 45 809887
31 107 104509
112 90 170249
97 47 423446
80 113 973597
1 105 80038
53 42 215204
93 105 679537
23 10 895090
34 6 153152
5 8 292772
6 38 457795
2 29 602987
38 12 893725
4 84 334254
46 84 536003
111 23 348514
80 2 248312
71 25 329012
45 50 957918
50 47 447218
90 52 745990
11 53 268397
12 90 761315
52 85 188287
91 10 603716
113 112 257492
63 78 877857
109 35 853999
51 79 926078
95 7 562098
33 97 539241
8 99 994721
4 110 615136
3 40 823933
93 9 78355
40 8 974792
2 70 728447
71 65 51560
42 107 322868
71 88 728228
25 112 76762
23 7 309913
73 2 547019
91 4 198158
81 88 597581
80 6 797644
77 8 663210
30 70 926240
17 111 464799
75 61 720454
26 77 656772
73 99 536096
97 50 143174
109 28 722968
40 108 12820
101 67 583742
48 22 725928
64 52 317235
24 60 244365
83 21 917044
3 46 930073
26 110 789987
56 85 556916
78 73 813290
96 112 415745
87 91 926284
84 25 836050
80 81 389840
24 104 122861
79 73 390686
72 67 921540
29 93 792186
77 27 861590
61 104 160420
72 78 403185
61 44 220168
12 14 376310
89 86 567523
104 101 236398
57 66 847735
31 17 121985
35 45 748625
43 8 747398
6 60 777830
50 10 562887
84 71 148094
95 74 568136
10 49 97995
13 31 538553
104 79 650528
41 102 350962
36 23 86279
3 57 646467
3 62 588439
91 103 241838
31 65 538759
13 39 889134
1 48 161716
74 53 746344
14 43 765878
19 75 643708
32 110 268669
89 112 982002
33 107 128945
29 84 869916
42 106 640805
109 6 178130
31 6 825496
98 72 699482
82 85 3781
23 103 135183
66 13 182969
9 101 444818
1 13 668129
54 41 114379
96 74 411861
82 69 159614
106 91 958477
57 75 939147
59 43 607473
96 57 646686
93 9 407747
79 10 493286
64 10 33418
25 63 132933
70 37 550020
108 6 823437
37 103 358669
77 46 833783
75 97 962418
36 79 575860
99 58 285111
61 16 875193
3 71 360811
61 95 354557
55 52 726347
113 46 149688
14 74 286357
4 38 994555
69 104 457410
54 27 711407
96 4 375376
26 57 148638
69 59 992362
9 111 574677
2 52 526312
24 44 775480
51 57 965442
60 52 87379
106 7 80437
30 61 552087
16 35 149014
59 60 795317
5 8 984281
20 16 749324
17 9 739729
57 33 505517
29 83 902828
67 21 290331
20 13 18159
77 42 48731
39 49 957906
5 108 547145
18 112 691642
90 18 268559
46 27 116101
37 83 476965
72 104 17190
41 49 23134
62 68 5701
90 32 938654
56 70 533397
49 66 165307
94 84 983021
32 52 495253
99 89 276678
61 12 853607
47 83 1520
2 3 718562
83 64 608464
72 40 718957
94 88 634831
43 15 505101
36 49 550025
87 113 134697
62 90 319117
73 29 13205
35 62 208130
37 31 942541
92 67 199004
19 13 394120
98 20 122632
104 93 532803
99 15 442347
4 101 363494
7 49 561319
62 1 612750
50 35 665700
31 63 469916
95 41 882595
109 51 14230
103 27 813400
19 18 601317
33 108 514316
96 103 422720
30 109 163819
53 49 830647
96 90 310208
79 7 153597
85 94 899034
43 89 90025
6 71 389495
101 89 923236
62 8 474214
30 96 108805
91 12 961705
87 56 868382
75 38 325688
89 108 574457
52 79 73580
47 1 505708
85 6 297665
37 106 572082
5 46 894466
73 68 190810
16 37 857312
60 10 938938
30 76 564789
98 51 400564
43 94 948884
81 27 575990
86 112 812464
49 27 988057
99 23 704085
44 95 474864
76 103 755817
6 41 710762
104 70 686697
5 54 477477
6 88 785754
85 47 961506
51 20 643812
14 68 705815
82 53 103454
74 97 278240
13 51 404384
100 57 927239
76 47 231538
13 44 159322
106 41 285045
65 12 198640
43 54 922165
19 67 236933
13 27 264081
30 92 381723
20 104 297020
112 91 867282
18 45 547798
98 57 903357
6 49 334522
107 106 306528
28 35 879012
81 46 897141
80 58 832619
18 79 905883
37 90 591795
1 88 678877
13 97 877890
63 82 391883
36 79 698331
56 72 582989
72 91 40066
35 58 197020
57 16 792369
96 26 413216
9 62 370502
18 54 68612
108 58 434782
25 7 700551
95 34 25240
100 82 726596
90 40 3260
1 74 293746
70 9 834988
75 105 407417
38 105 392756
91 1 120728
5 109 942262
7 12 437859
83 106 510877
3 84 12188
107 60 248320
68 60 614636
87 8 8278
8 75 261863
67 112 281273
66 89 691008
5 85 686295
1 84 628672
108 53 942725
15 47 810432
11 40 331135
38 100 61249
26 73 681443
6 80 500436
90 33 447795
44 98 894023
112 102 424081
62 94 956400
23 80 707882
81 95 703766
102 105 187000
77 22 160842
95 47 919038
16 52 812927
3 20 217221
94 63 73731
39 62 986832
68 10 415137
68 25 280152
103 97 609106
80 85 930538
80 48 492766
66 22 426778
19 37 740851
43 32 696847
91 4 608742
2 42 651192
14 101 543195
111 47 397069
53 37 671890
98 108 694443
5 74 763156
46 18 488335
12 36 551422
29 70 969203
57 39 705825
34 40 655310
65 45 241738
105 34 937862
48 86 967914
87 62 519308
98 66 811747
36 111 6072
107 9 537672
94 29 219473
104 77 785047
4 103 791772
50 54 775535
76 37 118768
35 84 617974
30 49 398612
11 34 907569
65 69 121260
15 62 15516
105 43 331189
30 33 765123
106 29 442413
108 78 530602
33 32 572884
96 66 449975
18 87 382821
10 97 65863
52 40 745905
91 46 460337
25 37 244229
85 66 615839
109 50 764638
8 44 862287
74 68 150525
54 42 599915
110 60 662020
101 61 372497
12 112 59446
96 89 245288
15 106 984048
90 77 495196
68 72 563780
82 80 497921
52 32 73155
46 85 408247
106 73 637524
26 60 675949
34 63 431089
90 45 56909
71 60 52571
80 28 265615
41 87 493869
52 55 663392
99 98 337490
84 23 89046
5 7 884388
91 32 589982
19 57 820748
50 26 806236
57 96 490432
48 62 666620
11 94 434286
37 33 74419
21 10 449306
36 93 709470
14 89 971178
65 66 896449
55 76 857779
107 13 947318
82 61 377649
96 41 625896
69 68 217015
93 19 471525
102 68 96228
73 18 809976
40 87 408112
106 74 112581
68 110 154149
72 57 485600
12 92 823835
7 66 345042
109 21 816886
21 113 879500
58 93 391420
9 44 612808
94 84 321726
10 76 443443
93 22 939291
56 94 382457
101 105 719623
19 103 738663
91 90 629247
4 102 448503
33 38 749761
16 46 524883
16 18 743333
95 28 891583
14 7 230824
33 63 744404
109 42 645683
34 60 463305
33 38 372221
36 33 556741
38 65 521093
20 80 877856
38 88 920653
17 61 90300
72 66 499377
27 99 302031
75 86 983862
106 7 401408
5 31 383359
106 66 295656
74 95 985093
79 2 875795
16 31 580568
75 47 937489
41 110 906354
13 23 426452
39 97 880239
98 81 20042
103 85 584523
25 69 202928
92 21 840112
102 99 762186
71 106 494033
14 68 811689
2 108 90386
55 112 77297
77 37 33179
71 13 87360
72 2 735850
86 26 834515
53 4 972801
106 98 188150
39 55 842067
10 61 887907
11 62 415970
9 108 925632
38 71 235275
42 28 328760
5 91 607494
53 56 487541
57 100 748202
73 92 890923
66 17 307850
52 18 612253
105 20 225269
31 29 53251
68 66 555354
12 99 611816
89 103 759032
47 35 581523
22 83 798569
113 34 766633
68 99 247900
77 38 736402
33 29 592883
42 52 875025
37 111 692828
94 10 79470
65 90 122311
111 23 557199
107 44 735001
81 36 144869
33 103 974952
106 66 100021
75 90 375278
56 10 765747
72 46 164355
25 18 322729
75 74 85980
107 72 577952
60 57 286187
95 25 958885
42 49 519673
96 34 276400
57 100 841318
55 42 956047
88 1 190189
14 17 99097
53 91 810938
69 85 84744
100 23 18389
61 110 926792
57 38 60233
26 12 182964
60 69 547738
62 2 747436
73 90 173436
16 95 518565
81 34 378645
106 95 843281
90 81 18727
25 28 607280
81 76 270160
80 101 498669
105 39 392829
3 92 844269
55 51 618734
100 58 396931
55 17 17940
85 9 567741
86 98 656989
110 1 539166
16 81 722212
73 40 209447
21 31 793622
44 25 316054
61 79 249141
54 65 815775
36 112 598700
36 83 925206
16 56 912739
77 52 63337
43 59 336493
77 11 276089
97 31 97792
35 66 349339
63 14 294518
21 67 139467
27 95 886400
58 9 946665
89 24 163541
96 92 555755
112 14 730586
88 90 474546
94 73 802655
18 99 591390
70 41 201370
88 53 284032
58 79 236307
17 15 76134
59 95 887606
35 78 360414
54 68 517373
11 34 113398
98 15 841584
95 24 495551
36 93 424058
103 68 359893
10 4 635183
4 20 881330
110 71 507189
22 105 458201
10 38 281350
10 48 345834
100 32 895036
28 5 575804
46 32 221124
105 21 125514
94 23 977496
57 18 630766
19 14 64691
75 28 442811
95 37 804529
61 38 396782
61 24 210468
67 43 48240
96 89 501489
97 72 287934
43 52 724312
98 101 14225
67 111 750159
98 72 852422
112 53 165076
59 105 721845
44 45 636128
53 111 782210
67 86 139291
104 61 131428
48 103 151218
15 87 833842
111 32 60630
100 8 855122
108 7 191870
39 57 352223
8 100 714719
105 32 141689
10 98 757991
4 88 752045
60 22 282068
55 28 325557
29 26 29627
105 4 458970
34 104 89099
7 29 208191
77 28 245731
77 11 412187
67 21 272150
21 24 327108
43 75 864995
47 17 642825
16 37 674824
113 29 227502
113 54 153279
103 53 133582
44 16 373905
69 84 59429
11 30 939661
43 50 186595
48 85 931659
67 18 842421
1 25 752722
64 24 723192
18 16 608952
67 5 118222
24 41 119577
8 101 327735
2 111 400737
17 32 580221
38 80 650934
21 25 894944
12 25 637807
32 89 909149
79 98 167940
67 44 19630
99 67 705112
33 74 953765
35 67 210479
65 75 747405
32 113 408001
75 12 573613
14 24 370715
90 55 23185
69 12 758524
54 71 246363
52 56 620283
74 81 770540
83 2 756563
90 66 34363
7 90 306888
108 51 505796
7 57 506210
36 33 60852
32 93 892913
13 34 127697
20 77 399777
94 38 312376
6 112 709581
98 88 992128
31 86 256590
75 72 670252
18 79 644408
89 106 300512
85 25 547714
101 29 586656
65 48 920615
85 20 287407
72 18 640796
52 107 707611
106 24 751610
14 99 180791
78 108 85120
85 76 835311
4 47 487251
7 26 283112
43 83 501960
34 54 764079
63 5 323655
82 56 969954
67 40 704636
25 46 867291
55 10 447362
33 87 983763
12 82 504641
112 80 451963
22 9 437075
77 42 859753
30 96 65075
113 56 729917
76 10 395464
55 34 801952
19 80 652336
83 113 74672
108 3 402175
59 2 666206
36 15 969772
94 91 233488
85 112 261111
80 111 693438
10 74 270782
92 7 712048
106 18 747084
8 100 428304
102 86 140074
42 32 336941
62 59 334720
89 39 151721
37 11 552024
73 90 891985
43 99 625207
22 69 972677
26 61 318036
102 61 624998
64 41 877325
29 82 579658
107 30 183959
79 111 127303
21 26 302145
74 90 257207
11 19 238759
14 32 642262
15 50 786021
33 38 806018
37 102 325981
110 9 231732
102 2 705830
30 73 718045
5 93 18216
87 53 383807
33 55 475549
69 68 113281
52 82 492697
96 106 393584
79 29 727894
102 18 668404
86 111 552055
91 27 229917
85 24 853711
104 110 491812
100 21 36204
107 81 628447
32 20 241215
111 2 708897
1 81 172840
98 61 510370
89 33 817496
82 2 794529
18 78 52418
46 69 409659
5 55 156164
11 40 497985
84 63 593737
4 60 229440
30 53 243814
69 37 446487
19 12 585544
72 86 850460
38 103 991985
27 28 544685
4 32 376014
2 42 477874
73 4 479895
57 8 391127
35 29 88800
93 97 333512
91 108 793666
8 66 21317
31 95 279085
19 113 904327
75 108 905206
65 102 317927
86 61 770934
56 4 21795
86 31 779406
47 2 700253
44 92 843763
45 99 511079
69 76 642196
60 57 661011
55 54 572191
43 92 961244
103 12 862895
98 53 639321
15 1 20897
17 37 252337
108 60 761090
86 34 807511
86 95 649369
112 41 395552
92 95 46941
23 24 16256
31 5 789209
95 103 67604
10 4 641756
84 12 432512
89 112 67031
25 76 728981
75 48 887659
87 46 448522
34 17 64734
27 39 424140
110 62 132794
92 35 406800
13 44 236348
31 14 694935
86 103 902199
78 6 27707
96 72 272228
95 37 245253
22 63 156849
35 89 579206
71 85 989918
104 64 735528
5 68 488060
23 99 752058
44 63 812563
63 19 430664
36 2 413870
56 96 444255
113 109 884665
82 30 814745
73 93 734398
12 75 465537
90 80 559413
98 94 690484
111 24 291262
1 86 428777
106 113 864714
56 55 486731
43 54 743348
84 14 732004
100 86 360485
88 89 310640
9 57 956565
6 41 567311
93 31 354164
8 23 702970
47 15 157787
86 70 990842
92 105 963740
102 75 749680
20 54 444221
22 28 37278
98 36 264380
20 34 129936
34 5 902357
72 5 877853
73 51 3439
74 15 725689
7 99 488856
2 87 661252
3 98 606678
81 111 26827
21 95 387236
10 106 796372
32 27 912014
83 90 58128
44 49 147138
10 1 43758
38 8 267421
57 1 561475
30 3 657923
55 83 917249
100 96 166444
59 105 362074
51 15 104152
39 98 230490
24 20 960409
58 29 451697
99 67 178842
20 2 654639
11 31 112417
99 78 996394
63 64 892905
9 1 33625
52 43 97544
8 81 987020
45 104 63553
9 49 846934
87 34 95554
51 46 781916
16 48 599977
88 26 640061
8 88 445347
24 88 403070
23 26 825953
36 25 142361
34 61 894071
42 70 260923
79 35 286674
69 86 755097
53 93 744018
59 67 395006
37 66 658013
62 89 699484
95 103 365138
57 26 308184
91 51 759109
108 84 161971
52 50 1170
22 110 971898
28 41 212442
82 99 351570
40 14 385675
78 75 724015
90 48 400212
6 104 544515
60 74 143943
54 60 262049
108 112 262117
84 12 756052
32 39 558475
72 113 236656
57 31 979713
100 108 200286
5 84 850502
4 82 207255
29 28 961963
87 73 492344
11 60 575671
89 30 47674
59 62 630745
53 12 617958
40 61 887966
33 39 131484
93 43 531645
79 38 969937
63 66 270895
113 40 193629
109 42 900108
95 18 907853
92 68 705114
6 7 504332
33 46 657075
82 71 549018
12 42 420527
10 7 671813
97 61 363744
91 52 640261
28 39 763412
32 20 511666
57 111 157426
23 109 259166
105 28 569894
21 101 69321
80 104 474085
60 1 634687
77 97 758381
47 66 839835
48 93 338686
83 3 346958
21 60 428674
27 74 214580
46 65 838985
95 77 706206
93 43 431375
19 94 62487
48 57 85830
25 96 255948
53 22 799171
6 104 99256
84 12 580406
47 38 496791
109 75 320038
78 49 739925
25 28 821821
84 39 986252
22 78 421382
57 102 7307
44 41 384287
107 39 832084
68 9 862365
80 47 632555
52 35 950876
88 104 387220
79 15 10907
112 91 812374
4 112 426307
74 55 127437
4 90 271952
69 84 198536
4 30 254146
62 102 867457
37 40 802103
86 7 897069
54 77 342208
49 76 601599
75 79 254080
65 31 352775
35 27 186337
38 87 70287
79 90 587528
113 39 351170
80 75 858003
81 39 428063
64 92 801274
53 19 799457
20 93 441567
98 36 632632
109 63 929016
97 92 198653
55 50 789977
35 49 565354
2 15 190042
9 87 614916
6 37 227195
88 81 37786
18 92 859061
11 68 150032
35 64 521782
84 39 278966
99 94 136472
99 7 315741
15 8 716933
111 9 658502
18 14 37516
9 101 712535
18 111 285156
111 113 42164
14 34 819980
84 110 321292
20 95 132739
4 72 841848
37 87 832493
75 76 446323
95 93 144104
21 93 210759
28 110 962095
6 100 839678
43 105 508845
30 76 382258
55 87 691273
53 82 709516
48 5 35043
51 72 857896
54 45 309342
71 65 100225
59 85 784680
44 82 221769
20 11 77875
30 40 391130
28 86 440500
8 25 878808
51 73 21796
67 2 102747
37 56 263811
99 5 575207
28 63 749470
59 98 71755
67 109 616929
75 18 688619
29 45 608117
69 44 24512
81 91 563854
83 54 620984
25 53 987456
29 3 970503
83 30 738230
59 16 727726
54 13 795095
71 40 286298
108 32 217999
30 49 544860
3 16 893516
33 90 861270
92 106 609186
31 21 415957
102 95 488549
111 40 632895
65 86 910522
93 43 876768
37 29 451129
50 59 566354
26 53 461232
85 77 62140
75 55 945722
5 85 966633
42 66 501009
100 55 892201
60 111 323164
33 90 841648
29 14 226103
56 55 160604
19 80 558825
94 43 951916
32 5 993563
76 1 154871
20 34 922693
58 20 518907
6 71 703942
48 103 789244
3 10 28407
99 66 672133
20 76 265282
97 56 701368
33 79 874366
8 42 393461
67 61 190961
70 110 239062
6 2 719715
52 41 543440
74 35 103358
110 21 334244
78 32 835156
13 15 583677
96 40 641946
61 47 988389
27 113 589638
9 69 946701
19 66 984483
91 4 509794
31 77 913339
94 65 872163
101 30 612278
78 34 176156
94 8 515713
76 69 657215
98 87 239180
60 95 184300
17 105 527833
73 74 490072
57 97 860261
75 77 183157
105 65 647246
53 21 517809
7 107 496212
106 69 489526
24 53 891211
39 112 892228
110 43 927549
63 72 677290
46 65 824017
1 10 359258
57 96 23128
78 87 863154
71 94 218892
26 39 748196
70 71 516680
61 68 985816
68 56 982784
26 5 469823
41 42 333475
8 43 896635
80 99 623392
90 55 867958
91 4 125087
92 29 871741
101 91 25958
34 38 588754
88 105 883187
63 9 372180
102 41 620206
100 41 978398
99 7 337037
80 88 91523
35 66 595230
67 36 932275
25 23 840491
52 57 333774
18 23 648781
47 86 229412
72 66 752958
26 52 43434
6 29 976450
93 108 607837
113 22 768045
15 88 225021
59 104 694255
80 43 241484
17 52 336171
50 98 477450
92 48 135144
53 66 159079
54 71 445889
53 50 135317
18 41 95321
49 48 450987
2 106 590406
90 65 55889
106 81 436189
39 18 614492
41 101 479330
108 40 650907
105 85 107620
17 16 702859
36 33 528144
61 81 178706
60 74 103171
49 51 625676
73 35 112698
34 73 213018
85 105 156047
70 99 211094
7 90 421592
14 98 280342
63 20 878829
40 80 534152
55 18 954981
55 67 351921
14 26 966456
38 51 651108
70 14 399678
90 83 830957
27 89 653079
49 95 828284
77 44 459184
17 75 190157
30 9 955835
3 63 862977
18 69 451119
67 106 156450
75 54 142516
66 30 855944
34 57 496694
83 97 172387
3 60 618585
47 69 847078
50 90 69277
71 92 388352
44 101 946329
35 54 372258
68 7 879156
1 64 655775
9 89 396855
106 58 556692
62 52 415627
62 90 368841
24 19 950485
98 89 148243
17 11 314035
109 37 447020
72 96 681953
89 97 934863
22 97 553058
3 81 705968
88 30 221876
103 83 76318
74 98 459449
12 83 359808
34 91 124019
42 87 719554
104 37 819212
58 12 565510
68 25 814391
60 27 95251
94 106 547774
65 96 339600
5 48 285101
68 59 969907
106 92 815073
42 13 250574
6 3 165019
65 52 470269
100 6 305744
5 58 584652
103 30 380034
110 94 623870
86 91 168648
46 45 481205
81 30 742486
93 63 266527
70 60 16699
75 11 158603
92 110 659804
21 106 73361
81 96 105241
28 92 493672
55 64 798618
23 101 512231
42 60 994319
32 39 852548
33 100 839175
37 62 289764
84 32 769823
23 52 610096
12 19 905832
21 39 237509
11 93 428374
83 107 763527
79 28 761932
103 59 205955
69 91 346171
93 6 380301
15 89 262261
39 112 814148
47 2 620611
45 14 61685
5 25 793943
28 99 986033
13
27052962
2119157
13901033
2430016
13452155
23623340
20175969
10284256
7969510
19761096
19115808
23866162
25635987
129 721
60 90 60015
15 41 175740
79 27 804736
48 57 769258
75 23 962508
19 119 432484
108 120 967038
1 44 783349
105 37 35369
27 34 561150
73 94 813160
105 100 323222
74 49 682776
98 88 529463
125 33 854098
25 52 242062
117 22 419118
102 23 420960
50 119 740260
86 16 14058
29 88 564031
54 56 610418
118 121 997814
80 90 967524
82 85 768395
114 102 703164
128 89 488340
3 53 288550
50 102 586443
125 59 977905
96 79 557303
32 3 901005
66 113 701102
4 63 762328
38 15 853940
96 120 938446
68 118 964681
53 112 416033
61 24 592204
49 19 528561
53 107 786253
8 9 178441
17 66 61049
10 70 84149
92 99 293555
122 57 543364
115 116 108343
76 39 891255
82 99 345765
60 19 695778
88 63 471705
65 70 237576
37 79 120161
121 88 633624
1 43 745489
16 27 224150
14 12 321826
129 88 494152
89 40 62383
73 99 612960
68 49 123787
39 113 152168
11 13 631810
48 4 231110
25 126 261452
92 4 544071
78 17 533765
50 16 711565
52 97 493504
24 40 955433
6 99 174968
43 9 389305
28 19 842293
75 66 562276
80 82 633401
128 36 865574
72 105 802160
20 17 67851
55 68 553903
121 92 122432
19 89 952862
94 2 516899
16 21 84822
78 95 776791
128 38 742781
53 36 728280
103 107 957437
40 119 268429
121 44 671760
33 36 713459
113 54 6485
25 11 707330
75 26 968159
13 95 420783
1 94 812662
69 9 405248
28 111 258963
98 13 907572
48 126 62639
65 29 734018
36 4 877141
87 28 183328
3 102 41883
69 107 295099
92 107 537954
23 38 403848
110 57 758356
45 26 919987
91 65 472945
51 121 487484
46 27 86035
78 105 705108
121 108 410656
51 47 771150
68 1 596084
41 23 628239
23 3 595893
107 39 972836
74 121 27496
30 42 947984
5 79 447758
113 20 533303
119 11 944651
89 53 133609
29 121 520959
66 32 919362
12 54 766769
7 23 322142
26 89 493054
102 118 374845
39 122 701534
3 105 350260
63 86 504351
93 38 722041
40 58 814781
116 123 804172
85 127 126764
40 4 24562
25 21 450255
2 122 844084
21 32 242588
110 26 215451
89 88 984130
70 51 442930
111 90 912056
128 68 954888
55 23 748719
19 54 856738
6 78 800836
81 80 575806
7 92 678686
47 64 40882
62 23 228400
25 92 185890
18 65 530608
67 63 816216
102 109 962075
5 120 251305
32 117 6047
80 69 235707
112 67 315129
46 113 462198
126 45 27173
35 62 514404
115 71 162284
18 129 785592
117 102 704853
101 98 46829
1 122 868785
107 64 620976
27 38 147485
29 83 207250
95 71 532075
53 105 589736
87 82 855867
56 91 758875
79 78 220944
66 41 539848
51 41 572323
16 10 119205
40 36 756299
10 57 162290
85 22 410763
75 66 730117
118 23 306241
102 70 669742
85 12 669539
33 77 267706
78 128 748251
99 6 600868
54 45 577617
46 47 993625
112 2 827442
119 76 622592
93 64 409832
19 36 835091
35 120 200314
112 15 210353
100 84 428387
128 53 723201
28 98 748474
93 14 135339
77 117 607397
90 106 213074
32 69 542105
125 79 966708
21 105 729406
66 87 116549
50 49 635282
32 47 374277
11 67 969092
34 22 176023
96 99 157361
37 59 356570
38 82 987416
101 77 905193
63 98 746940
7 26 214897
94 75 576771
7 98 97162
94 108 376939
28 4 510070
88 99 490178
15 128 661056
40 36 645297
125 7 369082
30 61 667503
32 67 257225
121 24 832248
129 30 853662
46 123 561019
30 13 186441
27 101 381617
122 107 270297
33 115 218467
26 92 825606
57 22 82831
48 45 431430
47 74 801444
85 60 362462
106 64 548902
3 35 446871
124 5 233519
3 13 815425
118 17 157621
12 42 191848
32 90 62901
83 1 64826
86 39 126951
24 123 552879
125 99 615305
128 93 795652
9 87 216348
8 82 872744
48 62 263959
111 65 277951
129 96 65970
46 42 510513
129 127 70848
19 21 754350
89 16 10737
93 6 316152
3 14 87855
38 22 953221
86 61 701271
20 35 490108
109 34 661690
37 71 782494
86 62 316654
44 72 32909
117 31 326424
31 116 746102
37 110 255163
121 19 87127
21 96 573770
118 115 872711
14 94 208502
126 122 644043
29 70 760513
42 106 201212
83 85 519020
123 115 845592
40 14 492931
100 6 193737
35 26 820753
31 6 154290
53 11 472297
108 7 357097
89 27 319200
123 68 462159
99 13 540323
98 7 48075
83 46 334272
49 8 486767
16 43 458781
87 73 467936
6 126 4341
10 96 762387
128 47 8217
50 40 91186
68 10 527852
42 99 677341
123 53 285754
88 93 608255
58 108 764673
37 57 296073
21 62 624222
8 72 957621
2 62 940311
22 111 365510
93 42 918076
56 83 117028
17 76 324310
16 34 516500
14 83 920039
54 119 839326
29 3 428652
1 10 676664
52 11 940458
20 24 539235
28 117 451504
37 35 733939
8 44 918264
30 51 887804
8 64 129327
93 109 585259
105 8 272593
42 129 162965
42 51 51464
96 71 946308
2 90 422329
70 119 556434
91 126 993260
51 26 534912
37 33 305996
105 117 554832
25 85 610197
77 126 579959
9 31 454444
64 126 173961
14 119 620371
72 59 195398
36 20 532421
34 63 472102
91 99 530939
65 74 145324
19 98 638229
109 45 471009
61 45 836680
56 109 159347
121 114 10948
2 57 359338
8 92 905752
3 125 117508
15 78 882410
51 14 846136
75 32 77592
54 3 365724
14 63 906198
3 111 717775
110 94 779466
76 95 29950
101 103 992957
8 97 210802
106 111 218398
44 32 321739
55 107 592009
34 23 639404
50 36 76586
111 39 357999
13 19 690307
29 94 661175
101 57 982354
6 64 218968
20 40 359470
103 83 418447
70 8 573925
60 34 947780
44 83 43726
82 56 665737
102 69 522216
86 97 624110
35 69 330758
79 66 64261
89 77 974832
81 50 428526
96 119 304184
88 41 163044
102 76 403533
15 21 415498
87 122 433064
40 70 268400
87 96 918752
53 45 926132
82 126 984988
22 77 830071
37 35 299469
51 122 985192
106 86 42993
98 93 549459
25 50 895292
12 82 770798
88 31 320800
110 83 560354
53 27 708429
81 41 640846
21 69 776051
71 119 204320
33 87 357081
100 96 948867
12 1 694004
85 87 707541
115 19 156182
60 117 530953
79 73 407064
119 106 113245
58 35 635247
47 86 658791
4 85 725328
50 55 857676
121 58 401667
59 14 716455
91 120 352043
88 43 64336
17 121 485057
9 110 62976
30 121 730759
71 62 217282
120 108 591309
104 28 992975
102 115 882476
69 66 238231
23 74 761746
42 82 540593
36 111 655459
57 94 386217
34 72 571193
87 82 847178
65 91 163039
85 107 245483
117 71 802051
3 11 988923
60 25 369756
100 66 318909
120 94 465980
40 21 962565
27 47 467456
84 4 705980
124 61 535812
129 8 874970
30 124 923557
37 119 66318
109 41 851236
125 12 796073
93 2 447451
35 42 255019
71 68 194012
40 15 220441
91 9 94
94 129 155989
75 29 375975
126 57 91584
50 36 508342
119 31 420697
117 116 852889
79 21 493081
62 83 211137
82 123 127304
98 76 56056
45 40 676783
128 114 267673
69 110 630774
127 22 271362
89 4 559190
62 120 329520
37 62 564683
36 123 227242
103 67 817358
55 36 524658
7 72 401306
88 71 322270
52 10 727460
80 128 683191
15 88 557052
102 20 628763
45 48 894829
9 84 610269
48 57 485446
79 112 740801
57 118 376427
66 68 64663
67 119 665132
33 70 302121
13 76 324
124 40 147733
89 85 146291
123 85 456376
5 124 838180
75 66 386301
50 122 189498
89 50 924555
69 108 342790
58 12 107682
38 16 490592
104 10 50708
53 99 150255
50 84 353915
121 81 405280
120 26 605357
93 67 995155
47 27 975979
68 95 386451
78 16 470381
13 45 910960
23 11 265239
125 53 438800
80 126 486129
23 56 887990
48 44 676150
106 23 170160
3 52 588724
90 59 866430
105 69 251817
12 86 644147
22 120 87184
77 108 196828
52 50 176738
11 72 561928
89 111 552474
122 87 54526
81 90 16205
98 42 880686
56 9 215547
26 20 461367
18 41 488778
66 118 710873
36 32 527093
124 42 417141
9 1 459132
58 115 70393
129 66 351187
115 26 214780
29 74 536222
4 99 970819
55 109 921753
97 37 753220
117 64 904019
49 58 892984
60 58 91750
44 115 692820
66 129 200475
92 64 297784
36 127 610640
126 73 384863
105 59 164214
4 25 654438
68 14 671753
125 45 622561
46 69 548851
23 77 545534
129 14 893404
83 97 972405
66 124 103979
43 112 206372
75 80 746869
67 83 40585
30 21 238320
49 9 845389
120 54 544208
90 68 419495
44 68 193838
119 13 234661
128 78 486059
119 121 720614
60 58 216247
44 116 327047
51 16 229154
64 57 548445
122 39 20568
110 128 978010
38 43 404620
100 24 17224
129 15 113607
15 4 820759
5 55 523542
81 98 869819
103 20 546729
17 83 709674
59 67 497566
18 48 459254
44 77 656625
129 48 499434
97 47 443732
6 54 109850
35 58 220511
106 1 38937
42 104 89359
114 120 126448
106 49 995594
15 66 757355
43 101 831225
106 100 443746
63 60 313226
26 65 925722
129 92 34552
20 68 339610
1 101 684295
1 77 814112
76 45 761154
88 59 95043
2 94 793790
121 62 229308
30 116 967878
106 12 606754
98 3 966693
18 22 603941
59 23 388316
83 15 866546
88 90 748306
5 40 47511
109 41 223416
55 25 481701
92 54 289095
60 30 122033
84 127 574012
62 7 381895
99 65 617321
99 10 853296
46 90 732621
38 86 250887
81 65 165450
79 111 823885
10 66 669938
47 125 533186
96 71 339350
9 124 122981
81 85 256392
30 54 907527
123 99 406848
39 129 548212
123 80 910311
111 21 286932
115 22 940088
43 69 837656
129 27 586389
75 35 152979
19 108 174070
28 129 554329
38 114 127598
8 23 674885
63 9 243701
46 111 57461
3 97 114219
24 10 219420
33 10 495097
111 76 515261
47 87 661807
66 114 101111
10 14 170115
44 21 117793
77 75 711382
60 121 116331
55 115 672877
72 9 534605
20 33 267403
115 15 210620
116 53 487237
86 118 353645
56 127 750074
11 33 599723
45 86 586767
28 44 265406
13 99 58262
13 26 103242
46 91 643317
52 94 215005
104 47 448500
92 120 299456
82 70 320527
114 31 459390
94 75 342338
124 94 341617
72 98 530124
84 111 769587
107 19 276452
115 70 477584
110 44 198657
53 127 757023
51 79 98166
52 64 555383
23 28 947052
80 14 519641
43 78 234647
96 24 708676
45 122 51104
76 107 999519
63 79 72700
97 2 711982
113 53 900995
61 104 293256
39 126 854354
84 68 171055
86 110 541469
64 68 23857
15 112 721460
105 58 793947
14 121 972673
79 80 706139
20 63 810151
40 123 88884
115 32 518079
72 108 440075
51 64 229190
90 127 415549
24 4 768736
78 108 81556
102 113 831591
84 62 217498
59 73 512651
78 105 847919
71 82 262332
25
9848145
7702941
24808010
19457669
12205740
15037200
7641365
8521726
5969100
27332566
26359574
11737835
28745227
3770387
4335742
1984537
13753683
26167332
22680168
13414865
23384829
9114641
949563
10413831
11359264
40 1163
3 31 959983
15 25 843958
24 23 472908
14 35 434517
38 20 908796
1 40 760288
12 31 446564
31 13 723012
7 27 444974
18 30 650336
8 4 264863
32 1 651998
6 20 855452
1 16 815481
12 3 695282
3 11 421045
34 6 642355
38 17 395800
3 15 100387
17 32 626488
24 31 112571
6 23 958964
4 28 278263
7 20 548431
7 32 727393
40 34 182995
5 19 85160
31 16 226689
31 19 252815
9 27 691079
16 10 835109
18 8 933123
21 11 121423
4 9 522042
34 7 261665
26 7 623531
13 11 78349
12 1 667677
12 23 325647
27 31 497233
25 38 865474
5 8 178881
8 28 605803
30 23 1691
23 8 698378
40 26 391144
10 38 17386
30 1 219458
18 13 393161
24 39 671583
8 15 681213
2 11 534620
2 18 707119
5 39 476974
15 14 876261
24 13 148726
39 14 993715
24 35 980036
34 5 850728
34 28 374958
8 28 243804
20 29 292374
31 22 970144
30 26 398534
3 33 99587
15 8 367671
13 7 826316
7 22 70223
2 7 767067
1 40 758846
38 40 542793
1 19 500733
7 10 295195
30 31 48332
3 33 761836
22 39 134084
4 11 588922
40 18 143735
14 19 17982
40 12 121173
37 9 124892
22 2 226703
34 40 444872
20 29 35574
24 23 443078
19 36 59996
14 40 551407
15 31 911024
22 36 635234
3 27 574765
15 23 620926
19 4 17519
1 30 56918
24 1 225618
37 24 922152
34 35 246108
21 8 597859
27 15 803721
2 36 933916
36 30 271862
32 36 576404
29 14 423040
27 14 312501
16 29 539981
33 17 186517
17 10 497591
4 23 639990
14 9 686284
14 11 812911
9 38 521500
22 21 449576
17 10 238381
16 28 598267
28 36 490455
1 20 466872
37 36 970593
19 31 61615
8 4 807696
4 17 603506
26 17 633335
6 38 955595
13 15 223916
25 22 939464
11 10 191859
18 2 723070
9 38 422546
33 16 569096
8 15 760580
15 18 317068
32 4 172477
6 1 598666
32 5 688392
28 29 864694
3 32 472775
13 9 52616
2 9 307085
27 1 217420
35 40 972666
6 14 226404
33 5 340599
21 2 836751
7 34 164435
38 21 594735
3 15 725918
17 27 532086
24 28 512814
28 7 155047
39 1 4046
25 38 900212
20 30 447048
10 3 277890
40 9 864683
34 6 947695
40 9 982741
38 17 645327
35 33 691226
1 12 542984
7 11 769696
4 27 648293
7 38 12195
15 7 33877
24 6 312005
18 31 51322
24 22 600170
4 19 980379
2 6 728211
19 6 667102
3 12 530824
18 15 292042
23 22 177159
17 28 559477
5 3 759394
9 12 457696
10 27 249118
12 30 375928
22 23 370213
24 1 261138
5 35 720101
21 5 234796
14 27 254489
13 35 226228
1 39 911550
35 7 207841
10 8 579147
39 11 8208
7 24 656702
11 7 699502
21 4 228649
1 16 981133
28 29 121599
28 33 178593
15 34 702343
4 20 972149
36 21 588388
14 20 151231
21 18 641054
2 20 818773
16 40 835136
24 1 253671
19 18 124056
12 2 78462
37 24 428066
16 4 18213
36 23 187507
7 13 881359
24 19 231913
4 31 798320
3 38 593375
35 20 369562
23 30 783699
30 33 892780
11 29 220555
28 36 520478
1 32 925140
19 38 481033
17 14 710683
25 40 968451
22 14 818678
33 15 64780
22 25 467641
15 36 432611
35 30 341999
31 27 785951
14 7 417409
3 31 930225
8 33 191306
16 17 250705
19 30 419831
16 22 442165
22 35 486641
17 37 22036
7 35 842178
33 17 799863
31 25 28905
21 2 315233
5 19 740080
13 35 133378
34 25 345353
7 22 138459
2 3 399205
34 11 92562
29 17 644268
38 2 981925
20 24 253341
22 21 796753
40 20 546206
27 38 352231
11 22 994718
24 1 855311
26 5 202544
29 6 88165
5 26 815962
38 30 859974
22 10 449242
10 24 870094
2 15 514673
7 1 808982
30 4 964996
19 27 743116
9 5 920440
24 33 706678
28 29 653535
22 19 65964
27 32 248085
28 1 401540
1 2 919275
25 1 510347
39 30 754590
34 8 739409
29 8 284053
20 31 285597
9 11 56545
23 32 411843
26 15 949917
26 34 25389
20 28 615533
20 15 531011
1 36 927836
40 4 551424
7 8 128156
29 4 927916
39 21 381211
22 15 900468
39 1 184162
27 26 869396
15 5 990255
20 16 621461
22 16 7257
18 7 648812
33 13 574420
20 34 785623
16 32 86075
26 14 798370
5 4 28170
7 23 510955
34 37 957832
40 8 536327
21 30 320735
29 7 221421
40 31 905546
19 26 309906
2 20 230563
7 29 568039
3 38 573325
30 21 982016
30 21 34694
28 38 270368
1 29 461998
18 40 748808
28 25 575065
29 4 321979
28 33 890018
14 4 35266
21 25 722966
35 26 768727
14 15 39094
6 3 501092
23 34 766251
2 18 857668
23 14 179646
10 6 586015
39 27 565709
12 33 542464
29 13 413920
35 39 182825
1 5 408239
7 10 781681
10 25 601795
20 18 952844
39 40 488817
5 9 694774
11 39 51241
31 2 615105
14 31 852029
13 17 796708
29 9 353624
27 15 99625
20 24 549809
6 36 735227
9 34 733698
18 30 789307
31 1 346865
23 31 140587
7 37 722089
36 1 297985
15 30 153353
30 16 843640
14 35 869935
15 32 998490
1 33 119676
25 36 584232
25 13 124935
8 31 797093
4 39 321280
36 15 158526
25 7 349395
1 38 639889
27 13 996543
19 14 604775
11 9 946704
12 34 594292
3 10 588744
6 14 7124
4 13 710680
18 11 498144
16 37 273664
6 5 272123
18 19 781141
31 25 622943
32 9 559514
25 12 596668
26 27 758757
35 32 750642
30 35 63806
29 4 535496
13 11 872933
28 16 366609
30 33 856828
2 16 468172
16 39 542572
1 15 211263
29 40 501401
17 26 31672
10 16 208258
15 4 702621
31 8 888632
35 28 983799
3 9 526512
22 3 151759
26 18 65149
37 11 852723
12 31 81762
12 39 676540
36 8 611475
13 22 629950
34 4 230110
17 38 685617
15 33 784945
38 6 341939
28 31 946837
16 20 224559
18 23 739069
12 26 281827
31 21 603474
17 34 284167
6 19 343051
40 3 425281
24 20 95551
30 38 917578
12 26 321106
31 16 577355
5 4 915366
31 30 446268
11 15 588644
36 22 877322
14 24 396108
40 23 600511
33 7 622562
15 28 986551
32 39 813729
9 30 865464
4 26 656268
9 16 245249
29 19 954056
32 14 947029
33 20 283052
21 11 304834
3 35 521872
36 9 918219
26 33 2418
34 1 833719
10 4 233344
29 5 318592
37 25 985450
4 16 698615
32 1 128706
3 21 589949
29 15 507623
20 10 9984
31 27 498256
40 13 809896
38 22 38612
13 10 99768
36 38 439632
37 2 163199
4 33 631439
29 28 756811
9 16 139825
32 27 435746
15 17 114773
22 16 506985
37 5 994198
40 10 232679
39 37 467676
22 34 685949
21 37 318174
11 17 163753
22 26 11168
6 9 414994
24 15 809803
10 12 318504
15 1 95456
16 39 488526
12 26 321228
37 7 833480
33 12 977170
2 4 877671
19 11 434349
19 36 426772
25 30 50319
20 40 697202
35 6 338282
2 13 212040
8 24 586177
35 21 646263
34 5 540874
35 38 599237
18 8 185119
6 26 702347
9 10 29376
39 21 554415
40 8 525492
1 9 734744
32 16 418768
40 2 760420
23 27 38376
8 22 821246
37 39 524813
27 36 985071
13 4 886440
29 2 874493
35 33 751380
7 25 128908
30 8 495604
29 7 205397
40 21 59064
8 21 550125
13 17 72603
17 3 577198
7 8 7033
39 36 412426
11 22 490578
30 20 96122
9 2 957449
4 30 177087
1 22 884948
24 29 654608
20 33 601656
22 1 394858
11 40 769265
35 30 754252
20 40 420586
29 21 777405
22 21 75806
30 25 250908
28 17 63129
7 40 583549
14 19 633413
29 32 253885
39 34 430036
15 28 48305
19 39 499536
36 27 535108
40 8 283929
38 29 274305
25 16 195281
25 23 105920
5 28 589050
1 5 338999
26 1 138125
13 25 691503
11 1 181818
29 20 965890
36 28 825767
24 12 452903
31 12 659519
5 3 966035
33 4 905963
1 36 132479
31 21 272679
35 25 977536
10 35 181928
19 15 921427
28 10 944855
26 25 758938
40 16 768302
38 12 883584
32 4 620620
26 36 558575
25 26 564316
15 13 250380
30 22 387407
37 40 911061
16 20 50863
30 5 254927
39 37 948814
20 34 355066
36 18 213221
15 35 348769
29 11 100706
16 26 607158
28 7 75979
26 36 205339
38 11 993830
20 32 750866
19 30 445702
24 10 254208
1 5 142417
22 11 16291
22 31 41014
31 5 186346
37 23 9491
24 33 260048
34 22 77820
17 40 666870
7 21 204733
8 28 614014
27 14 629167
40 4 670180
6 2 643090
10 27 948958
25 29 654422
17 29 780247
31 8 292056
22 29 398054
2 1 591101
22 6 280344
17 24 495549
15 23 308704
34 29 388818
35 30 655276
25 14 931225
38 23 499925
36 5 146444
11 26 459832
24 19 977952
4 40 142790
19 17 576845
39 31 251388
15 17 787448
32 3 864157
24 25 193007
12 29 339450
22 6 799281
6 24 293585
1 24 952726
12 32 529570
2 14 297309
16 22 84756
7 17 465265
26 3 250947
28 19 796123
35 30 925743
36 3 235308
37 8 52923
13 1 628098
18 4 855921
27 5 260647
16 13 36708
3 11 570684
27 36 681759
5 16 359889
39 2 891630
21 37 855592
40 25 744792
3 37 126992
20 14 915707
21 33 970943
27 8 494115
6 10 108158
2 29 25873
32 25 489400
40 24 175393
29 36 906950
20 36 32406
3 30 812643
34 1 233088
12 21 306960
35 39 331567
21 37 424369
18 38 50629
3 29 977645
2 20 485188
35 8 48056
16 19 385203
21 22 549552
15 7 685552
23 11 649125
22 5 700915
21 25 877631
21 35 782660
9 37 581408
5 30 182819
25 16 445818
40 23 742349
2 4 300850
33 10 797368
16 32 631258
20 6 289814
15 18 267151
37 38 671425
17 38 561213
16 2 909562
35 26 924570
12 25 996832
40 18 675107
1 2 772037
1 18 37060
18 29 260785
32 3 807482
14 32 101519
38 8 226228
2 23 126550
3 9 836727
4 13 372112
36 12 666961
22 5 238123
10 5 287500
30 14 980568
6 37 18243
8 10 278154
38 39 59313
18 40 426775
7 35 112416
13 38 529348
36 25 936271
37 39 634035
31 8 452711
10 29 507205
9 35 603681
3 34 525643
28 23 428161
20 40 388801
27 6 833475
2 11 686752
29 38 978169
11 26 350127
6 16 91014
28 17 754243
32 26 116949
25 20 470262
27 8 948404
19 27 777604
19 5 600761
13 6 254603
37 26 111241
5 37 870338
3 34 737314
16 13 32370
10 37 252427
30 21 415727
11 39 833126
7 17 47584
10 28 2229
2 32 325826
37 28 547724
29 24 604192
6 18 645617
39 34 124709
1 35 65025
19 25 586597
17 27 698715
22 33 862244
6 34 949631
26 28 310702
11 24 148562
6 12 441377
37 9 539275
13 8 49620
2 40 243006
18 10 236382
15 27 500009
1 8 14993
4 5 558939
26 22 732606
8 25 823301
1 30 942264
17 27 959832
3 31 129671
22 24 502
20 2 824752
1 16 534498
1 16 479217
26 12 190142
4 37 218555
1 4 857579
13 36 171289
36 5 280227
19 7 313657
10 21 428993
23 40 658554
14 32 105289
31 25 500616
40 10 190427
21 5 640704
7 37 678499
26 9 968727
26 36 436411
12 6 653529
20 7 153349
12 30 211580
37 3 64604
5 26 212428
13 25 186397
31 37 578153
14 3 603949
25 20 119789
31 5 551584
33 16 408221
1 28 786668
22 31 203777
1 28 651
36 24 195436
23 36 300052
11 27 988288
3 32 511403
31 8 210622
19 38 773587
34 22 996874
15 23 710493
34 4 827084
2 36 521551
12 32 415534
40 14 9650
11 25 527028
11 19 92019
13 10 415827
26 20 467176
4 6 682478
38 12 231612
10 5 751575
13 6 3002
3 9 17793
9 8 41079
18 11 259255
37 21 250473
7 25 135034
33 10 516374
1 6 495131
30 3 446822
1 4 190818
15 9 930895
16 3 667703
1 11 113031
39 20 599633
5 16 83093
37 23 623869
31 7 916230
36 39 250115
6 28 138749
27 28 292625
4 34 22473
10 2 366195
32 2 255678
14 32 700569
6 36 711545
10 24 929679
30 14 770797
20 1 702076
23 35 129824
3 19 823179
36 3 447428
37 29 739380
30 26 660713
13 27 698031
40 11 818440
24 1 79070
1 30 415464
6 27 854159
32 11 33721
2 29 259028
4 17 288905
25 28 481726
2 12 171539
28 2 17050
30 34 862033
30 15 267054
19 15 759995
34 12 880221
32 36 130271
24 37 719852
12 33 756860
28 17 533247
33 10 3050
3 38 654532
5 27 157157
29 9 738851
2 19 609177
36 12 195108
9 36 611423
31 19 749172
2 30 5524
13 9 209252
11 34 928453
21 28 399090
24 32 150429
20 21 92357
30 22 454615
6 10 169018
25 18 573373
8 40 734104
11 2 393885
14 17 653057
7 29 154717
34 31 827260
26 19 173311
6 7 741860
19 13 435937
20 30 325121
29 35 342080
29 18 624562
7 27 332307
15 3 956753
36 31 354299
26 2 499564
36 32 810961
2 3 941251
14 19 819543
3 12 738811
29 3 671359
6 5 309340
20 11 618119
6 26 63601
31 21 696504
9 38 156665
4 33 790137
36 34 681819
38 7 525790
20 1 211233
31 22 755107
21 27 407191
1 38 488194
31 4 495371
31 26 854431
6 34 455580
31 29 757692
7 24 893757
17 21 902323
38 1 572715
22 23 718576
9 3 920355
31 35 152384
24 25 714267
26 8 628164
8 13 699317
27 3 976345
38 1 786560
34 10 554861
28 39 133493
15 21 744915
22 29 576837
8 11 971304
32 35 513728
10 20 300415
14 28 544220
2 6 369102
27 4 114255
18 29 461496
30 9 936614
2 23 267194
28 4 724694
25 4 716305
8 35 246571
7 4 810862
14 17 263609
33 11 93095
6 29 57010
20 6 532758
35 36 455366
1 29 913900
34 17 626936
8 33 31179
24 32 279013
34 38 117408
15 11 658177
16 35 116987
22 1 986535
31 12 53380
20 39 905087
18 39 158796
29 32 75772
4 31 749204
35 26 576879
24 26 891846
27 2 470421
21 20 658442
21 34 419824
33 5 230315
31 12 12524
29 39 224985
12 2 548028
3 5 418602
8 31 84539
39 6 384236
4 32 825757
24 13 900616
17 25 478361
32 17 109486
18 39 162049
14 27 889759
38 31 693240
17 25 762276
10 24 498058
21 22 543263
16 17 115175
5 32 549899
20 8 638763
13 31 324332
10 1 96490
10 14 994469
8 3 324979
7 19 452315
2 29 932898
19 9 376312
33 24 158048
39 28 264880
17 40 871599
12 4 914382
23 13 623542
24 14 44307
12 21 885309
22 19 210927
8 12 472467
26 22 238115
9 14 924811
16 13 358310
7 21 955581
6 24 711336
27 6 218708
40 30 188801
26 33 511373
6 7 363311
12 14 539594
39 31 505575
25 39 837221
27 15 649705
9 13 492925
29 18 38349
5 36 610306
24 35 305287
17 12 634112
29 17 921758
12 21 653243
37 11 245114
12 27 106384
32 14 878750
16 22 343443
12 2 372060
32 6 911688
18 22 69514
24 38 889846
15 18 290694
4 21 482986
39 18 422836
32 21 381063
7 12 798828
37 19 34441
39 30 43482
10 14 53640
17 31 283621
3 6 954930
8 13 578939
13 8 35312
39 6 347289
26 29 569501
8 36 990112
27 32 807882
27 22 999383
29 31 119316
20 40 294338
40 2 313384
28 19 719205
35 2 460923
1 10 141829
29 22 720148
24 13 613647
7 6 25233
28 29 996653
11 16 21712
2 34 846743
35 9 626703
27 36 501954
31 22 412515
26 22 186717
6 3 530418
25 18 380583
31 17 554980
16 36 212408
28 38 21856
12 39 125641
34 25 542809
9 11 319596
17 28 11539
31 16 760904
25 34 263120
2 8 862631
10 27 520078
6 27 174177
3 2 849988
2 34 888894
18 2 554502
15 22 938965
34 32 244987
10 7 155531
35 6 236885
34 36 220726
20 33 663651
38 10 109574
31 29 516647
24 2 819104
17 15 928004
5 21 957257
2 15 998048
28 16 832446
31 2 413612
27 35 373759
32 6 337632
35 36 992033
8 26 12773
6 2 922407
29 18 386541
25 23 121794
33 24 708240
1 3 945375
38 25 712168
9 3 719114
8 27 264391
31 21 858586
23 20 66844
27 25 547245
33 5 533382
14 29 578444
39 22 654099
38 14 5334
4 11 304030
11 12 787073
36 19 191539
26 9 697431
4 23 897970
7 9 826154
11 34 333790
24 39 316179
20 37 279632
30 34 222197
3 37 976319
33 39 955610
17 26 50180
27 11 81308
17 6 590082
18 4 72923
11 14 452236
40 30 630914
10 9 730750
33 38 459983
29 33 796691
20 17 453041
21 33 148146
1 19 662748
28 27 855434
22 4 309397
24 6 571883
19 37 176272
12 7 733712
1 31 898301
15 12 675373
25 31 885309
17 11 831533
2 11 189231
29 31 204889
14 12 743772
11 35 664737
5 13 817926
28 16 3164
19 16 16434
39 30 596285
4 6 235387
24 22 372998
37 15 92000
27 3 473702
28 17 591833
39 19 552019
8 23 290143
5 10 437118
8 20 723693
1 10 642554
38 13 990391
24 37 220244
13 25 480258
5 3 433181
26 30 967149
19 21 391559
29 28 761941
12 24 803622
1 31 733961
6 31 967610
39 20 696295
22 4 805323
25 8 126227
35 12 364589
7 38 241651
35 8 984831
33 28 291570
5 39 979793
6
21396159
52662
24870977
3260524
21042964
2354938
