3
36
9745 9171 4873 4580
4167 4700
3462 4815
2757 4930
2052 5045
1347 5160
642 5275
5766 4918
6660 5251
7554 5584
8448 5917
9342 6250
4320 4536
3768 4487
3216 4438
2664 4389
2112 4340
1560 4291
1008 4242
456 4193
4587 4780
4302 4975
4017 5170
3732 5365
3447 5560
3162 5755
2877 5950
2592 6145
2307 6340
2022 6535
1737 6730
1452 6925
1167 7120
882 7315
597 7510
312 7705
27 7900
47
9376 9565 4689 4786
5426 4173
6164 3564
6902 2955
7640 2346
8378 1737
9116 1128
4687 5453
4686 6124
4685 6795
4684 7466
4683 8137
4682 8808
4681 9479
4626 4953
4564 5124
4502 5295
4440 5466
4378 5637
4316 5808
4254 5979
4192 6150
4130 6321
4068 6492
4006 6663
3944 6834
3882 7005
3820 7176
3758 7347
3696 7518
3634 7689
3572 7860
3510 8031
3448 8202
3386 8373
3324 8544
3262 8715
3200 8886
3138 9057
3076 9228
3014 9399
3943 5092
3198 5402
2453 5712
1708 6022
963 6332
218 6642
4027 3907
60
9855 9563 4926 4784
5369 4423
5811 4065
6253 3707
6695 3349
7137 2991
7579 2633
8021 2275
8463 1917
8905 1559
9347 1201
9789 843
4859 4953
4791 5125
4723 5297
4655 5469
4587 5641
4519 5813
4451 5985
4383 6157
4315 6329
4247 6501
4179 6673
4111 6845
4043 7017
3975 7189
3907 7361
3839 7533
3771 7705
3703 7877
3635 8049
3567 8221
3499 8393
3431 8565
3363 8737
3295 8909
3227 9081
3159 9253
3091 9425
4608 4609
4289 4437
3970 4265
3651 4093
3332 3921
3013 3749
2694 3577
2375 3405
2056 3233
1737 3061
1418 2889
1099 2717
780 2545
461 2373
142 2201
4592 4436
4257 4091
3922 3746
3587 3401
3252 3056
2917 2711
2582 2366
