1
67
9435 9681 4721 4843
5185 4697
5653 4554
6121 4411
6589 4268
7057 4125
7525 3982
7993 3839
8461 3696
8929 3553
9397 3410
4597 5435
4477 6030
4357 6625
4237 7220
4117 7815
3997 8410
3877 9005
3757 9600
5142 5421
5567 6002
5992 6583
6417 7164
6842 7745
7267 8326
7692 8907
8117 9488
5537 4936
6357 5032
7177 5128
7997 5224
8817 5320
4876 4375
5035 3910
5194 3445
5353 2980
5512 2515
5671 2050
5830 1585
5989 1120
6148 655
6307 190
5545 4996
6373 5152
7201 5308
8029 5464
8857 5620
3832 4910
2947 4980
2062 5050
1177 5120
292 5190
5475 5104
6233 5368
6991 5632
7749 5896
8507 6160
9265 6424
4514 5589
4311 6338
4108 7087
3905 7836
3702 8585
3499 9334
4005 5223
3293 5606
2581 5989
1869 6372
