6
19 217
8 5 443438
2 18 449967
19 7 111022
15 14 272670
1 4 517876
8 17 871054
10 12 1926
13 5 545773
12 18 909577
12 16 62427
15 12 466290
12 15 93663
4 10 366333
8 13 524436
11 6 866393
5 19 949223
14 16 897005
15 12 698448
13 18 60909
9 12 126163
2 5 573033
12 16 322903
13 19 138327
5 4 812299
13 11 520499
9 16 583399
12 10 164577
8 2 807879
4 3 419678
3 7 992710
11 19 315613
4 16 970291
8 19 298942
1 8 819440
7 4 919190
18 10 600118
3 11 924348
17 3 801456
8 4 326573
12 6 647340
11 17 819520
4 2 520790
3 1 527250
10 14 705291
10 2 487784
16 17 320789
5 8 353697
4 13 196472
7 1 458925
9 11 714088
6 18 317566
3 2 891335
4 2 280397
3 8 488898
8 15 649293
8 11 926157
10 12 127368
6 13 646387
10 19 491978
2 9 984909
7 11 694997
15 13 467936
16 14 4341
4 5 762387
18 14 8217
7 1 91186
18 8 198953
6 3 268865
1 10 755631
13 16 730763
5 9 198698
1 19 719390
5 2 481777
19 15 489993
6 13 97530
18 5 625381
6 3 302721
10 5 588475
19 5 713081
16 15 477753
3 19 290177
16 1 914399
8 5 940458
19 10 539235
12 8 451504
16 19 733939
11 1 541653
7 3 254733
1 17 248837
3 16 539013
15 13 969763
17 11 358133
18 6 203166
16 13 980438
10 9 714376
6 5 148991
6 19 553147
8 19 682473
2 4 784083
7 8 579959
4 16 454444
18 2 173961
17 13 832039
7 3 546414
12 4 211757
15 4 764903
12 18 166930
3 13 777126
9 17 873436
9 10 844231
8 11 18191
8 14 154914
2 14 350311
4 18 399084
10 7 882410
6 7 846136
4 7 77592
16 18 365724
11 5 906198
1 6 717775
9 10 779466
19 12 29950
14 2 992957
9 16 210802
12 6 218398
15 11 321739
10 15 592009
7 8 639404
10 18 76586
3 19 357999
18 8 690307
3 7 661175
8 17 982354
16 6 218968
6 17 359470
18 12 418447
17 2 573925
19 6 947780
16 15 43726
10 18 17567
14 12 318985
4 15 173202
16 1 908521
18 15 267991
16 7 202789
13 6 776713
9 11 724492
2 3 768217
13 17 950305
11 10 988872
19 2 612982
13 5 460091
14 18 40703
12 16 15534
17 13 960412
12 3 780947
17 9 943990
14 7 863874
3 19 279371
19 7 228786
5 3 13538
7 16 932289
4 7 374772
14 18 359760
1 12 706182
10 4 522002
5 17 507193
7 12 66538
11 14 132348
7 14 107604
6 1 129794
2 9 128426
9 14 684113
4 13 255333
16 5 303316
3 14 658791
9 3 725328
15 6 440877
18 17 548481
4 17 194626
6 3 839404
11 17 523516
14 7 778848
7 12 598515
4 8 730759
14 19 668625
16 15 759634
9 7 315862
8 5 566093
18 8 40216
7 10 186873
6 1 864482
16 12 949154
15 18 147071
6 18 496586
2 12 988540
19 5 722173
2 13 376243
6 7 64092
10 15 462919
1 6 701149
17 7 979246
9 17 36190
5 1 691648
3 7 594216
12 10 165408
16 5 12586
7 6 691976
2 8 453811
17 18 772213
14 15 277487
15 12 647242
13 18 966150
2 3 948481
16 2 427398
8 13 411205
16 7 117185
1
5000093
24 87
10 20 747794
8 11 760493
10 14 202363
20 3 520060
12 23 180541
19 5 455737
12 9 702568
22 15 21531
15 20 174068
8 18 979803
7 19 133070
16 2 18457
20 11 176230
24 9 898538
15 21 798316
19 6 803527
20 21 759957
10 15 999171
5 2 702306
22 21 336328
9 18 750847
10 2 925858
13 16 819583
10 15 233368
3 21 344044
15 8 426809
13 3 695789
1 4 502652
3 8 999933
13 21 993369
20 5 636227
19 7 297540
4 11 651435
11 12 66602
18 15 573318
13 5 260757
14 9 724287
2 10 429690
5 12 558441
10 16 108118
10 12 834482
12 22 698928
16 17 179498
10 19 276966
11 12 406220
9 17 332872
21 6 409504
12 7 363369
5 12 226341
22 13 700724
3 14 122847
4 2 243556
12 17 537765
21 2 792351
2 5 757035
5 13 324915
12 9 373744
4 12 148366
4 17 151433
24 6 899229
12 24 901475
2 3 794396
6 14 908236
2 3 894429
16 4 335929
10 9 322405
6 3 118607
11 1 670689
10 22 569918
13 21 987744
7 24 298491
12 5 206726
5 7 617506
12 3 469787
22 3 308543
9 14 939508
4 5 376349
12 15 127829
12 16 195747
9 5 755423
24 11 267606
2 14 473731
23 18 229321
9 5 248627
19 18 586709
17 19 213259
21 22 442063
5
8962600
6532036
8433452
3911899
1419379
6 182
6 3 150324
5 3 409955
4 5 322043
3 2 423920
6 5 293470
3 2 474977
2 6 63134
6 1 161957
2 4 953667
5 3 361730
1 3 88132
6 5 5217
2 5 434574
6 5 276126
6 4 312497
1 4 848154
1 4 843486
1 2 450031
4 6 206899
5 3 406425
2 1 411642
1 5 873481
3 6 628790
5 3 342724
3 2 152494
4 1 124221
6 1 49614
2 1 938271
4 6 96181
2 5 137089
6 1 979970
5 6 800031
2 4 620095
3 1 487331
5 2 231350
2 1 843882
4 3 874134
6 3 623288
4 5 495355
1 3 510140
4 2 677419
6 1 485270
6 5 342734
4 3 654820
2 4 100670
3 6 974803
2 1 598090
1 6 995961
3 2 402558
6 2 418817
1 6 571523
2 6 646580
4 1 273379
4 1 564046
3 2 804900
4 2 721387
2 3 966949
1 3 68507
2 3 665418
3 2 288821
6 3 86318
3 6 419018
2 4 712996
3 6 196296
2 6 264802
6 5 658926
6 3 613092
5 1 255813
1 5 362125
4 2 65187
4 5 56795
5 2 286142
5 6 482438
4 5 263591
6 5 226514
2 1 478258
5 6 352347
6 5 151226
6 3 36422
1 5 340635
1 2 120357
3 4 585473
1 6 568112
6 4 747662
6 3 470217
6 5 335345
5 1 846268
5 6 260758
2 3 194651
1 3 581877
2 3 963954
6 4 41599
6 4 714938
3 1 132541
3 6 720084
1 3 615610
3 5 22940
3 6 2607
5 4 52252
6 4 442531
2 5 953166
6 4 919592
6 2 568485
2 6 804920
3 4 815495
3 4 287640
4 5 851989
1 5 184681
5 1 993019
5 4 754099
6 3 976506
2 5 916067
5 4 571473
5 2 386967
4 5 224548
3 1 581087
1 4 989878
3 4 841198
3 6 162036
6 2 48499
6 5 713862
5 1 570004
4 3 564429
4 2 463634
2 5 880382
1 6 720898
3 6 602409
6 2 852635
5 3 808586
4 6 34987
3 5 237893
1 2 389570
1 6 596367
2 4 222834
5 1 73848
4 3 22301
1 5 960630
4 5 256509
4 3 230776
3 5 253541
3 5 506519
2 3 329500
5 6 33063
2 3 193843
2 1 618835
2 5 95816
5 1 194466
2 1 825362
5 6 705361
5 6 938621
4 2 22925
1 2 387709
1 3 753871
5 2 207467
4 3 472516
6 1 183333
5 1 8694
4 2 632855
3 5 571476
6 1 110752
6 2 14812
4 3 768682
6 2 492500
2 3 314108
1 2 865741
2 4 309588
4 5 458794
6 4 546621
3 2 657372
3 4 49765
2 4 825801
2 5 500336
6 3 617458
1 4 180530
2 3 785293
6 2 792350
2 1 782141
3 4 602256
4 1 172026
5 2 458261
5 3 562958
5 4 232984
1
8078721
40 39
1 2 1
2 3 2
3 4 3
4 5 4
5 6 5
6 7 6
7 8 7
8 9 8
9 10 9
10 11 10
11 12 11
12 13 12
13 14 13
14 15 14
15 16 15
16 17 16
17 18 17
18 19 18
19 20 19
20 21 20
21 22 21
22 23 22
23 24 23
24 25 24
25 26 25
26 27 26
27 28 27
28 29 28
29 30 29
30 31 30
31 32 31
32 33 32
33 34 33
34 35 34
35 36 35
36 37 36
37 38 37
38 39 38
39 40 39
1
20
31 269
3 9 487132
25 31 808934
25 5 370164
24 26 548900
1 30 713774
19 16 187191
23 29 116467
27 30 422091
26 15 855543
1 3 517446
27 6 418419
1 28 103349
5 20 262010
12 10 166343
21 10 319302
17 27 575322
20 21 229905
18 20 73941
30 23 346229
31 1 565985
3 16 789225
28 2 821397
16 21 740085
26 3 207673
2 12 905386
28 4 306641
13 23 340714
22 8 280525
23 4 108582
25 3 937733
19 5 218005
14 31 85274
14 15 247256
22 9 575580
18 11 223206
30 5 962505
26 15 262755
11 5 518945
13 26 723507
7 19 222843
30 4 235190
6 18 849959
13 29 518809
8 17 383304
11 9 999755
13 17 690369
28 16 238047
1 21 66250
26 29 3034
11 6 910254
15 19 519126
30 29 245976
27 23 703730
12 25 253415
13 2 26305
13 14 278051
7 10 308903
11 9 858700
28 1 132003
18 12 144501
6 24 908539
29 20 522536
1 15 171693
10 24 720505
22 6 590965
9 16 495344
14 22 202901
2 1 416950
7 27 717989
12 13 40744
20 17 658391
15 12 553542
6 10 174233
21 20 690361
25 8 266762
1 17 903191
20 28 806368
15 29 730691
18 5 226058
21 14 328206
3 2 947387
5 14 602727
27 20 56553
29 7 528947
24 1 756971
24 30 799632
6 16 418628
9 28 439215
11 14 720091
9 2 909611
16 2 152275
8 4 356621
9 28 77889
20 26 487771
29 22 372261
25 11 107206
8 26 648519
4 5 436874
18 19 967638
17 13 826608
18 6 149315
19 10 591101
16 3 89439
10 31 633075
25 26 933682
2 17 550271
14 24 101840
1 28 92623
29 12 319848
3 28 456683
22 12 745792
16 28 391522
18 12 631492
6 19 359232
29 5 614031
14 10 241082
7 4 33003
1 5 261797
12 19 974581
6 15 513971
15 13 235380
11 19 31537
21 27 433484
6 30 984858
16 27 469912
26 8 505237
15 12 675106
5 12 421245
20 21 519935
7 24 558956
14 5 343769
4 13 552806
10 2 876983
20 8 593094
10 21 186594
5 15 850544
6 30 734714
11 3 474763
18 22 32920
13 27 110295
19 9 760236
7 10 305154
14 19 666329
16 8 306711
14 15 836837
6 17 387091
5 23 714905
15 31 369634
3 16 613074
11 26 419806
9 13 336504
11 20 82196
26 2 721121
9 15 686764
28 26 963982
3 1 539037
26 3 433519
14 18 322533
2 18 627322
12 29 384173
14 6 152041
23 15 307399
10 7 370348
20 26 886060
13 18 626925
13 26 271233
13 26 630444
28 23 875641
15 2 250263
12 6 561042
15 24 208325
27 29 454155
2 1 937458
16 19 591172
22 31 725219
2 10 914654
5 22 53960
7 4 547085
6 29 742699
11 6 798899
4 2 825172
30 8 752507
30 28 178225
15 9 490001
14 7 945054
23 30 671339
14 15 28068
30 21 776788
31 27 292123
8 4 884851
30 7 202255
17 3 973814
6 31 199182
8 14 15721
29 28 590182
21 17 79297
14 30 138723
26 28 230298
9 25 443182
20 1 767058
3 31 860000
18 14 687484
10 19 68978
10 16 895022
4 13 508861
21 7 277686
19 15 590931
14 13 197315
5 1 95821
6 24 395529
3 23 897491
16 20 889619
2 18 80929
23 25 804311
11 29 634226
19 18 543438
8 3 107723
22 14 418658
11 19 689127
17 22 726652
25 24 140529
21 6 241889
23 5 928578
17 28 755200
26 7 126088
16 24 400658
11 31 377018
27 11 918185
14 29 55806
4 11 588955
25 10 19594
28 31 372556
2 4 806446
27 31 560998
31 26 466128
23 5 914694
22 18 987335
9 11 994986
4 24 691762
15 25 631542
19 16 711851
11 10 550400
24 11 801174
21 4 839852
11 4 488264
17 26 570038
1 15 28829
6 23 576988
20 25 578342
30 8 587666
18 27 149518
16 4 41352
9 27 706507
6 14 709365
2 25 434155
21 8 273680
14 8 292539
22 12 916171
9 29 62761
17 27 304466
18 14 713887
1 27 826970
25 5 532622
26 10 637290
28 9 734674
5 29 774549
3 12 704314
17 31 994950
18 9 157794
9
9588156
8400960
8982933
1098823
7323286
3213171
8275358
185677
5040140
6 9
1 2 1
1 3 7
2 3 1
2 4 3
2 5 2
3 5 4
4 5 1
4 6 6
5 6 2
1
6
