4
64 1775
61 39 458922
21 26 79533
20 54 657569
23 33 967864
47 52 953896
13 23 73053
55 23 41560
35 56 325816
9 64 441624
59 19 579740
33 15 558018
11 35 333084
55 54 901393
23 12 818481
14 58 438500
53 7 111482
17 61 730832
40 31 526151
32 39 82567
55 33 307673
18 1 813480
20 11 403850
47 1 272128
63 24 332811
47 37 477829
18 26 846283
12 42 855559
27 18 612645
34 49 119755
40 39 759403
64 57 176363
39 12 829558
49 58 314870
48 56 806221
58 38 271474
62 55 664523
8 2 574772
14 29 43781
50 62 397365
60 37 109852
38 36 760980
17 11 941471
6 59 951704
59 42 209423
8 35 49460
57 33 910314
3 40 419820
8 59 956199
5 47 117219
41 10 37640
12 29 134424
22 59 577117
16 18 334680
57 32 414815
28 19 766423
60 61 298905
35 40 406158
24 47 557192
63 51 621943
33 27 796544
40 38 248477
64 60 158231
28 11 503337
51 4 574216
17 31 210907
39 26 274263
63 60 757438
13 20 33068
20 18 895774
10 50 128376
10 25 358621
38 24 839960
60 52 855395
36 38 87718
44 55 370564
6 29 231645
24 25 194600
43 4 454715
60 33 336773
45 24 531726
6 52 491507
29 12 609518
16 46 747218
54 19 459133
44 22 414658
8 50 128093
35 9 115317
10 52 135608
5 47 51672
9 28 128815
22 33 564578
8 61 840301
53 13 487770
6 2 222956
2 45 845057
3 52 182450
31 23 258875
19 32 626606
10 36 904412
33 44 411127
15 1 137879
49 8 947924
29 61 604704
55 2 204641
34 4 977485
35 6 150848
20 37 732758
14 55 401462
59 1 128025
23 33 281925
13 48 362181
36 32 409357
55 60 516617
22 50 431178
54 20 644877
2 54 56019
1 9 825399
45 12 785873
45 36 122983
14 40 387572
61 45 790039
28 57 656781
23 1 644578
9 10 353367
28 23 523288
17 41 876760
25 31 446638
47 11 934329
64 56 550045
38 5 964036
25 1 256560
47 28 958440
59 50 176936
28 58 342962
50 21 153864
9 37 20784
33 62 229454
14 44 22808
7 43 252943
35 17 949139
38 41 479379
22 24 82222
61 18 739808
37 46 214681
22 31 207342
29 40 266706
12 8 972559
25 21 194427
48 27 685477
63 61 117749
17 35 846110
36 56 209653
17 52 348806
48 24 940851
9 45 822802
54 9 550649
7 20 484800
22 44 588244
16 28 795311
52 26 172395
41 42 683533
6 13 101636
58 30 385144
63 13 710991
50 21 454844
3 10 254212
59 17 646232
58 38 376707
13 53 468446
59 40 690743
38 16 509089
50 21 886509
54 14 421578
45 13 370455
59 62 947819
54 64 393717
5 17 219123
42 19 214591
30 49 38074
5 39 550303
21 7 746064
41 52 43461
55 61 242353
3 19 668588
64 62 549665
63 50 684954
56 54 982826
42 31 141053
40 60 284077
33 64 150547
63 20 9754
15 61 788173
19 51 988169
4 53 558620
47 52 593241
15 50 537930
63 18 715538
29 14 138361
24 58 599258
23 13 126808
43 38 400422
39 50 717497
25 58 309628
13 21 570346
64 45 380728
49 54 392416
25 52 870578
42 16 522495
34 39 458489
59 62 61381
19 40 674026
56 14 591195
48 38 496532
43 50 476841
20 49 566741
12 33 194571
43 57 279870
28 34 405966
27 3 425588
19 62 923377
23 16 12760
64 7 18981
26 55 421450
45 33 371515
21 53 308267
42 64 298955
52 42 850883
49 6 195940
62 32 472487
36 34 383816
51 58 13831
57 30 718688
47 40 436428
16 34 631009
4 13 908682
3 23 897277
44 26 165741
49 61 840171
16 35 940188
1 6 479933
8 56 548790
14 49 636628
45 31 662267
57 46 575772
25 49 313896
34 51 350975
30 31 238936
10 15 322836
52 31 395575
15 31 780796
12 39 976052
1 52 85924
20 33 990466
14 25 203888
42 49 444896
17 18 533779
15 47 784817
38 56 909567
58 44 957597
48 58 422140
43 5 203362
30 6 315093
1 25 959669
3 39 606221
50 16 885757
17 32 706958
35 47 999804
19 20 930036
18 13 305119
46 60 130648
41 39 853853
10 4 56226
31 5 374394
19 7 503328
32 56 502447
28 8 718351
42 43 469309
37 61 26960
24 14 197789
54 60 377368
14 36 862846
42 46 146626
11 12 314630
4 30 390028
36 61 544003
18 25 737802
32 2 21556
28 38 696433
44 62 671998
8 51 905849
31 64 336477
29 41 683594
30 51 262293
35 55 548594
46 26 148719
48 43 464775
57 11 203720
45 38 881709
29 17 428778
26 24 666397
19 55 725212
47 19 459077
56 48 440567
12 18 44077
61 63 256582
43 46 129585
49 38 348731
56 18 899680
37 46 325745
14 8 824712
42 26 257598
6 8 519952
10 63 274751
64 10 836624
45 6 111950
50 49 128379
34 33 656417
28 25 717618
60 61 524768
44 10 749863
51 52 815104
49 57 56967
64 2 159045
63 1 899982
14 45 828371
28 31 125635
22 64 256548
54 28 941180
40 23 544888
7 2 12801
45 52 527668
44 36 331052
50 36 365677
54 34 588462
3 47 559834
21 10 536376
24 32 647672
59 21 758803
54 60 285801
45 2 38058
45 46 872989
33 25 531841
12 10 567268
57 63 254021
38 1 461427
63 22 817789
55 45 935132
46 39 986224
64 28 721388
40 8 665389
17 52 84443
45 20 793651
45 32 882685
16 24 510587
20 61 577340
7 59 944017
3 49 736253
35 13 289821
62 56 202948
5 37 154132
56 63 978305
12 49 850669
43 45 290301
2 40 983952
62 35 171734
56 51 177304
41 47 118005
6 17 561282
35 14 242297
38 18 588701
58 9 535899
58 20 276748
38 62 416632
34 63 583455
50 60 843969
7 52 564851
31 28 538337
19 33 755121
20 3 861886
13 41 222543
41 34 381976
4 27 724523
15 64 674217
6 34 191271
37 19 262435
37 25 558934
24 55 907441
56 10 486801
41 29 619540
38 41 992252
53 18 275421
12 21 447351
54 35 875062
30 40 332503
5 12 836329
39 49 558274
60 8 191992
44 63 855489
60 39 142750
15 13 779718
10 1 871447
38 12 953835
28 1 303629
18 31 853813
40 35 220544
17 9 764144
18 4 16759
9 47 65782
10 42 633628
39 57 614888
44 2 715752
3 40 350899
45 3 244852
58 20 588178
46 60 572148
45 12 975548
63 19 845477
45 8 816750
22 36 447124
14 11 857216
16 51 138754
55 37 374126
57 24 429479
13 41 854996
8 28 501057
19 23 427613
47 21 887279
19 1 896375
1 23 55450
20 36 829412
19 51 835478
20 41 192443
2 34 826962
40 46 49659
60 53 844502
60 7 614893
24 53 258945
6 7 76930
60 7 774424
21 27 114555
57 45 877550
14 1 168854
8 2 350135
26 41 430692
20 36 949016
41 31 743710
21 54 93522
22 60 360281
23 55 844383
46 12 509305
40 4 212262
21 17 92006
43 25 39015
33 50 515471
51 28 130221
17 58 57538
7 11 243799
2 35 506989
56 2 544602
3 58 729473
6 31 791894
23 4 539520
47 42 153632
32 57 682084
36 43 675904
16 59 929785
17 1 793539
39 2 17574
19 58 85991
44 60 180064
45 2 970047
2 24 368386
1 6 805740
32 37 274916
4 8 87758
3 23 474312
59 40 494089
61 14 406986
34 33 602371
8 12 170879
40 56 668416
38 57 49751
39 57 311900
18 25 353792
53 28 509575
2 30 942173
10 24 709124
18 20 54226
27 54 484466
30 61 60797
28 36 512693
27 9 664749
49 48 56486
12 1 841534
11 54 734681
17 55 895478
45 64 770061
49 17 668320
2 44 124181
51 9 707282
47 36 114037
35 62 830846
16 46 709741
53 57 72813
50 3 711330
10 19 196697
24 11 491631
41 42 700528
20 63 910242
28 16 180753
63 4 480307
60 1 928258
41 45 949046
33 26 811367
35 59 924720
53 19 417198
51 43 196088
34 19 159650
17 38 247392
51 1 558767
3 63 984178
53 58 240435
55 34 722783
44 2 794296
19 36 577139
2 24 556677
48 10 572143
39 43 278017
8 60 616422
39 46 870438
21 48 900388
7 36 295901
57 26 909310
23 6 683903
15 24 556770
1 25 902969
5 8 59459
52 47 34221
52 54 44136
26 29 999445
63 49 80900
35 55 285160
63 47 56833
61 6 828614
59 20 444573
29 20 313078
21 24 884029
23 11 353515
4 63 397537
43 24 779837
64 22 59181
3 56 736100
42 55 567378
43 51 275799
48 45 172010
13 9 316797
2 30 299541
62 52 692383
41 55 289693
9 34 191540
5 33 817418
49 35 35009
20 13 205623
38 55 205865
60 38 752342
38 50 401822
34 51 57275
54 49 810863
21 25 213157
49 33 308294
38 46 607381
9 46 649833
21 37 259662
11 13 145289
48 34 719278
34 64 126416
20 58 833093
4 40 264857
28 13 986314
60 18 415662
32 56 662427
53 64 460552
29 20 947948
42 30 157561
50 13 635866
32 46 999641
47 2 937043
51 5 201658
12 33 679430
21 28 981848
2 60 863631
28 48 401742
35 12 247841
15 53 201470
7 38 38666
32 5 505592
57 51 631609
11 38 580605
4 49 553565
10 5 186105
33 6 811956
47 33 554851
60 3 64622
28 17 84578
25 23 276359
34 55 875596
25 47 8702
17 57 25123
14 60 189715
42 5 5143
34 37 887068
21 19 14268
55 14 330943
36 41 301391
5 1 115878
12 35 893916
23 59 667850
20 12 342018
55 25 634429
9 2 224514
32 36 126822
59 56 204985
55 47 344390
53 18 341935
3 23 399087
40 34 38161
3 56 281100
12 11 759511
13 1 570351
48 11 929769
19 48 916387
11 40 400921
57 46 216397
10 28 849616
32 10 115063
1 27 274426
56 38 617989
3 60 787218
3 42 107227
12 25 168101
52 44 872148
23 54 264828
47 46 518249
60 55 146308
11 23 657101
1 23 722407
58 15 68812
63 17 174727
16 19 367344
42 31 310793
14 18 839412
33 40 122537
28 23 866518
4 18 830284
7 28 877218
20 28 833273
58 22 813511
6 20 747159
12 35 951785
60 12 290311
4 25 208857
55 57 623808
31 21 936086
52 24 394791
63 31 333186
33 50 382686
25 43 817715
31 48 772614
53 60 550952
29 55 776307
36 58 100427
60 48 428163
59 14 507991
17 1 374511
55 63 690381
57 31 112702
22 55 396584
8 21 94488
13 9 897491
52 38 205641
38 9 813378
48 4 592817
50 62 633790
9 14 835518
55 5 544636
3 61 122011
64 18 917265
39 25 743910
62 37 349102
16 24 200979
24 61 106203
25 44 757278
9 29 810716
6 37 202601
3 27 844077
63 29 551977
25 28 225338
41 3 681874
14 64 210550
60 16 878669
14 39 462537
41 64 95284
6 8 688721
33 14 750837
10 16 172496
54 14 676780
31 38 860040
24 15 151562
42 28 129481
31 23 723992
44 37 624383
52 13 193086
40 18 990213
56 51 682258
44 60 588386
59 49 285935
39 15 380565
46 39 789539
55 16 256766
63 46 131349
23 25 163321
21 13 909829
18 52 193558
22 43 792520
40 22 942019
9 17 2484
2 11 184740
40 45 84122
55 43 629336
37 63 898542
61 55 792130
9 59 395155
60 16 988393
38 24 780240
60 26 676824
12 13 859342
2 15 422425
37 54 775045
62 45 900783
21 17 157869
3 13 94627
4 22 941213
23 17 981357
63 55 330372
14 50 137757
37 61 947626
50 62 316088
10 34 938477
15 31 429337
61 51 467561
42 53 224118
12 57 308235
41 15 895387
21 13 866961
24 26 142850
52 62 304894
29 47 306363
20 57 848348
1 7 14970
25 3 468269
2 44 106785
55 56 206297
1 32 194663
27 52 60275
44 11 583372
45 62 957129
43 27 524536
37 46 740720
1 46 380726
58 7 345336
38 8 825124
7 62 398363
31 62 38970
6 24 695597
56 3 247671
4 48 316596
12 26 366350
3 62 713020
50 62 811433
39 56 58223
31 29 470006
2 35 238195
28 2 220080
21 7 794696
1 62 861706
55 1 563961
42 13 239058
56 15 677008
51 1 242509
27 39 950532
10 5 818401
63 6 920195
50 33 978564
33 53 704522
40 53 158344
50 43 407048
42 21 956820
60 12 815843
11 62 241187
23 24 613577
27 33 311054
59 32 158739
61 17 71348
1 49 571496
10 25 903837
17 10 283335
25 51 575643
44 46 147110
14 56 227107
48 15 143419
57 41 437915
6 35 613306
24 31 391434
11 31 992379
51 41 243539
15 57 6620
21 17 845582
48 61 999484
21 10 661683
56 58 558337
41 12 212663
11 6 96398
42 15 51481
8 9 94411
48 27 41177
41 54 787629
57 4 109724
53 63 95281
63 49 307944
56 50 180377
41 26 7076
31 37 930729
44 14 762168
4 21 585984
14 5 169691
38 45 276368
19 37 744979
46 26 213073
30 24 342850
5 15 30963
29 55 875404
1 21 26608
41 64 525885
32 4 414802
32 17 825238
58 55 719490
38 28 163190
63 44 760532
22 45 665816
36 31 267829
26 43 393269
46 26 449437
46 23 267773
49 40 188444
1 61 795157
55 62 678237
63 35 822648
53 34 663780
8 55 364112
31 27 579055
19 52 702105
7 34 851762
36 15 527304
32 63 133999
59 63 49579
15 54 201000
43 52 133387
35 40 469484
6 47 215714
21 14 966716
3 32 327600
27 39 708369
13 10 387615
20 41 563997
3 35 967003
45 49 414480
21 27 600260
31 61 203883
10 2 469530
43 23 579367
39 25 317574
22 52 593772
38 64 373749
4 19 408925
32 21 404095
58 2 187119
10 22 403530
13 52 392326
55 61 333640
16 39 591582
54 13 745206
60 34 12969
39 7 762984
28 10 522555
56 41 942031
55 35 554640
37 44 594085
46 56 193752
52 46 823124
59 62 730619
24 51 882951
13 46 607721
54 21 129647
29 48 352697
23 39 840865
38 29 561155
53 2 960750
26 47 123557
49 34 769811
5 28 401744
63 51 566018
5 64 612912
45 53 136196
28 17 25971
20 40 207513
52 13 52214
55 1 296247
36 26 343141
9 11 68871
27 15 839778
42 13 731093
43 17 520724
26 62 737992
29 25 145880
15 44 783295
40 31 592267
29 21 127436
19 57 15589
55 1 417775
61 27 706173
31 4 578697
51 46 951002
6 8 914455
13 36 115055
36 51 421850
35 26 192056
45 54 986829
56 8 766917
29 62 655877
11 59 972575
8 25 86050
16 11 78671
41 16 79702
63 28 225338
45 63 57900
6 33 301253
62 14 7610
10 5 505921
14 33 106622
18 44 911288
48 51 759696
17 2 866586
31 43 301737
53 41 803140
46 22 516675
25 27 741987
29 24 71344
22 33 632181
22 46 956437
19 63 978240
11 46 887410
26 62 811700
52 29 185758
28 17 924038
32 62 657947
34 22 325686
4 50 119309
52 7 25646
40 28 811611
60 46 649434
60 56 511687
45 18 773
32 5 679009
61 32 658801
3 63 649134
29 32 224259
18 36 718132
31 23 622010
12 62 474517
38 57 382274
63 52 772922
6 33 889803
10 64 115855
42 61 785518
26 63 185581
7 27 865420
9 45 83375
60 11 394437
53 22 463490
9 59 214267
10 58 174062
3 63 197582
13 8 645582
27 49 187466
9 10 263624
53 16 48354
64 24 383694
47 19 388952
51 7 89773
53 15 814120
47 24 695073
28 27 277023
42 39 560742
55 2 225238
64 10 962015
7 62 420206
40 61 824069
54 43 408087
13 30 794269
58 18 489835
33 64 877058
1 27 728860
31 4 451395
4 58 676868
25 57 674445
55 63 629706
36 39 440774
40 28 674673
62 40 758542
26 33 639519
4 1 48222
5 1 675064
33 31 717628
35 34 337845
38 58 723182
50 48 653612
59 19 177490
64 58 194861
48 55 611029
61 16 999413
27 19 206838
56 24 928374
48 56 957397
43 26 338294
31 63 329008
12 48 891551
56 42 446130
9 41 849515
54 25 509794
10 21 704881
62 48 957316
51 39 627803
41 22 961554
61 64 442667
50 31 231657
33 42 2968
64 33 935361
49 42 436905
27 31 214977
60 40 28118
45 37 515845
48 24 726379
10 64 367489
27 60 156800
5 45 432158
45 14 433096
4 13 813224
4 61 266385
44 23 503791
45 19 620118
2 63 647483
6 46 792722
48 55 16913
48 17 761100
48 21 396280
13 1 735109
20 4 185489
60 7 677197
12 50 608804
59 30 457398
16 31 960564
10 36 75617
27 20 914007
43 3 986343
54 50 218939
46 63 327099
50 18 862846
3 13 245188
15 25 427381
50 19 624403
39 34 864369
26 44 663125
58 6 747048
16 49 516330
54 38 611420
48 19 464474
42 5 541291
39 7 138744
42 21 39568
31 7 263906
49 45 431875
33 7 190958
53 64 333876
28 16 393892
6 5 132105
33 53 461148
58 30 148832
36 5 864294
27 46 317434
42 12 117056
11 60 720557
14 29 88499
59 17 329202
46 45 840321
17 50 640902
26 18 917178
53 11 545303
20 46 355419
57 9 141769
20 50 942973
16 30 351242
44 16 466820
60 1 432626
40 2 792322
25 7 284123
42 64 269775
52 22 404258
34 49 919386
42 57 751948
27 12 217917
23 27 404442
32 6 679465
36 2 800041
21 41 277290
22 2 879088
49 43 430767
63 31 11397
33 64 463797
58 41 574317
5 3 16568
1 26 492179
26 57 627864
2 28 56793
43 48 263746
20 6 68739
4 54 238445
50 52 434315
54 20 368330
42 14 327282
22 18 310453
14 19 260814
32 44 78662
55 46 198114
16 24 600849
17 43 46486
19 46 851851
63 32 286719
10 21 755346
19 63 209823
5 20 918449
57 33 582787
6 64 123630
11 55 253147
44 6 738674
61 22 406557
18 40 103178
29 38 808361
27 47 500798
44 2 676988
11 6 394895
59 62 187440
61 3 579503
42 13 166245
5 57 37162
54 53 972351
18 6 40550
28 34 996556
4 60 791034
1 40 275963
60 50 811328
11 44 707581
58 40 225535
40 17 960204
13 21 626052
54 11 307576
53 28 567613
26 55 258015
37 59 181850
31 59 578113
25 55 205682
25 1 950301
21 58 427460
20 33 277141
31 45 236137
34 35 75827
25 23 170063
21 48 687429
51 21 887231
13 51 335674
13 11 160688
63 35 789872
27 56 410665
31 11 118921
51 41 80886
27 10 333720
14 34 366126
28 54 735005
32 41 953265
31 53 811939
24 1 586990
7 63 606096
54 26 93191
30 56 790161
38 42 657209
27 4 836738
50 17 636323
31 44 623577
60 12 572865
44 42 666037
15 1 481205
60 7 224052
11 60 877581
18 25 869252
34 62 476205
27 25 450928
28 10 385601
63 41 450284
23 36 848759
23 15 951904
11 29 128096
63 24 538022
50 35 971553
62 52 355705
1 21 325751
45 47 962575
29 11 599896
29 9 603840
8 31 258467
63 53 517042
30 63 158798
62 61 319782
35 47 89736
4 44 561851
60 45 42639
50 25 705662
64 53 904008
24 17 274000
23 25 955566
58 23 37922
43 52 703456
56 49 433372
29 20 451722
36 23 668790
30 18 921122
45 4 717626
42 3 25583
49 26 714239
64 49 782935
45 42 564077
14 20 525921
45 11 796561
8 40 914020
18 11 882554
7 41 25164
40 21 700303
33 62 354193
15 46 103083
14 45 67163
36 25 504900
17 38 933335
49 18 543969
1 25 656584
37 42 360915
30 48 218811
41 23 305615
55 56 326988
8 6 186937
50 19 643109
12 55 200125
15 7 863202
37 55 368499
5 55 665739
13 27 173941
31 57 110948
25 33 881531
39 24 236018
50 31 683639
42 16 971338
14 27 365696
10 41 947142
43 13 241596
29 17 45618
39 29 305933
27 59 388741
63 19 835557
60 42 398058
26 32 606611
32 3 986792
41 43 933933
19 55 175528
47 8 737498
22 36 559782
48 31 464874
46 49 816782
38 42 163466
15 19 923427
47 38 650956
23 5 418446
63 46 868601
43 64 61103
19 47 599606
44 4 777050
17 51 247288
58 33 366632
7 6 862417
16 21 756260
51 3 773065
62 25 280845
11 23 396794
3 2 552250
50 20 612456
39 63 559339
64 15 614173
55 8 76477
31 14 192707
47 30 896279
18 16 869657
26 13 217585
39 23 959560
32 26 545865
25 11 668380
64 49 64602
42 49 294312
7 39 855087
3 5 531004
5 52 518233
27 5 740200
51 31 847860
36 5 292363
43 36 425956
51 61 826094
14 60 125086
39 38 583630
14 44 965365
60 46 153273
55 51 9772
16 13 323825
55 64 835791
43 35 375571
53 13 307254
24 63 732146
5 12 229998
34 50 392851
48 63 834878
36 58 632555
28 48 494941
8 63 834666
56 54 5033
6 32 739979
24 20 31767
13 43 909909
63 47 559136
44 16 560401
62 63 208015
59 34 873416
37 62 603959
2 5 401526
43 60 71723
19 1 429706
29 24 800541
51 36 610183
7 34 168373
38 13 149252
54 10 103747
36 11 343913
33 1 220202
37 54 931156
38 32 203625
2 55 4165
52 27 130699
58 60 299071
31 9 964675
20 18 68421
23 22 581992
33 62 113993
33 39 315501
23 58 128717
54 31 397036
31 32 790371
35 19 834941
46 12 272760
44 42 592192
46 61 190802
50 19 268327
26 51 206116
34 19 880458
14 41 485955
26 31 771297
6 61 708800
40 31 302546
36 12 982877
27 56 771974
27 37 703362
44 23 83988
18 48 94214
53 17 518360
62 30 25921
64 56 423519
32 61 398427
31 36 987513
48 7 805125
12 33 183036
17 59 85920
18 38 582198
37 55 770213
42 43 763957
1 40 395283
1 39 309258
31 6 419270
57 36 515689
50 19 949807
54 30 994383
49 46 757962
16 63 431343
6 35 799206
42 12 584016
31 13 666232
49 13 48158
58 44 501092
63 36 250183
39 21 81626
21 10 10999
35 58 293925
44 10 150115
27 15 179910
64 56 961169
15 22 44957
42 36 732991
21 7 799613
56 13 898275
13 38 430391
22 29 989594
16 1 790405
25 35 55263
39 40 119326
30 57 800109
52 21 630770
57 62 509589
56 18 405851
52 10 552296
23 22 296717
13 43 52137
38 58 617833
43 18 849996
9 56 745715
39 22 118955
19 9 537152
4 1 412541
25 56 392975
51 44 793048
26 2 97965
39 14 768663
15 52 908497
56 30 447266
3 38 108954
53 12 312751
32 30 838903
31 34 805751
27 58 462639
41 44 609178
64 6 659995
40 3 887034
27 19 172401
56 52 307763
30 13 188840
41 59 705223
7 49 275109
63 33 17942
40 12 627119
39 17 803465
19 60 365296
21 54 153227
39 38 830978
26 25 568479
39 64 236744
33 6 957838
18 42 517301
57 40 210261
14 15 770400
60 54 483697
4 8 932844
51 28 269025
61 2 293959
63 27 626655
29 1 664542
36 34 407651
49 51 425868
37 43 734323
57 56 192066
25 51 549303
9 54 588798
52 40 411033
21 37 508634
27 35 370548
57 63 529269
22 35 411798
56 19 734984
3 56 570482
53 48 936233
54 8 492059
44 16 525072
41 4 400567
1 24 820827
26 50 584125
14 42 291644
2 63 663774
23 54 691056
30 56 890791
15 44 473239
55 34 241502
17 13 646574
32 54 654001
22 54 532808
49 16 609657
45 29 511202
40 30 418336
5 52 222357
53 17 381836
27 31 114743
49 21 129496
15 37 975397
60 4 273946
44 25 403471
51 9 421662
43 54 182714
12 29 248599
43 34 514762
63 22 232538
10 48 488760
64 33 736012
24 47 950000
60 42 688499
12 35 946503
20 1 69681
9 58 704060
38 17 789478
7 26 97252
28 52 786861
11 43 107564
43 55 557763
25 38 983358
2 25 199250
22 36 334965
28 55 892341
12 64 148782
7 37 653822
44 43 189976
15 6 958667
59 16 732469
39 59 242283
41 19 218449
39 21 883113
56 42 932556
44 6 743554
32 17 571969
14 24 328037
11 3 174735
34 18 349652
44 12 957668
33 50 58654
11 27 810864
27 1 699268
3 56 673198
14 36 195507
16 3 819523
26 53 733531
29 3 862460
46 23 950056
57 58 770120
43 23 348818
5 6 145965
5 10 826223
60 55 955389
31 41 828108
34 43 789147
49 5 78223
11 33 58386
7 14 904552
46 6 708385
53 48 87223
6 52 276924
50 56 165893
33 52 244411
29 18 518435
40 51 611982
2 36 471186
17 46 670130
34 52 959039
9 33 632900
41 21 122676
31 27 520359
26 12 111391
31 44 573906
25 8 797347
60 47 840214
9 49 464377
26 1 436070
11 34 101402
9 42 926778
12 18 715023
63 48 782249
38 9 823476
4 39 632224
21 64 196583
55 59 828310
12 3 349254
4 28 321286
42 38 319143
3 46 763728
60 57 363425
10 56 721808
50 29 632152
38 32 776703
5 52 399870
43 42 52792
64 54 347450
5 57 787733
10 34 527418
48 36 525543
63 32 447711
31 41 900246
46 27 919858
6 64 617937
4 1 480366
46 56 858542
35 49 102322
27 5 151036
61 62 35243
32 36 683178
63 2 694536
40 24 427702
2 9 793019
1 26 451390
4 29 25982
49 10 653365
30 44 144549
16 7 907113
11 3 713446
53 34 561673
30 33 857610
38 8 53793
27 9 202538
21 9 969219
18 12 336991
15 60 789673
3 26 250068
39 41 27994
15 51 739996
52 39 443454
60 5 563358
5 42 607333
38 4 980589
15 24 776693
17 41 442496
47 55 974715
23 57 748244
43 31 865404
4 45 993582
21 29 83675
25 58 108895
2 30 220612
5 10 18514
28 62 818338
4 61 955153
58 55 881639
50 11 574545
16 6 295445
60 52 756340
27 8 660688
53 32 644745
19 33 236134
23 37 808111
40 64 156780
10 3 947944
26 60 230174
64 45 777000
17 60 189230
37 55 627745
24 17 234280
39 5 461767
47 23 121703
20 45 942667
2 21 265226
45 30 624140
20 55 127175
49 54 271987
25 6 992558
6 42 599012
38 1 491060
13 39 268728
19 21 73614
57 40 126331
3 41 929039
12 21 332780
23 40 809058
29 25 723159
15 49 682333
60 54 949318
31 27 829511
18 39 467245
9 57 23618
22 49 251113
16 51 441490
30 62 784230
9 20 710926
42 48 484454
1 62 881814
29 57 608587
34 23 808869
11 21 178352
3 22 740229
51 62 944789
37 15 562034
34 53 544763
53 2 336548
36 39 851492
33 60 565120
25 6 228066
47 42 236873
22 52 229277
5 54 245298
9 40 28784
29 12 770110
15 45 295666
9 33 48499
44 4 769433
16 36 404884
15 60 648921
48 42 218178
57 63 988021
21 3 552426
7 11 280273
54 40 839772
51 54 398280
37 62 795496
23 41 703339
48 56 348878
3 7 55945
28 54 876850
29 46 534384
18 3 690546
59 9 118269
12 62 278692
39 48 217497
47 20 995798
22 43 466494
1 26 481078
14 28 121020
23 55 98033
8 20 165343
56 37 68577
41 31 569385
37 42 180198
8 17 220181
32 63 468649
53 20 6803
51 20 604076
40 34 665351
35 56 355902
19 63 893905
49 54 783733
17 31 577811
57 3 72765
30 11 624717
51 42 599243
27 31 340894
45 17 36658
24 56 551763
30 26 942154
27 44 117384
43 29 95486
31 45 599708
50 38 231966
46 3 303656
58 53 32274
6
8790094
12929967
11729440
25419386
19979583
8282449
145 2501
121 3 559440
66 54 501326
100 3 315394
63 32 574301
102 88 560733
58 26 877263
16 83 155116
6 108 78394
112 17 77853
65 33 598499
37 8 490031
31 73 79569
124 19 766756
67 81 959688
125 30 876747
94 87 588984
77 94 747668
7 99 198355
47 58 911459
84 114 888241
17 5 764044
89 28 829708
77 6 823477
60 64 606074
74 43 441923
22 137 127991
141 68 131014
43 66 221155
45 104 195419
63 43 936692
105 51 529178
18 132 15965
133 55 931082
129 114 73571
44 34 534083
142 48 389704
27 35 34048
143 69 622230
59 113 232644
32 22 459493
118 127 901275
55 144 48021
12 123 495651
118 98 527271
143 142 618922
58 130 647349
116 11 717888
81 145 578206
110 58 943011
98 89 207407
112 53 775988
32 100 929149
82 111 496596
34 75 818159
92 65 499910
38 122 500124
23 84 946791
50 19 487278
137 121 826385
47 65 192236
116 32 5168
28 63 310712
68 136 641184
94 17 927666
64 108 727375
30 137 90746
125 14 440186
85 55 777040
29 46 272592
31 85 126781
121 55 831804
110 74 256231
62 142 997139
107 82 550177
82 145 442616
121 29 293377
128 8 266160
74 84 595204
30 105 375066
106 135 548757
93 110 807331
112 74 475832
39 127 967055
94 89 777596
12 17 241965
37 130 892775
53 112 230149
74 32 717229
4 53 841293
117 5 945077
23 98 220816
121 56 706382
2 94 196133
16 35 363958
111 46 137522
52 83 727846
13 127 742027
126 48 652956
24 51 721318
27 22 736058
18 37 340307
111 12 849517
124 13 552622
118 20 963113
56 122 114814
139 28 483043
69 32 844824
102 12 15373
22 27 73541
140 53 910744
109 63 75740
22 20 892211
135 143 835988
51 115 906829
139 17 849625
119 10 939044
36 78 67860
71 35 466221
9 48 884060
126 34 129964
119 142 149011
4 10 711072
44 144 489824
89 50 230456
7 35 780572
39 145 310399
97 35 31428
42 97 202039
134 97 475187
108 77 88540
127 43 294509
54 46 433398
1 81 871077
81 16 676518
131 15 812834
45 53 394838
105 141 421924
97 37 255267
116 18 393889
29 117 944032
120 98 300089
55 144 54151
145 136 98429
96 71 268909
80 49 505125
90 85 140349
107 44 113625
142 140 492811
128 102 293185
58 122 366102
65 89 841524
105 143 417519
46 142 772454
59 84 428857
79 10 617182
114 99 118001
39 52 758064
113 48 85150
79 23 301299
53 80 398047
144 136 463935
35 96 309823
60 141 401811
76 46 94625
9 116 97484
135 76 739575
55 115 899381
10 82 31531
96 7 391290
131 52 856194
143 42 402980
97 68 848087
41 128 729314
127 50 145089
143 58 913376
23 39 506597
2 85 97803
25 94 767914
95 36 42446
34 22 730934
44 11 166775
45 99 224198
141 140 837072
79 113 294203
54 110 508095
145 132 128633
13 126 790169
140 5 734414
50 99 562869
112 124 609537
80 22 756112
90 67 982881
14 54 599665
57 133 40979
4 33 368743
145 24 229496
42 36 846461
15 22 635370
65 72 144105
13 38 247603
120 110 834762
83 46 308560
8 59 517083
64 115 705997
87 110 20390
66 109 406340
24 142 854093
114 3 461449
56 67 29027
87 79 599272
105 45 903116
23 72 233247
81 61 259571
42 30 843224
143 39 311972
106 55 10215
102 107 71270
96 28 767695
17 19 124577
87 32 245413
132 9 717362
106 31 497870
87 103 795460
124 136 315399
103 133 372079
131 93 835099
45 41 668562
64 136 963474
131 7 803765
139 94 759678
98 72 618707
39 32 134124
43 110 151072
99 89 574444
40 38 532277
10 23 531006
35 59 485992
22 122 93442
27 99 532126
51 92 509886
99 44 905882
2 74 559405
80 108 703701
108 62 598341
127 93 602900
125 102 29349
70 129 887902
56 142 766181
25 23 431879
145 74 42278
52 19 842788
30 20 550772
31 91 180449
141 46 43632
34 27 972071
108 6 821493
52 75 492403
45 123 620659
15 2 686086
76 138 8801
75 44 832129
117 73 807480
80 103 552626
6 90 251341
137 123 478069
63 78 765086
82 129 643397
84 20 598994
74 35 241670
94 102 136254
27 31 759927
130 2 567626
92 74 602403
144 79 117015
96 70 677097
66 124 918254
41 60 869834
82 135 419739
93 63 850500
104 4 110348
108 30 725208
9 6 570571
120 89 197209
34 87 301922
38 29 444694
12 94 81242
62 134 65764
88 63 890660
133 10 660238
67 105 609638
94 67 231309
143 76 873731
48 42 344385
19 75 228598
75 105 777712
48 116 986145
145 24 135336
140 111 868680
124 98 785171
18 11 642830
60 96 577912
123 93 350342
31 133 560450
35 6 294286
117 80 668865
83 120 393987
135 111 904258
30 105 553158
124 83 309483
74 93 507378
128 7 289896
104 122 349538
2 7 805932
78 33 823582
84 4 737114
40 79 991220
104 68 150790
46 89 314291
98 67 856030
87 132 952597
87 106 729981
37 57 903137
71 50 378500
93 128 984102
111 66 464892
56 97 82230
120 55 338612
141 100 885725
121 45 592248
23 123 726999
24 64 965512
24 100 852993
137 26 772487
103 110 284444
101 75 199501
103 131 186523
37 97 672199
31 93 44436
112 60 372742
107 82 966599
87 98 849738
28 113 828404
25 105 735784
72 54 926865
92 10 192525
33 104 818932
62 140 797305
137 17 762082
22 121 576609
80 82 580562
124 23 726539
78 43 260872
123 67 603048
49 130 647918
83 69 863232
47 93 746585
125 1 380207
10 137 619060
123 6 348870
6 85 194588
100 55 366861
8 124 380255
21 102 55058
138 5 163758
11 87 539853
29 126 350140
14 97 813845
122 106 119518
101 76 795243
48 73 246465
75 27 923429
117 35 224930
56 47 946666
54 40 373477
28 42 915875
70 62 282737
51 75 292994
32 43 260301
141 136 946741
119 38 961626
20 112 852812
120 84 379543
54 131 802690
81 31 241651
112 58 827992
69 119 457648
5 16 877205
30 47 983219
16 35 878399
68 8 427966
48 19 342860
47 138 473588
79 47 749460
13 119 192831
115 78 160
113 1 194949
36 142 676391
17 27 741980
32 34 27584
46 93 844798
88 133 440086
97 34 253228
36 104 25506
106 109 703585
61 78 693644
65 46 878854
35 73 91007
21 81 590393
45 112 186368
95 12 825673
7 100 953580
82 43 939253
141 79 194938
102 39 490621
28 91 584304
31 2 336681
26 29 689048
17 49 67665
27 85 423046
69 26 666295
51 32 225376
12 113 443148
6 108 309551
104 56 90396
19 75 462161
4 97 457710
34 122 755638
128 139 548688
42 145 308872
67 144 688450
90 89 21606
57 68 810367
11 134 310417
59 84 301087
125 117 876061
77 6 304066
53 68 937471
38 25 122187
49 58 246301
121 116 553061
90 60 568844
62 108 60479
40 110 345312
121 15 236892
68 140 590633
10 71 918435
130 115 485522
80 8 117648
34 48 812260
131 15 896897
82 96 259523
112 13 854020
65 52 502472
6 28 822556
15 87 61947
139 96 177492
124 72 361234
30 7 967896
90 32 301500
69 17 638215
3 98 182840
140 65 473334
87 129 803711
143 127 517090
60 141 914558
117 126 355823
90 104 177654
33 126 317522
120 70 897613
110 130 196932
106 132 735834
52 127 632220
11 68 430216
13 57 475132
34 116 36564
141 79 705144
45 24 915660
28 56 637280
2 23 20356
6 132 360795
27 84 588199
138 135 929385
22 137 787429
27 141 664802
5 29 867707
115 16 7148
61 60 227911
110 80 923933
131 81 63110
76 78 463293
142 105 762696
50 89 176863
76 110 179126
16 129 573197
12 125 908867
116 87 584343
8 2 988149
68 103 781588
22 80 314885
7 2 485653
106 143 7174
144 48 615282
26 123 458548
36 139 967188
34 5 616333
61 112 991601
95 119 281784
43 41 402541
71 55 540207
17 61 682433
41 13 706365
16 11 200202
79 36 126032
107 64 271282
101 97 784401
75 4 82153
135 98 171683
43 141 764551
45 58 301040
126 66 844260
63 107 406559
135 122 717930
108 56 471585
59 9 879355
140 109 998084
73 31 736637
117 20 195710
134 63 879802
31 99 54149
135 80 66339
1 134 918377
25 115 101084
59 78 778796
120 128 893709
92 115 445714
15 34 51144
86 5 217951
102 130 195213
113 16 934526
28 142 976097
9 143 2358
95 22 719672
13 72 844594
115 46 535859
80 137 32043
9 143 150251
104 84 488987
74 32 219933
98 137 107640
76 19 453147
132 27 617064
24 122 522302
23 126 370438
98 96 665760
11 30 287624
136 82 769131
66 138 531269
98 18 4972
81 57 445904
99 85 346580
118 110 765966
86 3 421375
66 112 921377
8 122 957238
30 115 57844
51 97 308701
31 18 564895
85 107 557374
83 42 141141
11 132 210757
62 104 897437
129 44 139121
73 102 751243
107 109 29124
6 130 110980
79 36 426946
81 66 17475
76 142 663636
79 71 865029
131 73 795821
115 135 469194
71 110 139375
21 30 853656
83 136 329306
113 133 298223
104 66 952643
55 2 578048
6 69 738412
72 2 922352
25 125 92125
110 94 110661
1 11 260277
72 23 445996
107 98 621898
89 65 745220
56 24 390158
58 70 349059
118 75 735874
21 138 558920
2 10 24746
56 119 311404
83 111 865386
75 37 793109
95 135 362166
90 71 118032
71 126 655335
118 31 950076
13 140 987026
121 15 978875
78 8 757949
13 56 636420
34 138 83480
64 67 271209
117 9 53260
114 98 758940
31 23 686471
107 133 821198
108 145 224817
30 121 668443
89 53 558075
13 65 502190
47 90 611448
38 9 662476
66 117 584919
68 86 33378
2 108 753073
62 69 134160
144 31 42049
67 52 728966
4 141 237478
86 145 625035
85 38 719391
69 75 353229
112 133 868713
17 55 111655
12 56 200087
29 110 305695
25 100 894908
20 22 471101
136 17 980446
5 102 729947
76 34 323319
92 94 876746
115 52 145083
94 69 214294
13 80 326966
39 100 169570
126 124 596007
90 143 314740
105 125 994211
108 130 225200
109 52 509895
140 143 976095
100 105 286277
39 53 541710
32 58 292124
64 96 806943
61 68 736678
15 121 480939
132 93 532711
116 22 830781
14 113 452170
12 8 950304
116 99 626224
15 113 85
72 53 733616
23 100 636716
82 117 135822
86 123 949667
49 109 274074
119 71 340033
144 85 915885
11 88 467832
121 58 306055
125 72 202339
6 144 390746
96 13 902447
101 86 634473
117 26 6228
100 74 73988
31 39 866496
128 30 493637
39 40 865834
111 15 563626
127 131 739084
111 137 162059
1 87 485673
128 35 35664
72 143 254346
131 98 589955
9 120 124255
86 102 655324
102 132 668035
60 97 112692
67 71 615517
137 36 692948
61 28 594952
125 10 441891
130 74 885938
16 59 393112
112 59 237486
101 144 275444
112 92 422871
16 6 663949
1 106 84756
36 130 483523
64 88 884314
65 88 320769
138 78 11569
44 11 325027
94 64 246387
93 64 855775
39 51 133198
37 135 523311
92 135 45293
139 18 776575
101 73 102807
27 137 387282
90 122 74046
15 12 153921
51 105 987634
34 44 613143
129 75 177873
86 103 922904
106 49 489021
71 43 635405
20 135 597677
56 16 55750
19 105 702896
59 111 866434
110 16 450904
70 50 968079
94 25 383438
24 110 112810
79 62 520594
116 132 724248
25 143 690942
6 46 337695
108 64 952569
48 123 612542
129 79 93582
32 140 191133
115 81 244617
120 104 387231
89 37 174990
99 8 136833
143 24 49336
40 22 531656
89 129 487426
89 23 474340
55 6 646318
30 51 142206
110 90 309235
68 92 105425
96 11 422209
95 46 495943
119 86 744267
132 18 846637
115 5 417928
137 115 601759
143 12 879172
26 33 864070
16 142 609936
117 56 743032
17 7 567470
7 93 528740
139 58 539345
13 44 114309
111 13 176698
8 5 713427
97 139 412826
60 11 652273
66 27 660397
16 135 145887
58 143 318515
102 4 829095
38 135 404887
59 139 29038
97 104 898212
131 104 707253
135 47 999261
5 106 649202
44 19 799280
80 34 275081
19 83 665679
108 31 425984
137 68 51940
71 126 287813
40 69 496592
21 55 128907
136 44 753813
106 40 766833
79 75 64741
70 2 257472
51 20 571704
29 119 91260
139 103 861229
94 20 904605
41 59 368398
84 71 945659
85 61 349814
132 14 510040
132 92 78610
4 17 748623
55 59 149614
36 79 600097
47 72 961871
125 20 123470
31 53 630283
14 136 413226
42 68 146846
98 54 863109
47 32 211216
71 36 23149
80 82 573989
108 117 13062
102 10 282703
52 135 951205
22 12 790027
41 25 812112
131 59 662719
129 11 95660
2 57 877766
104 120 106483
69 54 522930
92 9 731513
40 110 339845
68 16 692801
99 29 211337
45 62 780204
118 39 828707
114 22 739364
18 24 505862
90 119 723163
53 43 139889
89 126 905652
88 21 136901
97 80 311858
87 33 553994
81 77 493590
99 41 60223
30 9 917092
100 18 410952
73 100 269370
21 7 548199
14 87 305075
15 21 69410
117 110 640259
89 43 485178
74 123 877841
128 76 146711
68 97 987212
29 51 978649
142 116 31493
91 136 252226
67 4 680129
31 10 46715
7 118 724531
62 53 373673
4 127 721831
6 101 549206
56 23 717210
99 43 448852
15 39 766347
29 122 392857
50 43 984622
140 73 447293
106 71 917770
36 132 740615
9 135 437116
104 140 533566
121 42 606541
90 133 56778
102 2 327934
75 30 173025
47 71 656602
5 66 600091
110 26 72901
41 54 231642
25 62 77843
135 12 489344
48 124 129207
128 69 984644
97 17 550655
105 83 375085
81 121 226510
107 126 301412
44 90 646505
51 130 986318
44 10 210876
18 136 42009
131 30 28922
125 4 405177
105 101 619625
95 52 438613
106 133 771348
42 86 602453
44 130 411924
55 27 117531
127 71 459887
99 88 392459
82 66 448814
43 37 751842
65 141 874674
94 90 628891
53 42 220220
141 84 788910
55 119 967756
59 28 829658
31 1 638960
12 99 473504
120 35 822634
105 69 364612
94 133 51378
37 74 949937
24 126 984431
143 121 865016
50 23 893104
77 73 747903
131 103 899378
110 114 591108
16 80 832397
139 40 684870
1 133 553705
140 16 542173
78 40 121590
58 29 546953
113 70 937065
133 2 220202
35 124 513894
74 89 794379
66 104 937763
84 89 425564
34 81 493271
100 75 48262
102 8 235778
68 57 276038
10 25 474305
111 12 798333
2 39 594131
132 112 17011
77 25 24124
110 108 987160
20 133 754377
71 87 377154
129 35 321778
73 103 572679
45 112 511225
79 70 30519
98 71 878462
104 50 987135
44 126 947646
80 82 76039
51 102 89886
102 19 542893
67 2 493582
39 74 579896
60 110 316083
104 36 704614
7 133 416634
85 91 31445
122 127 310721
29 61 741279
52 111 232332
55 67 277150
144 126 956698
122 19 506753
58 78 203353
97 29 553505
60 27 839189
85 104 138185
15 72 500206
62 100 465728
45 144 505558
122 53 406776
63 51 546536
6 27 762967
13 84 112394
122 27 655099
121 86 388896
100 26 741301
16 40 183097
58 93 178281
15 137 319244
74 105 212223
54 23 883758
15 20 376487
131 32 753952
26 9 848589
87 129 881361
37 75 752551
82 90 526307
45 139 513349
115 8 971308
31 81 616162
143 127 757766
16 133 836465
44 118 875364
10 135 561462
140 76 480967
66 104 473069
16 32 675950
135 76 106169
63 46 745803
120 76 100411
137 65 576767
14 80 237759
56 115 846353
129 125 31294
57 119 931330
113 31 484410
83 39 399132
143 28 374942
51 90 106474
103 65 912971
83 48 6656
36 53 787637
129 108 632402
33 91 811253
72 2 172778
33 107 598339
97 44 356837
40 33 974579
59 83 964913
122 33 815499
108 107 142498
5 143 703676
126 118 851848
72 6 978731
134 77 645784
9 109 850327
67 52 65428
18 92 967035
133 5 177670
47 118 926782
26 72 347485
43 76 983842
105 49 106315
130 112 561255
100 93 896308
55 101 42803
117 22 485149
61 31 655182
37 18 927843
96 64 925958
34 81 46144
79 116 327762
120 75 42095
126 59 337896
145 5 26418
87 60 796790
129 23 214646
70 75 185878
93 111 652360
121 54 128061
105 87 912126
23 12 663406
9 124 85576
35 104 63186
28 104 58616
112 37 750352
7 13 472369
67 74 839150
5 21 785025
96 133 520368
106 92 488312
44 107 519988
104 107 115591
86 142 897787
119 16 395125
19 127 52968
107 133 397767
72 47 914670
111 43 291563
115 138 456287
20 91 334801
3 126 973247
5 76 732090
123 17 620721
54 127 42443
80 145 990970
134 106 779442
56 32 655210
42 134 771447
41 103 813217
20 114 908579
90 116 969659
121 113 176214
105 90 130172
78 135 894718
65 69 44819
26 49 814474
128 96 225107
114 130 599515
6 25 239075
27 36 180505
122 125 395766
60 92 953900
73 44 937794
95 113 794290
97 24 402160
91 50 330723
36 24 494099
5 137 839660
106 134 142616
12 15 375607
32 128 873431
22 42 125688
116 115 864466
1 56 743190
12 144 771598
91 81 457012
73 109 95225
143 113 341447
52 65 483475
123 77 334527
84 108 803179
16 121 375443
40 83 711179
115 75 940559
141 86 991004
54 31 874630
15 95 438613
145 85 424412
113 128 947893
69 97 731779
32 27 989278
123 43 116155
110 82 66309
58 44 777533
53 39 76820
46 92 849977
112 107 944079
141 98 853223
129 57 449772
37 125 843639
12 4 926780
87 126 88979
136 90 939571
115 139 892076
14 46 173331
136 83 38583
142 50 977546
82 45 85445
114 29 220078
113 65 348567
71 68 870847
47 9 557392
66 145 816348
13 106 842541
3 111 609233
15 101 591076
119 90 179050
31 26 844471
40 132 495399
97 99 112430
126 16 427343
12 62 945766
16 127 300207
108 131 556974
41 125 493600
18 140 219607
78 113 584973
34 144 533776
35 30 919237
55 119 223832
140 99 774847
2 102 531765
17 117 67214
24 80 837114
127 120 249894
43 129 995235
52 54 595367
4 79 576892
111 113 508902
67 15 127825
105 9 298580
13 10 892013
128 18 949165
71 41 319086
144 15 844317
44 49 134090
83 92 812185
82 96 541299
78 53 682253
96 112 730447
87 71 798310
23 84 829536
61 66 253539
62 128 886876
142 118 286522
35 17 946076
56 99 117847
131 27 386809
131 105 286737
98 47 253218
72 134 26435
61 11 381235
44 71 849382
52 124 498089
84 120 680822
131 9 647473
73 57 909628
106 42 579007
82 27 199796
110 116 829952
112 42 113652
23 95 833123
18 138 913080
69 44 302689
103 127 837385
101 104 361486
115 31 525432
74 137 657760
60 73 299768
5 37 133708
134 140 406380
105 9 432444
79 26 557788
116 87 3246
131 36 204749
112 136 932468
102 105 165180
140 33 504381
74 85 885935
26 81 596578
86 69 405879
42 21 340273
100 91 780993
142 53 610126
74 30 293056
124 142 26956
133 90 492002
28 85 597822
50 5 923421
145 23 184946
114 108 728702
78 141 668339
50 95 836979
39 83 696759
115 3 34013
80 118 202479
28 106 79994
71 133 708340
2 29 745276
9 20 974218
97 134 561577
100 66 913732
123 107 979478
83 145 316602
96 106 444701
139 33 568524
24 52 136889
144 122 831328
58 116 156221
114 116 513856
38 67 17161
70 21 39311
88 135 469634
56 73 572770
89 15 958846
125 145 953620
133 24 67696
93 22 309427
40 72 309339
15 32 474500
2 69 22558
122 130 682216
9 73 121810
2 120 211024
124 55 130264
61 34 429893
30 13 828743
42 105 406807
30 144 872423
134 6 487219
63 7 741764
42 121 197636
42 121 768565
32 115 434029
77 93 543333
145 8 541179
60 29 479736
142 70 12246
93 99 486386
107 79 542026
7 133 725725
121 30 54642
66 71 568087
75 94 252046
50 26 679288
79 17 841362
142 76 175535
121 100 832069
67 125 968971
145 3 109442
133 32 508029
17 28 104251
79 144 469037
28 77 784203
45 109 159054
61 133 75082
129 39 470846
40 15 395207
43 73 289602
8 72 758726
117 51 437222
47 67 686711
35 138 504286
96 12 573907
46 56 839168
74 108 462142
90 83 260650
18 122 357716
44 20 941935
42 19 60462
42 127 707972
65 29 751111
115 63 643408
3 5 579794
111 50 191271
30 115 675175
73 60 741423
18 69 473954
105 112 221190
120 9 952101
53 50 776127
36 115 717650
86 76 913624
120 70 316734
20 36 743885
120 57 837780
30 130 189851
14 139 270944
119 90 476265
99 56 128120
81 108 952530
52 144 935771
52 76 248201
97 51 943163
10 70 78210
102 37 8861
18 58 229962
138 71 485810
28 44 683177
29 134 731292
39 69 723322
90 113 367237
110 19 414147
52 107 540164
64 109 808729
95 65 960167
46 82 636949
117 66 96849
29 85 846524
30 113 107165
78 143 830870
89 87 793767
90 51 229857
22 95 52764
132 5 95572
22 100 102166
93 137 943029
76 100 808011
121 128 968055
57 4 415777
126 82 795650
110 25 576553
62 107 177906
23 128 364260
83 114 111481
114 128 465075
56 75 466606
79 143 346036
14 118 105525
25 29 911899
12 1 529152
133 111 164253
50 19 184439
10 33 520208
56 116 195372
107 84 567714
103 132 597400
91 57 405027
33 63 120147
102 87 589282
22 90 919598
23 77 458315
41 119 482848
11 120 255757
109 23 797102
22 121 235158
62 78 672089
31 15 567275
143 47 728727
66 141 124499
133 114 906792
57 23 185739
30 87 649124
141 39 632717
18 97 328033
138 94 107414
63 77 547
77 109 782354
124 57 717011
119 100 724597
127 80 651781
13 128 553630
76 4 938327
142 144 95132
33 9 49038
83 1 238102
56 63 615605
52 132 76735
37 110 266592
87 83 97298
9 56 131074
36 69 892236
85 136 476454
68 132 212305
89 20 509178
62 94 34165
120 4 111728
101 48 804764
46 76 678885
47 10 940644
131 10 898489
5 45 459212
5 121 841255
9 44 661036
140 132 583977
142 40 938110
136 14 830849
40 107 295443
75 7 597893
74 45 487914
139 30 657398
123 34 274477
21 39 409133
55 39 516043
76 25 173986
99 21 432001
79 3 560891
54 43 176262
76 117 871200
20 38 395944
119 23 364144
73 145 423224
80 13 949069
54 67 934484
63 134 591773
58 88 430113
85 13 516373
126 66 929575
119 133 23538
119 144 477147
17 109 231045
82 37 700071
36 108 343438
11 8 518752
25 70 887047
54 127 32301
104 67 892623
11 39 815213
105 12 128217
9 130 913176
96 139 174354
52 75 569150
7 102 888392
120 105 57564
138 129 109060
144 29 700514
85 132 263925
29 142 909240
39 93 780016
35 102 780158
30 44 789256
134 95 204157
120 101 448086
69 67 470110
24 59 721065
49 50 792723
47 126 631550
103 9 270268
44 47 122101
4 82 243289
78 103 110979
8 83 439863
142 58 962715
87 118 22974
136 141 139389
15 36 199008
67 74 750483
98 23 686437
126 66 854785
101 62 867393
16 139 637436
119 139 855618
18 135 607442
17 76 781299
67 58 467457
31 72 258622
43 130 888013
36 83 103200
29 55 329776
68 2 864107
36 17 486350
98 135 502113
97 144 631904
9 15 291104
29 82 498878
37 112 943586
81 1 417951
53 28 586225
47 56 202324
107 116 904700
75 143 452993
45 95 441829
144 46 827422
88 46 88838
98 67 732699
13 103 931097
143 30 883040
113 82 822657
4 129 469090
102 82 677122
48 12 797794
10 48 501245
90 38 643092
31 117 830778
124 62 394656
144 74 769478
123 71 279275
102 31 263001
100 34 856561
9 128 389730
25 30 726613
30 32 869912
129 121 321739
121 144 746703
5 114 919554
100 112 371874
144 81 14544
73 29 298219
84 129 325475
61 137 782282
120 9 606043
37 38 733399
138 22 638882
124 142 149912
81 138 838975
99 92 471473
37 90 978504
37 10 759457
68 93 153342
132 145 596544
25 120 798887
92 11 74516
38 141 891972
96 119 927050
7 54 10527
23 144 537058
142 35 308825
60 63 88749
144 130 656183
65 108 867687
115 132 629343
28 79 635059
124 108 787449
95 58 924604
47 56 760522
143 70 247460
33 66 757291
4 118 304558
129 116 703833
56 27 313292
119 134 882514
12 16 50244
52 131 549881
87 73 53010
95 119 709542
11 108 358451
62 140 987561
2 135 91728
141 118 946760
120 20 705999
62 139 965987
135 142 558314
125 48 41145
77 126 822802
86 75 830335
142 77 590622
122 130 157074
14 131 838513
32 118 240041
3 93 50542
1 9 105000
124 135 65461
118 114 83335
89 45 946070
140 122 94621
11 118 773157
134 86 261841
58 54 436717
31 126 537280
123 72 860192
123 12 149091
112 84 512655
80 51 917363
116 5 661224
92 26 751771
56 114 432939
141 50 303885
86 99 13343
63 129 479193
34 98 995584
142 75 616975
92 41 336531
143 112 139421
137 74 404732
117 20 248312
107 75 381401
78 62 292682
2 140 521925
116 57 513601
73 82 771653
101 78 754555
133 17 176057
95 6 120844
115 143 627112
131 106 190529
20 60 990120
30 137 279429
73 130 341368
69 100 129006
49 19 179622
114 110 751813
122 141 176342
128 139 740291
117 58 225324
77 133 958668
136 129 589764
119 42 29893
95 94 991946
62 67 134052
27 33 520163
136 130 901374
131 24 128008
117 39 935044
21 24 784093
8 36 855830
136 61 280224
25 13 523828
118 34 550189
14 95 802042
90 121 234061
119 103 417893
133 88 778066
112 59 394881
110 90 252293
145 99 986971
61 82 689355
65 7 217164
98 117 183052
39 3 799344
6 51 935797
108 83 489976
51 138 172163
101 78 305745
27 42 739771
96 34 513274
11 86 83353
87 5 177259
136 95 854057
44 133 332896
42 131 45796
6 93 176588
93 135 601797
10 83 905535
126 109 962643
41 51 57576
47 54 129958
134 140 83898
74 122 880857
130 21 949896
35 54 467686
128 59 942126
12 7 357555
34 8 604332
133 126 404702
120 13 10958
133 59 442773
85 47 356797
34 112 519251
77 96 80481
100 123 388886
115 97 347560
62 108 995533
7 141 504967
25 120 181607
7 87 797927
31 74 834495
108 5 407369
26 31 210157
66 107 580565
118 61 367839
79 23 617775
90 84 23312
107 82 186248
115 107 44819
104 113 528965
105 135 728965
11 97 258425
101 114 233945
13 35 52733
12 144 664686
125 69 53840
44 13 645968
62 111 347682
76 81 730608
65 31 232152
139 135 863271
134 145 583089
125 101 748402
1 105 394813
120 116 602802
10 87 277605
59 130 283135
39 46 98570
100 122 261582
114 33 953777
95 26 489433
57 6 703045
115 122 518332
141 114 145451
41 89 681318
92 98 977419
58 4 651528
37 34 759660
119 125 488063
127 93 881555
21 34 985453
48 90 528720
67 51 769782
25 38 975285
95 78 714315
127 16 618853
100 66 291793
49 102 862751
36 67 195760
143 41 537779
130 53 604607
134 100 292218
143 14 183700
121 38 511102
68 125 701942
102 106 842667
81 53 243587
63 101 187836
70 136 290334
64 126 329016
142 102 257658
100 82 82045
2 71 505220
91 47 45514
65 106 848378
116 54 111481
29 135 295888
8 44 85830
80 114 240968
73 24 249363
99 13 541626
23 112 586857
47 106 430127
76 43 357570
135 107 860822
27 69 137846
17 90 840197
51 97 743315
41 31 742655
13 95 517624
102 40 638703
139 63 677794
120 109 476171
18 32 184829
100 21 347572
141 39 666343
91 48 983807
22 98 59903
134 130 115170
68 142 923589
18 90 330529
125 83 109998
46 49 311336
63 67 472467
123 13 638904
145 8 142673
82 91 611605
100 104 857939
77 92 451154
68 7 148567
134 141 597678
71 30 640830
112 28 160152
25 56 380655
37 105 465081
44 47 215849
126 28 950423
85 106 261251
23 16 687248
29 68 553185
37 56 266003
24 118 88817
48 84 255671
126 108 894992
45 136 173216
92 35 110464
75 15 659316
4 91 582458
9 114 956754
73 142 995968
145 25 751075
59 48 684587
2 95 806468
118 76 522495
144 112 639003
129 51 543827
144 125 56728
49 121 106069
43 121 570237
53 41 503950
130 40 655880
109 90 140054
53 91 80951
80 63 155073
61 53 259426
33 36 859091
31 34 686268
44 74 691378
139 109 652023
57 16 771803
108 138 120254
39 101 963378
18 8 422696
83 79 237525
70 140 302858
15 27 308260
3 58 364196
115 93 129979
57 78 737124
111 134 109680
61 96 792669
41 135 988109
111 144 929644
126 81 423739
50 142 476538
27 3 759747
24 5 817191
54 111 221950
4 22 80092
63 125 478205
129 40 436590
42 80 643831
47 45 723629
52 17 273286
136 67 447874
60 85 990467
11 100 792858
3 8 24964
87 12 894512
103 66 53526
107 49 306512
54 82 257372
126 128 418538
60 35 696355
65 17 844698
59 76 166424
47 79 969794
31 81 619001
126 23 276729
90 125 163749
40 79 906092
22 132 329130
75 112 388268
27 18 562204
133 75 758325
15 125 485872
119 18 988240
32 48 598971
89 21 56365
13 110 407809
1 4 680564
30 17 794867
139 91 910901
78 110 752293
43 97 108682
24 112 944293
81 77 733240
62 100 301085
132 43 672790
71 47 259219
127 40 630249
115 61 576041
82 54 386668
7 124 480669
86 21 38046
95 45 936199
82 117 825200
87 33 707546
131 20 685885
50 82 36947
70 55 440831
93 25 319981
125 98 3526
95 96 396086
28 36 543512
50 130 753183
38 67 994619
94 145 772411
96 130 201882
141 26 339396
87 95 592760
64 34 158891
101 14 832655
46 108 8600
107 127 471723
35 32 330704
7 61 529837
95 2 802361
70 97 965712
49 84 176327
109 25 726128
78 80 729012
56 35 277370
130 73 790574
10 26 749292
62 60 675218
82 58 53606
24 144 709654
109 60 350907
26 108 663251
104 71 683630
132 141 401932
48 51 105431
114 35 346710
134 36 489150
135 89 108966
15 26 959340
92 49 518538
25 12 75323
46 29 831575
6 133 643043
128 111 586133
39 13 852440
121 118 758266
131 106 312212
12 95 502350
90 101 175737
79 47 829505
67 71 298719
106 109 549089
115 114 240591
34 88 132056
93 118 952495
57 94 979277
48 71 35679
66 74 354641
27 18 127731
14 97 924908
40 10 972175
70 115 104088
129 76 500249
21 102 844286
24 49 570836
38 98 752624
17 137 285416
100 57 142009
125 75 464074
106 88 694597
125 120 868468
69 44 544657
122 27 103794
127 40 188922
82 63 869821
2 92 547985
7 108 948976
74 55 417709
70 26 456533
83 123 757538
39 102 150227
133 18 449670
59 139 721309
44 120 722085
131 48 67702
113 42 743358
47 40 244683
109 106 91002
82 30 669659
129 104 75682
103 134 750328
59 121 182125
51 26 475160
131 110 544131
26 76 849575
59 125 703003
90 137 505406
87 79 875629
63 29 951310
20 17 217989
71 137 916466
121 9 907977
36 70 554010
137 107 60335
67 112 236263
38 9 160079
22 7 646429
71 93 233724
51 2 891748
92 14 317581
6 84 527718
83 51 181418
34 86 459977
108 69 799019
54 135 987635
58 19 395605
7 40 308981
5 111 464226
73 8 54334
17 100 513487
123 105 975147
67 34 989742
19 67 378064
41 22 166637
24 75 966038
110 125 130202
51 131 774096
7 127 620043
39 46 543671
72 63 12640
119 40 761291
95 98 222441
114 116 271362
72 3 11120
99 18 985697
106 127 947706
124 25 573578
45 31 993389
59 61 957214
89 132 873153
65 97 542434
137 47 9126
97 15 970999
116 78 371676
10 31 526529
108 129 939542
40 107 6321
102 143 552198
137 57 41398
73 137 44607
62 57 558958
91 40 75951
63 137 585327
6 107 465150
97 108 398407
52 63 834785
133 102 937189
86 51 963361
60 34 49697
95 106 256219
116 15 111917
88 105 894433
99 22 793504
107 28 629547
56 116 413682
28 14 647956
119 1 763722
27 78 883614
78 138 484668
31 87 556800
121 49 973164
122 136 792545
2 81 24069
25 43 638733
139 90 8213
62 109 691741
47 83 628858
125 109 342238
109 41 384077
118 64 312125
79 39 170988
55 8 35975
134 9 983038
82 25 597502
49 18 344516
123 79 138840
65 125 331609
145 105 827307
4 60 622000
145 32 765383
74 102 546378
43 11 560550
2 137 218683
26 65 830633
92 114 542297
95 83 767358
61 140 153769
109 131 981605
112 134 134479
3 125 129762
110 45 524254
103 87 323821
94 80 804657
102 106 507182
126 52 70127
22 138 18056
134 53 559062
73 16 322002
107 120 165465
48 122 506231
11 79 623720
76 28 205271
7 121 803211
65 69 916928
51 49 627571
134 63 796009
2 43 77431
8 107 319799
145 61 866770
116 108 823991
67 118 989549
61 41 909821
134 47 661709
141 111 947542
108 9 114306
118 134 737000
113 135 550277
16 143 224259
79 142 256901
100 104 749978
105 25 382307
44 86 678142
1 74 477655
79 61 585503
81 23 25218
123 132 866926
82 100 645036
75 115 434960
30 40 42348
45 139 149016
14 98 261196
93 133 518958
66 126 127573
78 59 406603
55 131 272975
32 100 870611
134 28 511872
81 103 757836
25 124 961005
102 24 504500
138 29 179608
53 121 524932
37 34 933942
94 111 68346
66 12 908388
52 43 52023
24 23 752600
96 104 76749
68 63 739607
83 127 979529
111 136 996998
79 133 49776
104 101 713774
69 128 300726
72 141 677004
114 100 923892
128 94 199004
86 38 231952
61 97 742256
137 34 240707
52 136 951470
11 69 187164
6 19 356799
94 79 111132
86 5 290204
129 118 521298
42 93 504991
43 33 81785
34 93 907306
79 76 774614
97 127 364180
98 129 626190
86 134 975044
22 74 316059
93 14 49219
143 134 708848
10 23 765135
107 65 301868
97 90 484097
29 15 51430
3 111 983393
104 56 793337
120 133 531035
10 9 426614
124 93 297149
97 90 819645
34 91 917992
64 53 823898
118 141 252962
111 24 463791
27 18 213443
70 113 453388
96 88 887141
102 89 871499
45 67 550299
131 10 181038
60 36 317719
11 91 981683
18 63 738363
106 20 11416
71 47 91809
130 108 376423
108 58 458745
65 6 862874
30 43 904867
88 28 633944
83 79 242599
23 89 12319
15 98 761323
2 58 973707
4 120 733605
24 104 508057
12 58 606751
86 122 560722
96 7 829286
20 86 676888
98 23 955876
66 45 584241
124 51 385880
83 52 613754
69 56 731653
86 71 985723
64 82 313001
100 15 633329
133 102 818207
63 121 417933
12 73 646247
39 130 820869
9 100 923479
68 37 692441
23 98 171873
105 38 453583
129 101 430347
74 47 44556
133 26 191787
44 88 776908
33 91 950212
45 129 954299
93 129 285133
46 43 736742
43 65 766479
87 16 140653
57 145 367320
108 73 569584
28 60 308164
41 96 928699
30 128 108074
92 27 834870
122 111 176973
106 4 36616
127 46 27550
92 133 397781
86 36 133030
36 143 62649
16 25 303616
29 65 674136
122 95 108493
8 33 769287
22 1 477384
19 106 639912
51 88 465663
11 26 159212
123 112 174142
97 139 457151
135 9 20090
80 37 603801
112 6 985192
127 5 630826
23 26 495001
13 36 379202
15 87 536521
54 97 733436
80 66 626952
133 17 100740
38 143 240735
104 70 322397
81 28 823479
145 9 335703
87 23 210290
38 36 107860
86 50 581381
68 103 174754
83 29 285759
57 8 563777
23 45 71457
143 140 596061
1 67 360780
9 58 441404
13 145 639921
42 29 950068
106 114 979052
104 36 741591
44 110 880544
58 21 602756
71 36 365377
82 25 704848
9 25 224970
109 25 459989
64 37 8028
49 78 396791
62 30 5479
115 133 403316
126 32 807386
11 81 877343
57 143 230280
130 72 590579
53 80 796988
34 35 189337
72 98 619680
110 139 265602
22 47 267667
48 8 723606
108 133 808174
125 144 807129
10 47 833304
74 23 925450
10 75 712331
122 100 38376
106 19 377690
125 120 370195
69 141 449606
42 43 627679
2 143 646003
131 114 385123
41 123 964146
94 44 748449
73 53 959230
116 21 821460
56 118 311478
77 90 437312
92 13 595752
144 54 824982
67 47 11964
107 32 513139
136 65 173147
67 13 771322
20 78 381891
39 48 801841
5 95 769566
142 26 872040
108 109 891217
62 108 127467
50 21 788043
35 127 197472
133 118 162881
56 31 33925
22 50 219702
32 80 465246
55 85 292580
50 73 112098
134 36 777641
77 89 255168
73 138 688709
107 19 240617
28 6 296016
13 62 819051
3 83 74522
61 107 505307
22 16 965568
68 65 250430
140 45 313557
23 121 267052
20 40 935896
30 1 848404
14 21 517715
114 33 633326
92 27 482910
118 80 932006
71 93 815158
108 15 869227
65 2 515308
56 24 128265
128 35 835564
30 57 941600
104 70 160195
38 30 654229
33 121 457628
102 86 306444
125 11 149571
17 111 312292
111 22 906705
103 77 710450
63 51 978695
53 81 432851
44 31 829887
55 68 949466
91 92 643344
145 40 469689
133 19 966511
60 36 99378
1 138 118719
73 95 854443
22 4 573600
6 49 212087
38 92 618307
131 2 826326
109 92 953117
62 91 997942
92 70 892805
124 129 969217
114 121 96404
132 48 306026
66 70 726346
43 67 192929
99 97 163726
33 82 831634
33 37 850882
125 98 195449
103 36 171778
107 7 962143
131 120 362483
1 106 795856
111 19 489062
64 61 420795
72 6 23906
19 30 160985
104 63 781496
135 34 45136
95 136 421591
132 89 910077
144 74 609971
132 75 156344
14 32 919989
102 87 474506
111 14 548333
72 24 759778
106 120 451517
23 109 60315
38 59 100465
89 37 497475
137 28 187859
15 6 817075
135 19 691148
45 20 130662
50 62 144258
65 134 835190
39 115 307618
140 121 825180
45 117 280685
81 57 162619
108 62 170875
105 141 335474
123 90 452765
89 134 528209
21 30 668337
15 95 568243
107 125 919664
84 119 331400
90 18 359951
32 91 402329
110 45 632565
41 5 196227
114 119 451037
8 55 758622
58 67 644744
24 81 479370
116 34 341014
25 117 383970
46 54 484699
46 85 962669
95 41 575196
51 81 298167
3 41 187305
44 40 899934
57 89 83067
100 112 848258
84 75 579751
40 91 585165
114 136 206030
52 28 723031
73 114 298786
138 20 136873
54 22 572765
80 57 59226
16 113 124464
17 68 953167
91 143 113578
62 37 9008
133 5 487208
104 49 424481
14 121 223154
101 113 32145
23
18337257
11014975
25354148
7175993
2655386
17413373
8914663
5228351
26054188
2736400
23862260
24523706
16922745
21036482
26637284
17205193
21608384
5646291
21589157
21478285
649851
15179150
13614533
18 1210
7 1 413757
13 8 557856
4 10 689377
5 14 820499
3 7 855123
14 9 340063
12 5 671360
13 15 196957
11 17 184681
6 2 409698
8 13 427215
15 2 111954
4 18 515596
17 8 709010
5 4 923429
14 18 561284
16 14 992352
12 2 537621
8 16 360650
10 8 915536
16 13 884178
14 10 443379
15 13 175604
16 10 244679
4 14 168876
18 7 949487
8 4 917810
9 13 566737
1 3 433049
16 10 192706
3 7 595268
18 2 727803
16 14 85800
3 13 877228
14 16 121542
3 1 410787
4 14 208735
17 9 544304
17 1 756873
8 16 368626
12 7 897259
11 6 352919
6 17 16885
14 17 409178
6 12 486697
15 14 30055
13 16 491223
17 12 35479
2 8 12783
3 15 699144
4 8 980772
4 18 990203
18 3 601785
7 14 753025
6 1 206821
2 13 536464
15 7 396545
5 4 609778
17 3 806069
11 5 4741
18 6 200470
11 8 339555
8 5 915519
2 11 550113
13 14 87859
17 16 683004
2 5 302040
3 8 466560
6 17 160214
8 3 553011
14 13 410227
3 1 773998
7 8 255906
16 10 974486
9 10 416238
4 5 910805
13 7 801917
8 7 819159
17 12 642469
5 14 994193
15 5 329159
16 18 405743
3 13 386782
12 4 844289
1 7 869676
6 4 584413
10 2 117540
16 6 117227
2 7 319443
14 1 851185
18 11 267354
15 9 483468
8 1 565991
9 3 602782
16 6 793195
17 4 399914
16 10 425869
4 12 802756
2 3 227828
18 12 922759
10 13 63880
17 1 907095
17 13 943241
17 10 104908
4 10 302900
8 1 339134
15 8 549119
8 1 608027
18 3 986378
4 2 732265
6 10 745505
3 6 758565
7 4 337616
1 7 620683
9 11 753236
9 12 631118
9 15 463466
7 15 966195
10 14 698459
15 3 443964
18 8 202528
4 9 56495
3 8 608646
10 9 652174
18 14 619696
11 18 937082
4 6 407086
9 12 980596
12 3 299879
2 18 445982
9 15 958933
15 18 126418
13 1 442525
1 13 911981
15 7 804539
18 17 385541
8 9 882488
17 11 182366
17 8 144699
7 2 103632
3 18 746401
14 18 188925
3 7 568240
16 13 670284
2 9 609823
11 8 823819
1 13 662057
2 12 196730
9 10 596141
8 16 704939
1 17 983910
17 10 420519
7 12 182871
14 7 340851
17 6 819721
13 14 400182
4 14 810048
2 15 292385
9 6 239660
6 11 553712
2 11 822554
17 7 690695
11 13 443992
17 3 946265
4 3 369784
18 8 133473
11 9 75570
8 18 214397
11 17 465716
1 12 421973
9 5 878491
15 5 271879
9 15 848137
15 13 281597
2 16 534777
17 13 704490
17 6 200602
16 11 505451
4 1 49960
15 1 664531
14 15 651261
16 13 694087
12 1 385834
6 7 56549
2 13 97047
12 10 787369
17 12 36908
7 12 17196
7 9 979550
5 2 847525
11 13 110341
13 10 161388
10 9 177255
15 13 722744
9 13 485864
17 11 692110
8 4 223345
1 3 460257
10 15 302234
9 15 290854
3 11 930735
10 2 264702
11 10 500854
16 6 793554
3 12 183300
18 10 876766
12 17 607139
12 16 871060
16 5 114530
7 11 205524
7 13 439562
1 2 318636
18 13 774631
3 10 439270
16 10 60811
5 10 575651
4 1 120785
6 12 338662
12 4 909640
4 13 596598
16 15 730642
15 10 182404
15 17 138025
12 6 715187
16 13 290837
17 13 411622
2 4 266635
9 11 737379
10 4 611346
5 1 683680
17 16 535699
6 17 315192
2 1 619087
7 9 864840
18 14 929216
12 13 903001
16 1 689959
6 3 888267
9 7 480016
5 4 532066
16 13 999065
14 18 888090
10 2 777237
9 13 706452
1 5 125804
14 6 815763
1 6 220381
7 10 956531
11 15 629703
14 16 647670
6 2 225539
14 16 275115
13 2 333939
6 13 352651
10 12 155900
13 6 16462
17 6 698512
8 12 13766
5 6 537285
18 13 522572
18 13 284818
2 8 959461
14 3 894988
13 8 53318
11 15 337452
5 10 437347
16 8 273975
14 13 67132
3 17 6344
4 15 109576
9 14 438347
17 13 268450
3 9 256090
7 1 794123
2 11 907328
9 15 68095
2 11 384750
16 4 761954
5 4 100737
16 7 317839
4 14 361770
2 10 552776
5 12 682324
11 16 600704
3 18 144215
8 6 985107
4 5 172547
3 2 372342
17 5 114610
9 2 936634
13 5 910043
12 4 803302
3 9 92224
1 17 671795
16 17 628038
4 7 782052
9 8 120238
1 11 400220
17 9 205480
18 15 58713
5 9 585848
6 18 225229
13 18 278011
14 16 483931
11 14 669816
4 17 710288
3 5 222497
7 4 74841
10 2 29273
17 1 186529
5 3 897151
16 6 6556
13 1 616576
13 12 893181
12 2 437076
9 6 425179
10 8 842595
18 12 378224
15 3 371703
1 17 970345
16 8 96115
1 12 219197
17 15 620290
9 15 21665
10 9 92855
13 17 907036
1 9 427361
12 5 538879
13 17 196022
9 12 39693
10 7 780514
9 5 527891
17 4 408195
18 12 181680
12 1 908592
12 7 513508
2 16 994265
4 2 140687
1 7 722420
12 11 502413
16 3 894873
2 3 506530
3 18 738475
14 7 508437
13 4 403956
8 15 690159
1 14 920074
3 18 205219
2 16 202738
7 9 723596
1 4 541320
4 3 886935
3 6 157096
12 7 661915
15 11 812232
9 3 476056
4 8 650497
1 14 481976
16 9 35874
4 13 608536
7 18 559719
8 6 533783
13 9 762674
9 18 500000
2 14 641282
17 2 989074
13 6 256939
11 6 246375
10 4 954899
11 7 903371
17 15 215763
4 1 413079
11 2 837999
10 8 924834
4 7 340253
11 10 9933
3 16 772659
10 17 727558
2 5 630928
11 14 24090
7 14 310330
10 5 714563
17 12 155748
2 17 496000
7 3 244078
14 11 534126
9 18 397175
7 17 352746
10 14 9375
5 10 959483
17 7 220502
2 14 587809
6 12 528698
12 14 233508
13 18 174960
7 13 126345
18 4 850388
3 8 301988
4 15 417219
14 2 72892
11 16 38894
12 17 167989
18 5 972049
16 14 140474
11 8 414321
7 14 133129
11 12 170148
8 13 490927
2 5 725615
3 7 919785
16 14 850808
15 17 369640
17 11 449873
12 18 247261
1 6 735961
13 2 351005
6 2 816436
1 7 100206
13 8 801195
3 9 91427
3 6 904200
13 18 401314
4 16 870476
10 9 996463
6 8 536770
9 2 210206
1 7 570141
3 5 267721
16 15 148144
16 18 883922
12 16 198880
13 7 64573
4 15 61035
10 4 114157
16 3 324362
14 9 894502
16 11 678574
14 6 826717
9 3 226991
7 2 312522
4 12 326980
14 4 820966
15 5 245237
16 7 427130
1 14 655641
7 9 714503
18 16 736624
3 2 523198
5 12 165652
6 15 84537
15 7 197519
17 6 891424
6 2 646364
18 9 568712
4 1 92641
1 16 829264
3 16 868814
13 11 953042
6 5 994540
8 3 857003
17 8 23611
11 5 34542
8 13 603253
1 8 642150
1 2 586581
15 8 726099
12 13 195944
18 7 51814
17 10 548288
6 17 303235
1 14 75610
11 4 110651
2 11 351837
8 11 971162
15 12 683128
7 8 224357
16 17 667103
15 14 144313
4 13 773229
15 16 267719
11 14 2856
13 6 657707
17 7 780436
17 14 596310
5 11 516669
10 15 719382
2 12 40974
4 14 537483
16 14 693502
12 7 312970
4 12 970677
2 1 267464
17 14 380125
1 4 896794
10 17 616175
9 8 173501
12 14 926172
5 2 217335
1 3 868323
3 16 785300
15 14 667484
13 17 579720
8 14 493170
10 1 90961
8 15 113801
15 1 228792
4 8 530578
4 8 398901
16 2 989077
12 16 557567
7 11 130021
1 17 608675
10 15 215987
15 9 846139
9 10 74930
5 4 418513
7 11 333765
2 11 322841
13 6 396760
18 14 526780
1 17 147664
15 11 41451
11 7 36743
17 9 368680
14 5 797272
17 9 942894
7 1 217520
15 17 121730
2 14 159487
15 4 69511
6 11 911301
16 10 978469
13 15 120566
8 17 434190
4 7 893435
9 7 110954
5 4 749036
7 15 908522
1 16 494385
10 9 465031
12 14 892620
17 9 513825
9 2 386985
11 9 432740
2 11 36896
8 1 565923
12 3 826308
14 12 325826
12 4 615361
2 15 111518
13 18 518976
1 12 937607
2 18 476803
9 5 450188
17 15 833359
17 13 327484
1 12 86996
8 7 271382
13 18 433799
11 17 577599
16 9 646722
2 10 713317
14 9 683249
16 15 602271
17 13 558189
5 11 596381
5 10 460880
12 15 572893
11 9 524874
12 17 744545
8 12 536339
4 13 634502
8 6 571767
12 3 816097
3 1 330350
5 4 442056
2 8 655393
9 1 208229
3 10 459093
17 1 23345
9 8 12503
11 9 978245
1 17 341827
17 10 580049
11 10 175804
16 15 962449
14 16 783820
18 4 243264
17 7 612163
5 3 324315
8 11 473671
2 1 739655
8 1 802881
18 15 895653
15 8 103888
8 3 502128
4 16 203105
7 14 151347
10 12 952449
3 14 614933
11 1 399695
9 2 359425
16 8 644978
2 7 311766
14 1 692239
16 8 116746
15 11 543693
10 17 112122
6 7 546613
8 7 822611
12 17 479811
15 2 893931
4 15 403882
8 5 809486
9 17 318977
14 16 846947
5 9 61670
3 16 944091
7 15 295312
13 9 745113
10 3 110960
17 15 352584
1 16 722832
2 6 437550
15 12 844507
9 7 884560
16 11 984658
11 12 680526
12 18 955710
17 11 569856
18 2 663812
3 16 255781
8 14 768616
8 15 273541
9 12 717362
11 18 516513
7 13 519501
10 4 888842
9 15 795264
2 13 29870
3 10 844807
3 13 943286
17 18 768293
10 7 691005
7 16 69964
14 6 707794
10 17 72480
13 14 889820
10 2 870112
10 9 231270
12 3 690907
10 1 459199
2 5 666556
8 18 736519
1 6 960664
11 15 444808
7 14 389140
18 4 454295
9 13 596216
2 4 515960
18 16 58249
14 5 904033
5 6 6151
2 11 205937
14 12 738284
6 2 755350
9 8 844896
4 7 824261
6 13 982847
7 15 147206
1 14 873111
11 7 939410
3 11 926269
17 10 687398
13 4 793865
12 9 398660
8 17 592513
15 18 453107
7 4 304334
11 10 532656
16 8 885695
1 18 538005
6 18 948786
14 17 817295
15 9 363700
7 3 65016
18 8 882402
18 4 721350
3 10 36153
2 18 455730
18 3 113193
15 13 628116
15 16 69308
13 11 197896
3 6 153053
3 10 990516
10 11 936844
11 8 336278
2 10 40045
17 18 792819
14 17 431287
6 13 607759
2 7 249369
13 1 224625
18 2 563580
12 2 483903
6 12 802980
15 4 843405
6 4 919983
16 2 968642
4 13 513342
10 17 757024
8 18 518349
6 12 237843
12 9 667488
6 3 125352
6 8 283643
17 2 980902
18 5 595319
8 2 994873
15 3 782649
2 12 555489
4 1 533791
15 4 274870
4 5 579529
5 11 8364
3 10 989266
2 14 584584
9 13 95808
5 15 878457
4 6 950297
3 4 924509
1 8 516281
4 2 638700
7 18 357903
10 4 763247
8 7 331876
17 8 942619
6 15 481645
10 17 660645
2 3 622596
16 3 634586
18 3 180365
13 5 1014
12 11 401192
15 18 169459
9 7 897357
11 5 536183
7 9 957215
14 16 373
18 17 51623
8 12 770305
17 12 785052
15 6 27746
6 14 479293
5 16 287798
10 5 460882
12 1 60232
2 9 657579
15 13 431923
11 4 345214
5 12 893090
16 3 621330
1 18 350584
13 3 481029
4 6 297285
1 15 10897
8 6 777043
1 8 984051
8 4 707783
14 15 999490
5 17 61502
8 17 329956
8 1 751328
8 13 651993
13 3 840455
7 17 6150
13 11 748429
18 11 148286
1 6 496417
13 1 189761
11 8 292546
4 16 16660
13 3 607710
17 8 196141
15 6 332895
12 13 48893
4 3 840592
13 16 880033
18 6 27851
18 16 277628
8 3 386373
3 7 857778
3 6 564158
10 18 438882
10 13 670413
17 6 908094
15 9 894202
13 3 61300
9 18 208461
17 18 61735
16 5 207553
1 5 886383
16 7 689275
11 16 171954
4 8 769192
3 4 344895
14 18 605420
7 10 724820
8 11 447145
12 9 85281
12 13 488016
7 17 177290
17 14 865595
15 3 727178
15 14 758254
2 18 815695
10 14 812239
15 4 775735
1 6 983810
7 4 339190
8 15 382810
5 8 764757
5 7 915895
5 8 928279
18 7 546083
15 14 405058
8 18 365318
11 18 7128
16 9 541028
18 10 240984
16 18 726318
12 2 901461
10 6 958481
4 10 259031
10 7 317833
18 1 192330
13 9 395417
6 1 890590
13 15 853221
8 14 671392
17 9 189213
14 13 253941
17 11 897576
8 13 953138
12 4 71133
13 7 110538
3 8 998907
1 7 927108
15 13 396335
8 11 106546
17 3 59425
18 15 913765
9 13 242938
2 1 831140
3 12 737175
2 6 351892
13 8 362025
9 7 262747
16 3 533042
13 11 991080
8 7 154682
2 4 171018
9 12 852535
8 12 260603
17 12 588364
14 11 458998
15 3 282461
3 12 624453
17 7 609710
8 1 319382
5 6 349388
5 8 225927
9 4 138709
18 8 878539
11 8 871896
2 9 217144
4 1 924416
13 14 410787
2 13 430198
2 18 440689
8 11 122213
13 5 974754
8 11 679830
8 10 161859
6 1 748604
16 2 794346
1 9 700626
14 13 111923
6 4 741040
3 16 731487
11 14 802549
15 10 136332
8 7 608823
15 11 476205
13 3 731834
14 4 720958
17 2 150850
12 13 991528
10 16 262404
5 16 973967
5 2 741583
12 4 903420
16 12 99482
8 6 597543
10 15 326518
12 7 9326
13 6 392759
6 16 404466
3 9 157213
1 15 641446
6 17 444579
8 10 900396
15 7 448684
1 13 505879
15 4 811260
6 15 837598
10 8 531137
8 13 216204
14 13 163674
4 11 85111
3 17 330641
1 6 225147
3 1 773337
14 17 658133
10 13 343763
3 16 572447
18 7 241660
3 15 905838
18 8 306041
4 9 317103
2 11 276881
18 9 410605
4 11 138045
13 4 75035
17 14 819117
3 14 729512
4 14 782843
9 14 404571
9 13 999162
17 14 723828
1 15 736366
18 13 481354
2 14 375541
2 8 383960
2 5 496139
12 7 72393
1 10 917614
15 1 595643
3 7 322683
16 5 746057
1 3 983577
10 18 365885
10 1 118127
2 18 46342
11 1 292312
16 12 716151
16 11 406656
11 5 605488
17 8 218484
17 5 68036
11 4 987599
18 11 254052
18 2 278001
12 1 197488
9 17 77571
18 9 151032
10 9 658458
15 8 761526
4 14 703628
6 3 391787
7 13 96226
18 5 650197
1 13 354999
18 2 106142
11 8 665948
17 8 458257
2 15 657221
15 11 978024
6 12 517311
11 16 124634
11 4 752258
6 1 150286
1 18 826314
7 17 732534
4 7 242653
15 5 69126
17 6 476311
7 18 546959
11 13 564805
8 4 926852
9 6 385123
8 11 9943
7 9 506113
3 8 624776
9 12 409387
13 8 168605
18 16 585044
17 14 495858
1 4 407630
13 9 476740
1 9 748659
11 17 763795
17 12 703045
6 9 119051
18 3 642025
5 12 85914
18 7 406770
11 6 838522
16 5 90732
16 2 905190
1 18 741416
15 11 444460
3 18 79862
18 2 721886
2 11 324151
17 15 247272
9 2 602145
3 17 469927
2 5 530170
5 9 221470
8 13 856042
10 12 935903
7 11 174141
6 2 498291
4 16 745563
11 18 347707
13 14 817633
16 1 627804
3 14 86750
11 7 127408
10 15 90714
13 4 40493
18 11 900899
18 14 607184
14 2 990284
13 15 822200
6 15 601346
6 17 556684
10 6 803377
1 2 410442
14 4 967286
11 12 868185
8 7 149228
3 6 7957
3 13 364627
16 9 140992
2 5 214027
3 7 396214
6 11 99134
6 13 695181
9 2 603905
18 10 515798
6 14 412799
10 14 589525
4 5 877331
16 18 126553
9 1 481348
6 18 215621
16 18 791326
8 12 772712
10 15 411041
17 6 652998
12 16 589415
6 10 243279
8 16 920436
7 13 254937
8 14 287111
8 1 231851
14 5 926320
7 2 310781
1 16 807997
7 18 599901
4 8 178096
12 2 939913
9 10 122485
3 8 492622
16 4 534146
14 18 274937
10 13 839758
11 18 177289
3 18 442213
11 4 360134
9 8 900173
14 17 167139
6 7 387244
5 10 345933
10 5 624436
5 1 134790
12 8 469922
5 18 368887
17 2 723699
7 10 942168
14 1 844905
11 12 842043
7 18 253750
12 2 10393
4 11 40039
17 14 815571
12 7 123418
18 9 406251
2 7 491202
4 14 669916
10 9 574996
2 17 868185
13 5 522100
8 16 175577
12 1 804886
2 18 493227
17 2 98274
7 15 715560
11 6 89247
4 9 405102
11 8 82214
9 3 117720
14 10 406975
9 1 706622
10 18 562659
7 12 234267
15 10 29293
1 14 746921
18 14 206118
7 14 167838
14 13 676726
14 6 502509
12 6 335743
3 5 898401
7 14 132668
3 5 678312
1 18 425232
6 3 897333
2 12 764531
13 11 85469
7 3 277386
12 3 829679
15 14 950628
11 14 928766
15 2 290023
18 3 33583
12 16 577397
15 9 897110
6 7 206334
6 17 309045
15 1 655075
9 13 605703
17 8 50820
13 8 340843
11 10 890777
11 10 729091
9 14 561113
15 1 142016
1 18 606934
18 3 181648
2 15 852315
12 5 388385
2 1 803016
8 14 875415
6 4 582470
16 14 647970
2 4 290865
18 16 347222
4 17 93559
3 16 976234
1 15 81988
13 8 675743
3 8 325455
14 15 530188
15 18 921671
6 15 842649
3 15 28392
18 7 592801
16 15 6598
11 8 118394
5 14 598856
12 4 951350
1 12 139563
13 14 203191
10 2 365641
5 2 176059
1 4 793694
12 1 274902
9 16 849669
6 1 434058
17 8 452435
2 15 166498
12 17 653864
7 16 849348
6 16 611242
6 2 526930
7 18 228555
7 3 39333
2 1 856708
7 5 825180
16 3 876155
16 3 911183
15 14 85774
9 2 463555
10 7 206976
15 10 126455
2 16 872332
18 4 893111
15 12 124751
1 2 781778
2 14 923944
4 3 232606
15 8 711484
16 8 39709
2 5 495527
12 1 994626
7 13 722280
23
19949816
27489265
6861072
15229724
4112958
19985823
9297099
14078183
28283952
24283706
17435915
27207895
23080985
7704829
12956853
22345375
21059516
4668336
14930390
5394109
23224397
22357345
17419325
134 887
14 118 747794
98 1 760493
106 8 202363
106 1 520060
10 101 180541
95 25 455737
124 101 702568
74 91 21531
49 78 174068
80 28 979803
47 125 133070
18 88 18457
30 59 176230
16 114 544920
51 74 575199
115 118 664371
14 107 776092
133 47 241874
57 45 906997
100 124 420926
29 36 660337
108 3 621730
54 32 616125
92 131 100546
45 48 515435
133 112 313751
112 75 117277
57 73 393585
42 130 392755
20 95 95061
109 73 947740
55 131 698587
39 50 140796
31 7 960379
128 47 573318
55 75 260757
130 25 724287
18 22 429690
97 62 558441
8 42 108118
80 58 834482
128 26 777857
24 116 254587
26 67 964684
22 17 51529
96 111 48830
70 128 258271
91 51 486716
103 78 747797
94 29 2246
101 118 892922
126 112 597489
51 85 469842
105 110 441501
19 81 470125
21 126 275857
68 62 322228
82 18 281937
59 70 316438
43 30 975408
57 130 468859
96 72 661238
110 122 65819
105 92 231012
33 60 318777
61 80 255764
66 97 118607
63 45 344819
61 53 797370
86 96 466997
5 102 259471
42 13 295500
5 122 385645
53 42 268140
27 25 907670
81 35 388465
126 50 759356
99 113 278612
39 123 949300
132 75 35569
121 29 23312
55 70 321802
10 25 44879
86 77 178737
69 53 648523
62 133 473417
85 75 412925
70 39 305625
133 27 433453
30 24 145551
107 94 900974
100 14 684931
22 107 158661
98 58 387982
82 77 152960
40 88 739669
33 38 952927
25 57 911341
129 55 443377
87 35 379108
20 91 669180
31 56 89413
61 27 451660
116 125 625211
63 22 878207
62 12 667373
10 128 864820
32 18 229905
92 12 73941
128 48 346229
4 67 565985
107 47 789225
39 108 821397
78 39 740085
125 101 207673
63 112 905386
89 72 306641
114 123 256191
125 13 688210
122 72 499337
55 36 495995
51 56 614770
24 103 668851
12 89 348143
62 47 421994
40 16 679568
111 112 801962
29 91 154260
39 31 613203
77 19 902022
33 23 789529
46 73 949909
97 47 448037
91 58 686249
26 120 132134
23 109 999755
58 35 690369
62 63 238047
53 52 66250
7 128 3034
116 110 910254
127 21 519126
9 67 245976
127 108 703730
15 133 253415
34 105 26305
69 28 278051
81 89 308903
49 92 858700
115 15 806404
91 4 617648
61 16 895152
128 73 104340
101 4 516128
49 54 60050
19 28 636430
130 86 903178
85 23 407972
126 94 495368
39 75 585796
18 115 102830
123 41 655341
52 118 453827
57 84 956043
77 82 228024
80 100 526310
17 96 618997
34 130 504235
49 121 764525
112 25 673169
6 43 726313
121 115 204347
49 1 325579
82 107 532291
30 133 799052
79 2 218594
124 90 541313
69 17 788356
55 37 14413
30 81 858970
22 105 806356
86 35 925434
18 33 498339
7 65 27285
21 94 300607
65 122 100238
74 62 35218
117 130 990784
24 51 710874
126 30 620484
100 51 772758
9 86 645730
119 104 723619
95 110 211389
127 80 518158
24 10 160359
5 84 633418
26 16 668364
63 123 413174
86 114 217463
55 29 504293
128 122 355116
102 106 888575
58 16 462952
78 8 610538
7 115 614031
57 120 241082
35 95 33003
92 24 261797
65 59 974581
17 114 513971
103 107 235380
6 24 31537
97 81 433484
112 108 984858
73 114 469912
128 121 505237
81 105 675106
50 62 421245
90 76 519935
110 42 558956
109 94 343769
94 49 552806
1 11 876983
56 123 593094
119 11 186594
29 4 850544
7 85 734714
80 134 474763
126 89 32920
97 15 110295
130 123 760236
2 32 305154
99 8 449292
37 41 277218
47 4 575056
51 87 378131
1 6 372662
84 70 304790
122 75 756852
2 71 767869
74 26 639007
106 30 62950
87 128 880227
124 30 290597
12 26 887561
11 76 367771
101 26 66343
87 59 272380
64 47 994985
87 132 344235
105 22 970073
75 77 901064
126 29 982031
134 19 886060
83 114 626925
85 74 271233
73 41 630444
67 127 875641
131 6 250263
1 42 561042
25 12 208325
25 87 454155
54 28 937458
76 112 591172
27 60 725219
54 94 914654
106 32 53960
133 99 515798
85 95 121309
33 45 110992
113 19 252716
29 44 218190
22 97 554011
43 123 173110
32 15 333379
134 18 955082
41 73 405990
73 72 785148
96 22 332232
75 55 591282
44 117 390180
75 95 215351
92 116 967858
3 108 146082
24 5 152434
105 88 97488
94 129 768826
31 67 796893
16 112 90033
45 2 898507
118 46 299709
76 70 501963
26 112 475777
123 114 191310
24 87 723383
74 7 313564
91 101 909212
96 131 564286
123 97 794584
121 91 754117
39 75 37526
23 100 897526
101 125 101361
111 64 170338
95 37 826622
33 60 370889
8 16 274571
112 62 460009
97 50 712351
10 36 363828
9 24 522072
52 130 60911
115 96 228399
21 23 992394
124 67 498977
46 49 416932
108 56 360100
2 117 580953
60 30 392736
81 39 918185
58 131 55806
59 49 588955
109 113 19594
99 134 372556
19 123 806446
59 118 560998
24 91 466128
5 42 914694
47 102 987335
88 132 994986
114 55 691762
29 63 631542
73 121 711851
29 35 550400
6 53 801174
134 61 839852
41 85 488264
4 89 570038
34 86 28829
8 39 576988
105 103 578342
15 131 587666
106 70 149518
42 48 41352
11 53 706507
103 2 709365
44 43 434155
25 130 273680
48 29 292539
122 121 916171
59 41 62761
134 55 304466
3 27 713887
76 18 826970
50 29 532622
26 131 637290
12 124 734674
133 14 774549
108 62 704314
84 133 994950
132 58 157794
15 7 400961
28 94 323287
10 119 185678
89 118 22182
36 93 150324
119 105 409955
10 103 322043
81 76 423920
80 109 293470
115 56 474977
6 70 63134
86 47 161957
8 56 953667
32 94 446913
83 130 380903
31 64 465003
101 74 649719
51 104 692378
12 49 434574
106 113 276126
72 68 312497
129 20 848154
11 111 596981
12 8 385949
130 41 264030
22 71 352161
69 121 417720
33 38 718903
23 133 992727
120 54 234141
5 126 600939
128 70 10432
29 81 785906
69 92 629392
69 37 79422
14 58 802672
107 76 209096
4 109 137089
89 81 10570
37 66 155711
98 21 498434
42 14 167280
5 126 291500
28 60 857465
109 79 312087
46 42 519916
53 98 495012
131 52 854388
111 6 806774
40 42 786743
23 89 103125
52 73 636354
43 96 558706
53 76 626800
131 42 774316
122 16 240854
36 15 916488
87 122 245563
92 41 585206
83 109 596912
122 64 623404
67 115 300822
101 24 302444
28 26 161529
63 106 332701
94 93 23788
44 128 242590
123 80 799427
129 121 163037
125 20 346093
8 7 115922
55 73 954167
125 123 774124
22 16 99485
28 79 933932
76 122 25166
89 31 217070
116 20 867423
130 98 148570
134 88 425677
113 46 105341
104 50 720173
76 124 906528
105 95 255813
75 123 362125
100 64 65187
84 19 56795
11 134 286142
101 80 482438
128 79 263591
90 7 226514
8 111 478258
133 2 352347
62 107 151226
6 131 36422
113 47 340635
73 130 120357
63 90 585473
107 6 568112
30 134 747662
74 89 470217
30 97 335345
35 45 846268
113 106 260758
68 61 194651
95 39 581877
52 111 963954
26 124 41599
134 96 714938
3 75 132541
35 14 720084
73 127 615610
37 111 22940
2 90 881305
108 107 930165
76 18 564350
40 69 816340
133 94 291987
47 44 761080
50 130 222408
53 30 939562
10 102 139054
63 4 815495
110 90 837582
128 13 840188
22 38 892439
89 77 851321
83 75 804487
15 71 886464
43 70 149011
94 122 856143
109 131 994426
67 9 382854
51 118 416749
74 61 840517
19 83 365160
116 37 572554
12 69 943004
86 84 518108
69 126 529155
132 35 592335
6 94 976785
65 26 781764
78 26 546561
46 49 185186
26 67 595098
127 132 373350
36 94 852635
19 45 808586
106 64 34987
129 61 237893
89 66 389570
129 80 596367
94 108 222834
127 19 73848
86 129 22301
77 71 960630
54 107 256509
100 125 230776
95 47 253541
115 125 506519
36 29 329500
49 23 716909
38 117 84304
51 59 848433
113 94 849811
57 36 453597
82 39 748697
117 5 194466
96 49 825362
4 30 654188
106 65 305982
89 63 273880
101 100 823294
3 17 17136
91 129 556943
123 51 554164
7 132 898501
82 64 926235
97 109 445951
24 112 525340
75 83 402294
104 37 466383
105 4 830324
89 90 716952
92 81 768682
92 16 492500
40 74 965015
103 2 148347
28 63 673392
5 18 852624
38 72 337837
24 104 613282
111 51 228372
66 15 860597
11 106 49765
78 64 825801
18 103 500336
122 21 617458
55 132 180530
10 3 785293
74 22 766423
127 25 313044
44 116 486767
8 19 191654
63 85 665221
126 117 631288
44 5 78722
15 112 707206
96 97 492729
48 99 647228
37 39 139564
50 31 277884
123 24 128224
127 31 355512
92 94 632564
85 35 251769
10 29 887661
7 127 141010
58 88 574888
69 2 794058
68 122 321930
39 37 631943
35 109 544210
96 52 144855
41 93 203760
20 43 341974
116 53 713172
32 9 651900
59 17 257756
132 35 528781
36 52 772604
111 91 272001
33 75 340013
63 36 979760
123 26 382895
92 129 214637
45 111 622627
111 8 201938
118 17 143422
79 14 488864
125 133 852787
25 110 407459
129 92 914411
123 20 534570
35 92 623447
123 49 813606
35 44 873166
34 104 722491
41 87 986239
14 116 272001
21 56 373833
79 80 130018
44 24 172498
32 13 529129
56 131 377471
54 119 921281
131 103 502534
100 2 834401
111 126 601486
53 5 545191
43 109 710648
32 54 870462
79 47 296631
84 28 845521
109 33 980539
41 37 600931
21 33 437686
79 83 629781
21 59 862803
84 61 796523
128 104 436158
10 85 634493
5 29 798987
23 63 844050
54 121 336957
80 27 868449
41 131 768483
20 25 426577
84 46 565221
6 79 687006
17 73 580283
2 32 135237
40 36 481885
24 8 792725
35 61 113237
79 91 337243
25 131 386024
4 16 762112
14 49 816261
133 5 149956
128 21 341090
42 22 583959
40 11 265376
16 118 714675
5 18 777378
113 97 917670
64 121 252834
95 74 736907
16 88 483317
117 36 387571
112 29 213487
129 70 946278
93 59 220436
42 74 834947
132 28 150213
15 7 19541
72 70 278675
41 30 728803
59 45 312852
42 111 79691
62 38 232677
19 32 384796
30 124 154932
2 115 541321
6 113 336689
112 127 686975
46 65 413070
51 55 450053
129 114 43683
26 105 559278
92 32 146791
2 134 630961
115 30 628448
102 115 404629
28 120 190529
66 48 279877
110 43 73991
39 93 374760
131 87 886385
84 112 641239
97 19 510540
13 20 707776
95 134 211927
67 51 243429
69 29 153580
133 94 608945
55 20 112712
126 8 976258
117 5 412035
37 38 765596
61 134 116633
66 96 181468
21 57 377602
5 73 859964
53 7 686228
37 5 709434
67 59 616555
6 50 820660
122 116 771802
6 18 62719
85 28 736336
49 44 939444
117 64 819354
50 19 4514
117 21 899552
129 57 727700
134 124 252482
24 79 547890
55 16 537737
41 21 75705
63 56 835734
119 104 328365
52 36 777725
125 85 395739
2 68 425835
103 12 537946
74 95 857367
53 118 980457
32 122 399827
127 28 43861
55 41 678156
60 109 935696
59 26 997947
71 100 758864
39 101 780769
134 74 199094
94 120 386252
77 61 637652
14 17 910436
126 127 775276
116 109 992201
90 60 53843
115 130 409561
80 101 644665
130 5 821956
14 4 53543
55 47 142497
98 73 728259
39 87 713847
56 78 743295
127 59 967251
124 14 643254
132 103 467325
98 43 684368
53 84 198531
6 65 911787
53 65 527646
75 125 297509
27 67 977806
54 85 949731
62 78 430208
25 129 480879
102 76 424759
74 124 46008
125 126 489211
55 131 502309
123 133 657903
71 74 58107
91 50 655805
82 104 29502
16 115 370449
23 6 871001
108 57 205109
110 81 838288
21 71 314463
100 76 336719
108 64 802346
131 84 23183
93 40 206658
122 72 747295
101 87 875058
23 110 37127
23 33 606629
99 8 18185
114 113 988866
120 78 200849
123 1 598624
74 81 193486
48 40 315645
71 27 426556
14 127 992301
71 15 475790
83 121 841550
17 86 547043
32 15 121925
17 1 88110
77 73 431555
66 12 359217
89 9 896500
18 79 248264
17 92 411306
53 112 788778
14 60 735329
7 77 972418
8 58 854684
120 24 180238
126 100 834854
82 115 104525
118 70 528785
60 37 830644
61 3 241043
105 6 184097
62 19 664226
6 26 320764
119 33 171895
113 102 722836
56 43 658083
72 124 125316
132 58 285315
117 67 2781
130 127 671565
50 97 833024
82 109 930243
124 64 353826
57 49 134464
132 111 394081
95 32 253492
24 53 111545
101 51 360162
29 117 895842
27 112 966849
27 111 500839
33 9 802943
57 132 608489
6 4 922597
121 1 83599
19 96 304436
94 69 419963
109 35 534703
46 13 177441
50 123 695172
96 15 845290
4 47 295540
105 53 742851
51 58 507987
129 128 279193
133 13 295658
34 56 215464
72 30 163926
60 76 942710
80 75 554596
111 120 187501
119 123 674447
84 43 462030
47 93 420425
13 37 167745
63 119 130773
25 19 46648
54 40 59620
68 100 529849
127 129 869529
91 56 561860
69 124 624032
43 73 858989
120 119 391569
21 81 144370
99 10 200988
5 34 382212
50 37 108004
75 54 913065
41 47 491187
81 3 537542
56 21 930123
20 63 931766
110 49 318024
24 69 80533
9 117 531188
29 71 449295
100 70 599373
77 11 112645
103 51 964523
74 82 676899
49 87 469977
14 106 18203
7
26341138
15299958
7482649
4317458
10735668
29563181
7438146
