5
113 1978
64 55 119370
56 27 652105
32 29 953831
54 78 712723
84 54 934546
96 37 867616
46 82 945647
5 37 128904
13 92 98607
33 4 990021
50 67 14803
26 1 708977
102 24 614222
14 77 220873
50 40 412770
96 22 308007
110 68 434349
21 64 217361
63 76 292712
62 101 22551
48 37 590368
87 54 501904
32 34 291676
5 47 347843
55 97 200490
37 71 465827
56 67 788968
34 79 294171
49 28 468354
34 82 42805
15 16 278501
62 94 294810
109 12 260190
59 16 128469
86 62 612371
38 91 646441
12 33 614647
37 58 495338
20 107 384715
63 19 446791
92 33 122531
37 94 459441
28 82 682851
52 27 890628
1 112 819998
47 37 883729
41 40 906180
102 77 321699
16 88 863999
62 37 309439
76 8 713272
105 36 633163
106 55 603718
111 106 432964
19 99 436041
93 32 846141
31 64 612738
106 53 557504
4 68 974609
9 16 332405
24 83 190050
71 74 309692
91 58 535195
79 56 610398
94 66 180120
99 45 373084
27 67 835730
99 51 699057
14 54 974754
16 54 47535
38 77 364190
68 27 47249
20 4 105209
10 75 188215
106 55 735951
74 40 19358
65 58 471220
112 43 965012
105 48 855136
45 63 489240
104 101 209464
20 47 212729
113 66 164901
30 67 669696
2 60 160078
39 12 104791
112 77 349975
25 75 508367
93 58 653824
45 35 941486
24 52 420768
70 96 947298
109 81 227116
110 27 903545
36 38 524687
34 106 874661
51 59 383027
30 109 553202
2 89 830506
36 52 541718
88 26 203670
62 105 610177
75 100 639308
88 96 779527
26 10 183066
49 44 891590
93 86 782497
71 2 432238
32 4 908371
45 39 842342
73 5 197079
63 49 132089
49 6 273751
24 103 318957
25 108 405201
68 105 849753
92 34 373182
10 29 797905
46 59 156598
5 64 353676
55 113 885494
95 11 814734
100 108 154850
89 110 442493
75 46 371332
9 98 610158
34 60 733677
62 40 617537
7 66 319807
62 58 44157
62 113 400763
64 96 545285
50 93 773600
46 10 268775
84 92 438750
29 100 549669
65 20 550122
110 81 864831
106 44 908556
51 64 831012
42 64 256874
24 43 976244
4 103 824432
5 11 206637
96 90 972612
82 48 865096
93 58 491256
52 98 734952
10 83 814806
29 20 455169
93 53 496295
2 77 599056
65 72 475417
53 68 653256
11 51 269844
102 11 952453
31 104 701535
53 34 831799
48 43 814552
79 71 507479
51 42 137407
87 43 778599
45 100 660169
96 39 453722
45 50 718548
74 30 277213
30 61 305897
43 113 215598
33 40 363734
96 110 175210
66 47 481039
80 13 54444
57 49 871670
97 31 789852
83 67 982921
7 20 972544
54 49 623817
83 84 427995
32 108 636380
16 90 580130
71 42 714413
46 113 535524
63 56 675222
59 31 92572
93 1 440828
55 7 538891
46 52 822861
98 21 994271
20 44 401272
86 60 858415
35 9 389532
22 54 132027
14 3 380852
111 2 462377
103 10 900473
101 36 827465
39 103 894625
51 19 389779
95 50 37664
33 50 265678
41 83 724456
94 2 718758
88 82 904634
28 80 666728
51 61 386002
24 49 160519
42 79 757895
28 17 349542
41 111 858811
18 22 742847
29 62 16414
61 34 454712
99 113 273860
76 19 405533
46 70 368919
26 93 54675
41 13 518493
37 40 188884
44 72 729941
101 89 306962
85 109 827067
31 48 871180
91 33 330233
111 100 244129
98 33 42542
24 58 658648
111 90 919911
50 5 204603
6 49 451558
63 28 665735
21 104 178219
39 21 680762
83 103 408472
13 101 298688
74 77 985432
92 100 403762
80 97 197844
73 33 641924
96 30 601896
78 93 420218
26 105 356089
75 30 942273
66 104 633483
81 3 187225
83 77 41736
109 55 82286
79 13 847197
17 77 887665
81 52 876223
63 8 59162
81 25 743444
81 99 272487
93 51 517472
95 19 324981
76 93 939144
28 89 918854
63 46 922759
89 55 870768
27 22 967485
107 76 697171
45 43 209209
79 2 198168
29 95 861163
83 68 90312
19 31 733358
30 50 259381
88 113 72142
45 88 402187
62 106 891440
18 91 141796
93 22 89826
80 92 607968
45 8 638496
60 82 814892
85 92 357083
89 9 790452
61 96 713637
70 27 490186
28 80 7762
104 97 626237
29 77 921122
110 35 635862
64 79 42942
111 25 692537
105 109 393277
16 77 600656
90 24 266232
41 93 796411
72 112 578312
96 94 95773
89 9 45963
103 111 154442
96 61 135731
88 50 818286
49 42 841476
93 57 422305
32 25 336506
66 58 656220
5 16 299985
23 103 159240
25 70 408484
95 60 621191
87 34 438032
44 9 981151
17 49 98142
91 20 113383
15 51 366383
75 3 54425
98 112 700398
6 21 312065
7 38 515660
9 11 748658
112 89 130568
42 19 737034
29 28 260593
41 5 94521
109 12 872177
89 78 343440
13 63 304720
50 68 850680
76 67 77093
50 67 29921
84 65 412660
38 106 328338
97 13 111591
83 45 636598
96 41 325664
30 16 31646
79 21 927114
13 70 279348
72 24 796644
40 73 854781
18 43 107654
84 72 993293
48 47 9202
39 16 253520
19 103 355983
17 19 199325
85 97 837969
102 101 972313
66 52 914421
95 91 212656
70 108 99325
109 78 704993
19 13 799399
47 43 159485
112 61 363421
111 70 799733
110 33 811862
16 14 220877
96 79 877459
78 52 375052
20 8 227224
109 3 879339
35 14 627029
8 52 130940
110 50 511319
88 40 610180
84 36 459168
56 44 501749
16 26 533622
26 96 835079
14 2 777251
100 102 467793
38 23 932700
101 23 148469
78 19 884973
2 98 530897
100 68 769213
109 3 437890
27 18 25592
6 43 446738
45 48 430336
92 35 559358
20 72 571500
66 52 266161
58 16 319177
92 9 577616
52 108 357563
40 95 470878
70 8 654790
110 6 819461
27 50 823592
42 20 927109
45 31 976646
71 96 631936
110 41 540270
47 19 696614
88 71 227499
76 102 592093
107 57 114113
112 99 337889
41 67 992001
60 61 238173
91 21 539493
73 25 139678
113 35 59039
11 54 72367
73 66 443258
61 52 285025
110 38 297934
43 36 646655
3 76 335319
109 15 951091
33 105 59860
20 56 800565
108 48 597892
16 58 608184
11 17 362326
74 77 224913
74 65 895994
25 108 977402
58 110 324184
44 97 272791
90 8 625227
35 27 679857
110 13 281766
106 28 773136
42 39 975088
43 104 55006
88 64 866315
57 80 39478
54 24 428736
5 67 542441
83 43 102413
31 70 680850
34 66 417427
85 58 887536
79 99 163542
82 20 721406
39 100 813450
69 35 770309
85 80 238639
89 76 553756
68 37 183104
63 67 186541
68 93 364632
93 64 831620
25 21 712040
108 102 368217
69 28 57768
93 88 643982
75 52 653315
89 19 893600
49 87 153977
43 36 576026
98 95 839602
105 74 742823
48 91 91528
73 85 828102
12 40 556605
35 11 143351
92 86 627818
2 53 471445
101 93 733023
11 14 998613
84 103 465416
31 94 67210
33 20 691531
55 92 18272
58 96 285189
88 9 789381
85 100 333859
11 101 157261
77 89 329696
108 91 550617
53 61 6566
84 83 578524
76 2 581760
44 48 761015
97 106 484507
61 72 810003
1 94 154586
94 76 76865
61 38 732167
38 6 386080
90 68 505409
51 110 691947
44 51 570015
91 84 982707
83 82 680587
42 89 684199
76 81 538021
8 61 549103
17 8 889881
12 37 297627
51 13 711938
61 55 704772
25 98 795718
33 76 164030
24 37 533200
67 70 712373
31 33 305734
88 40 816766
107 48 90910
43 51 404126
97 102 137038
97 41 549119
102 58 70577
36 90 393875
45 105 269133
14 58 158844
32 105 597206
63 77 965195
103 57 223065
40 66 294912
20 87 78697
53 41 83605
110 101 400582
86 2 397940
77 45 928497
13 44 687779
92 67 269146
24 8 667279
62 110 672672
22 29 82191
79 48 145099
111 100 757126
18 96 956080
57 60 548909
27 23 410870
2 27 948026
57 5 735585
86 20 803301
79 82 581525
16 95 796886
9 60 178503
81 49 643265
80 66 340604
66 1 869685
46 27 680344
62 29 786386
8 77 998831
20 41 431238
24 7 532448
24 14 41877
52 14 770790
14 94 797881
68 52 723108
97 5 947050
72 50 867648
61 112 446101
77 111 370188
90 10 425406
9 33 762682
1 56 603743
87 107 514428
104 112 672538
65 59 835200
75 34 474844
93 105 624026
17 44 209968
74 8 180695
86 97 788142
26 97 835610
76 97 937327
27 62 857474
96 53 323609
32 109 946293
12 70 98833
109 41 167265
22 58 831933
37 18 911925
50 104 406072
64 8 745611
110 83 462989
98 109 632786
79 91 509440
51 2 890831
72 13 532770
22 1 865955
59 22 790736
27 50 236861
2 92 123574
65 42 359928
103 31 741309
11 15 838754
93 107 867902
94 108 882222
98 56 511727
98 53 308497
111 99 969902
40 42 543232
18 79 522632
51 19 247643
81 33 951993
96 34 289129
68 5 652057
82 98 905815
54 75 208694
48 59 893880
92 49 369800
49 88 82581
105 97 435288
113 26 664274
110 107 634568
4 81 959967
97 27 1114
70 108 87086
29 48 317896
51 87 588387
110 65 663202
42 106 452162
14 97 609198
57 96 418604
5 84 81592
82 88 169967
80 63 483602
82 19 923102
60 47 854337
113 89 821736
103 86 650149
20 14 309476
16 19 342948
108 68 756846
7 72 347866
110 41 518946
66 7 624622
41 80 767894
9 26 403632
3 7 330852
88 45 795453
93 67 712215
103 72 754526
57 52 731793
8 3 790651
48 32 535827
46 11 764605
12 112 432837
37 34 955404
54 36 816059
51 2 326862
68 86 663492
91 75 859422
109 11 812196
20 18 112836
32 57 965126
101 102 925685
98 105 170489
103 20 335277
11 65 240594
31 3 302024
86 62 449045
95 31 593146
62 26 226632
80 45 988788
93 68 300444
24 56 389350
70 40 291289
9 21 839050
79 31 627494
70 53 954767
55 26 165378
11 112 971541
34 60 611431
67 18 849542
4 102 476526
110 12 60912
83 81 367305
47 82 828541
23 39 916375
63 108 930515
97 41 230525
71 52 479897
75 77 538052
105 31 249889
51 26 211893
72 23 389187
19 97 740161
5 31 435302
3 45 809887
31 107 104509
112 90 170249
97 47 423446
80 113 973597
1 105 80038
53 42 215204
93 105 679537
23 10 895090
34 6 153152
5 8 292772
6 38 457795
2 29 602987
38 12 893725
4 84 334254
46 84 536003
111 23 348514
80 2 248312
71 25 329012
45 50 957918
50 47 447218
90 52 745990
11 53 268397
12 90 761315
52 85 188287
91 10 603716
113 112 257492
63 78 877857
109 35 853999
51 79 926078
95 7 562098
33 97 539241
8 99 994721
4 110 615136
3 40 823933
93 9 78355
40 8 974792
2 70 728447
71 65 51560
42 107 322868
71 88 728228
25 112 76762
23 7 309913
73 2 547019
91 4 198158
81 88 597581
80 6 797644
77 8 663210
30 70 926240
17 111 464799
75 61 720454
26 77 656772
73 99 536096
97 50 143174
109 28 722968
40 108 12820
101 67 583742
48 22 725928
64 52 317235
24 60 244365
83 21 917044
3 46 930073
26 110 789987
56 85 556916
78 73 813290
96 112 415745
87 91 926284
84 25 836050
80 81 389840
24 104 122861
79 73 390686
72 67 921540
29 93 792186
77 27 861590
61 104 160420
72 78 403185
61 44 220168
12 14 376310
89 86 567523
104 101 236398
57 66 847735
31 17 121985
35 45 748625
43 8 747398
6 60 777830
50 10 562887
84 71 148094
95 74 568136
10 49 97995
13 31 538553
104 79 650528
41 102 350962
36 23 86279
3 57 646467
3 62 588439
91 103 241838
31 65 538759
13 39 889134
1 48 161716
74 53 746344
14 43 765878
19 75 643708
32 110 268669
89 112 982002
33 107 128945
29 84 869916
42 106 640805
109 6 178130
31 6 825496
98 72 699482
82 85 3781
23 103 135183
66 13 182969
9 101 444818
1 13 668129
54 41 114379
96 74 411861
82 69 159614
106 91 958477
57 75 939147
59 43 607473
96 57 646686
93 9 407747
79 10 493286
64 10 33418
25 63 132933
70 37 550020
108 6 823437
37 103 358669
77 46 833783
75 97 962418
36 79 575860
99 58 285111
61 16 875193
3 71 360811
61 95 354557
55 52 726347
113 46 149688
14 74 286357
4 38 994555
69 104 457410
54 27 711407
96 4 375376
26 57 148638
69 59 992362
9 111 574677
2 52 526312
24 44 775480
51 57 965442
60 52 87379
106 7 80437
30 61 552087
16 35 149014
59 60 795317
5 8 984281
20 16 749324
17 9 739729
57 33 505517
29 83 902828
67 21 290331
20 13 18159
77 42 48731
39 49 957906
5 108 547145
18 112 691642
90 18 268559
46 27 116101
37 83 476965
72 104 17190
41 49 23134
62 68 5701
90 32 938654
56 70 533397
49 66 165307
94 84 983021
32 52 495253
99 89 276678
61 12 853607
47 83 1520
2 3 718562
83 64 608464
72 40 718957
94 88 634831
43 15 505101
36 49 550025
87 113 134697
62 90 319117
73 29 13205
35 62 208130
37 31 942541
92 67 199004
19 13 394120
98 20 122632
104 93 532803
99 15 442347
4 101 363494
7 49 561319
62 1 612750
50 35 665700
31 63 469916
95 41 882595
109 51 14230
103 27 813400
19 18 601317
33 108 514316
96 103 422720
30 109 163819
53 49 830647
96 90 310208
79 7 153597
85 94 899034
43 89 90025
6 71 389495
101 89 923236
62 8 474214
30 96 108805
91 12 961705
87 56 868382
75 38 325688
89 108 574457
52 79 73580
47 1 505708
85 6 297665
37 106 572082
5 46 894466
73 68 190810
16 37 857312
60 10 938938
30 76 564789
98 51 400564
43 94 948884
81 27 575990
86 112 812464
49 27 988057
99 23 704085
44 95 474864
76 103 755817
6 41 710762
104 70 686697
5 54 477477
6 88 785754
85 47 961506
51 20 643812
14 68 705815
82 53 103454
74 97 278240
13 51 404384
100 57 927239
76 47 231538
13 44 159322
106 41 285045
65 12 198640
43 54 922165
19 67 236933
13 27 264081
30 92 381723
20 104 297020
112 91 867282
18 45 547798
98 57 903357
6 49 334522
107 106 306528
28 35 879012
81 46 897141
80 58 832619
18 79 905883
37 90 591795
1 88 678877
13 97 877890
63 82 391883
36 79 698331
56 72 582989
72 91 40066
35 58 197020
57 16 792369
96 26 413216
9 62 370502
18 54 68612
108 58 434782
25 7 700551
95 34 25240
100 82 726596
90 40 3260
1 74 293746
70 9 834988
75 105 407417
38 105 392756
91 1 120728
5 109 942262
7 12 437859
83 106 510877
3 84 12188
107 60 248320
68 60 614636
87 8 8278
8 75 261863
67 112 281273
66 89 691008
5 85 686295
1 84 628672
108 53 942725
15 47 810432
11 40 331135
38 100 61249
26 73 681443
6 80 500436
90 33 447795
44 98 894023
112 102 424081
62 94 956400
23 80 707882
81 95 703766
102 105 187000
77 22 160842
95 47 919038
16 52 812927
3 20 217221
94 63 73731
39 62 986832
68 10 415137
68 25 280152
103 97 609106
80 85 930538
80 48 492766
66 22 426778
19 37 740851
43 32 696847
91 4 608742
2 42 651192
14 101 543195
111 47 397069
53 37 671890
98 108 694443
5 74 763156
46 18 488335
12 36 551422
29 70 969203
57 39 705825
34 40 655310
65 45 241738
105 34 937862
48 86 967914
87 62 519308
98 66 811747
36 111 6072
107 9 537672
94 29 219473
104 77 785047
4 103 791772
50 54 775535
76 37 118768
35 84 617974
30 49 398612
11 34 907569
65 69 121260
15 62 15516
105 43 331189
30 33 765123
106 29 442413
108 78 530602
33 32 572884
96 66 449975
18 87 382821
10 97 65863
52 40 745905
91 46 460337
25 37 244229
85 66 615839
109 50 764638
8 44 862287
74 68 150525
54 42 599915
110 60 662020
101 61 372497
12 112 59446
96 89 245288
15 106 984048
90 77 495196
68 72 563780
82 80 497921
52 32 73155
46 85 408247
106 73 637524
26 60 675949
34 63 431089
90 45 56909
71 60 52571
80 28 265615
41 87 493869
52 55 663392
99 98 337490
84 23 89046
5 7 884388
91 32 589982
19 57 820748
50 26 806236
57 96 490432
48 62 666620
11 94 434286
37 33 74419
21 10 449306
36 93 709470
14 89 971178
65 66 896449
55 76 857779
107 13 947318
82 61 377649
96 41 625896
69 68 217015
93 19 471525
102 68 96228
73 18 809976
40 87 408112
106 74 112581
68 110 154149
72 57 485600
12 92 823835
7 66 345042
109 21 816886
21 113 879500
58 93 391420
9 44 612808
94 84 321726
10 76 443443
93 22 939291
56 94 382457
101 105 719623
19 103 738663
91 90 629247
4 102 448503
33 38 749761
16 46 524883
16 18 743333
95 28 891583
14 7 230824
33 63 744404
109 42 645683
34 60 463305
33 38 372221
36 33 556741
38 65 521093
20 80 877856
38 88 920653
17 61 90300
72 66 499377
27 99 302031
75 86 983862
106 7 401408
5 31 383359
106 66 295656
74 95 985093
79 2 875795
16 31 580568
75 47 937489
41 110 906354
13 23 426452
39 97 880239
98 81 20042
103 85 584523
25 69 202928
92 21 840112
102 99 762186
71 106 494033
14 68 811689
2 108 90386
55 112 77297
77 37 33179
71 13 87360
72 2 735850
86 26 834515
53 4 972801
106 98 188150
39 55 842067
10 61 887907
11 62 415970
9 108 925632
38 71 235275
42 28 328760
5 91 607494
53 56 487541
57 100 748202
73 92 890923
66 17 307850
52 18 612253
105 20 225269
31 29 53251
68 66 555354
12 99 611816
89 103 759032
47 35 581523
22 83 798569
113 34 766633
68 99 247900
77 38 736402
33 29 592883
42 52 875025
37 111 692828
94 10 79470
65 90 122311
111 23 557199
107 44 735001
81 36 144869
33 103 974952
106 66 100021
75 90 375278
56 10 765747
72 46 164355
25 18 322729
75 74 85980
107 72 577952
60 57 286187
95 25 958885
42 49 519673
96 34 276400
57 100 841318
55 42 956047
88 1 190189
14 17 99097
53 91 810938
69 85 84744
100 23 18389
61 110 926792
57 38 60233
26 12 182964
60 69 547738
62 2 747436
73 90 173436
16 95 518565
81 34 378645
106 95 843281
90 81 18727
25 28 607280
81 76 270160
80 101 498669
105 39 392829
3 92 844269
55 51 618734
100 58 396931
55 17 17940
85 9 567741
86 98 656989
110 1 539166
16 81 722212
73 40 209447
21 31 793622
44 25 316054
61 79 249141
54 65 815775
36 112 598700
36 83 925206
16 56 912739
77 52 63337
43 59 336493
77 11 276089
97 31 97792
35 66 349339
63 14 294518
21 67 139467
27 95 886400
58 9 946665
89 24 163541
96 92 555755
112 14 730586
88 90 474546
94 73 802655
18 99 591390
70 41 201370
88 53 284032
58 79 236307
17 15 76134
59 95 887606
35 78 360414
54 68 517373
11 34 113398
98 15 841584
95 24 495551
36 93 424058
103 68 359893
10 4 635183
4 20 881330
110 71 507189
22 105 458201
10 38 281350
10 48 345834
100 32 895036
28 5 575804
46 32 221124
105 21 125514
94 23 977496
57 18 630766
19 14 64691
75 28 442811
95 37 804529
61 38 396782
61 24 210468
67 43 48240
96 89 501489
97 72 287934
43 52 724312
98 101 14225
67 111 750159
98 72 852422
112 53 165076
59 105 721845
44 45 636128
53 111 782210
67 86 139291
104 61 131428
48 103 151218
15 87 833842
111 32 60630
100 8 855122
108 7 191870
39 57 352223
8 100 714719
105 32 141689
10 98 757991
4 88 752045
60 22 282068
55 28 325557
29 26 29627
105 4 458970
34 104 89099
7 29 208191
77 28 245731
77 11 412187
67 21 272150
21 24 327108
43 75 864995
47 17 642825
16 37 674824
113 29 227502
113 54 153279
103 53 133582
44 16 373905
69 84 59429
11 30 939661
43 50 186595
48 85 931659
67 18 842421
1 25 752722
64 24 723192
18 16 608952
67 5 118222
24 41 119577
8 101 327735
2 111 400737
17 32 580221
38 80 650934
21 25 894944
12 25 637807
32 89 909149
79 98 167940
67 44 19630
99 67 705112
33 74 953765
35 67 210479
65 75 747405
32 113 408001
75 12 573613
14 24 370715
90 55 23185
69 12 758524
54 71 246363
52 56 620283
74 81 770540
83 2 756563
90 66 34363
7 90 306888
108 51 505796
7 57 506210
36 33 60852
32 93 892913
13 34 127697
20 77 399777
94 38 312376
6 112 709581
98 88 992128
31 86 256590
75 72 670252
18 79 644408
89 106 300512
85 25 547714
101 29 586656
65 48 920615
85 20 287407
72 18 640796
52 107 707611
106 24 751610
14 99 180791
78 108 85120
85 76 835311
4 47 487251
7 26 283112
43 83 501960
34 54 764079
63 5 323655
82 56 969954
67 40 704636
25 46 867291
55 10 447362
33 87 983763
12 82 504641
112 80 451963
22 9 437075
77 42 859753
30 96 65075
113 56 729917
76 10 395464
55 34 801952
19 80 652336
83 113 74672
108 3 402175
59 2 666206
36 15 969772
94 91 233488
85 112 261111
80 111 693438
10 74 270782
92 7 712048
106 18 747084
8 100 428304
102 86 140074
42 32 336941
62 59 334720
89 39 151721
37 11 552024
73 90 891985
43 99 625207
22 69 972677
26 61 318036
102 61 624998
64 41 877325
29 82 579658
107 30 183959
79 111 127303
21 26 302145
74 90 257207
11 19 238759
14 32 642262
15 50 786021
33 38 806018
37 102 325981
110 9 231732
102 2 705830
30 73 718045
5 93 18216
87 53 383807
33 55 475549
69 68 113281
52 82 492697
96 106 393584
79 29 727894
102 18 668404
86 111 552055
91 27 229917
85 24 853711
104 110 491812
100 21 36204
107 81 628447
32 20 241215
111 2 708897
1 81 172840
98 61 510370
89 33 817496
82 2 794529
18 78 52418
46 69 409659
5 55 156164
11 40 497985
84 63 593737
4 60 229440
30 53 243814
69 37 446487
19 12 585544
72 86 850460
38 103 991985
27 28 544685
4 32 376014
2 42 477874
73 4 479895
57 8 391127
35 29 88800
93 97 333512
91 108 793666
8 66 21317
31 95 279085
19 113 904327
75 108 905206
65 102 317927
86 61 770934
56 4 21795
86 31 779406
47 2 700253
44 92 843763
45 99 511079
69 76 642196
60 57 661011
55 54 572191
43 92 961244
103 12 862895
98 53 639321
15 1 20897
17 37 252337
108 60 761090
86 34 807511
86 95 649369
112 41 395552
92 95 46941
23 24 16256
31 5 789209
95 103 67604
10 4 641756
84 12 432512
89 112 67031
25 76 728981
75 48 887659
87 46 448522
34 17 64734
27 39 424140
110 62 132794
92 35 406800
13 44 236348
31 14 694935
86 103 902199
78 6 27707
96 72 272228
95 37 245253
22 63 156849
35 89 579206
71 85 989918
104 64 735528
5 68 488060
23 99 752058
44 63 812563
63 19 430664
36 2 413870
56 96 444255
113 109 884665
82 30 814745
73 93 734398
12 75 465537
90 80 559413
98 94 690484
111 24 291262
1 86 428777
106 113 864714
56 55 486731
43 54 743348
84 14 732004
100 86 360485
88 89 310640
9 57 956565
6 41 567311
93 31 354164
8 23 702970
47 15 157787
86 70 990842
92 105 963740
102 75 749680
20 54 444221
22 28 37278
98 36 264380
20 34 129936
34 5 902357
72 5 877853
73 51 3439
74 15 725689
7 99 488856
2 87 661252
3 98 606678
81 111 26827
21 95 387236
10 106 796372
32 27 912014
83 90 58128
44 49 147138
10 1 43758
38 8 267421
57 1 561475
30 3 657923
55 83 917249
100 96 166444
59 105 362074
51 15 104152
39 98 230490
24 20 960409
58 29 451697
99 67 178842
20 2 654639
11 31 112417
99 78 996394
63 64 892905
9 1 33625
52 43 97544
8 81 987020
45 104 63553
9 49 846934
87 34 95554
51 46 781916
16 48 599977
88 26 640061
8 88 445347
24 88 403070
23 26 825953
36 25 142361
34 61 894071
42 70 260923
79 35 286674
69 86 755097
53 93 744018
59 67 395006
37 66 658013
62 89 699484
95 103 365138
57 26 308184
91 51 759109
108 84 161971
52 50 1170
22 110 971898
28 41 212442
82 99 351570
40 14 385675
78 75 724015
90 48 400212
6 104 544515
60 74 143943
54 60 262049
108 112 262117
84 12 756052
32 39 558475
72 113 236656
57 31 979713
100 108 200286
5 84 850502
4 82 207255
29 28 961963
87 73 492344
11 60 575671
89 30 47674
59 62 630745
53 12 617958
40 61 887966
33 39 131484
93 43 531645
79 38 969937
63 66 270895
113 40 193629
109 42 900108
95 18 907853
92 68 705114
6 7 504332
33 46 657075
82 71 549018
12 42 420527
10 7 671813
97 61 363744
91 52 640261
28 39 763412
32 20 511666
57 111 157426
23 109 259166
105 28 569894
21 101 69321
80 104 474085
60 1 634687
77 97 758381
47 66 839835
48 93 338686
83 3 346958
21 60 428674
27 74 214580
46 65 838985
95 77 706206
93 43 431375
19 94 62487
48 57 85830
25 96 255948
53 22 799171
6 104 99256
84 12 580406
47 38 496791
109 75 320038
78 49 739925
25 28 821821
84 39 986252
22 78 421382
57 102 7307
44 41 384287
107 39 832084
68 9 862365
80 47 632555
52 35 950876
88 104 387220
79 15 10907
112 91 812374
4 112 426307
74 55 127437
4 90 271952
69 84 198536
4 30 254146
62 102 867457
37 40 802103
86 7 897069
54 77 342208
49 76 601599
75 79 254080
65 31 352775
35 27 186337
38 87 70287
79 90 587528
113 39 351170
80 75 858003
81 39 428063
64 92 801274
53 19 799457
20 93 441567
98 36 632632
109 63 929016
97 92 198653
55 50 789977
35 49 565354
2 15 190042
9 87 614916
6 37 227195
88 81 37786
18 92 859061
11 68 150032
35 64 521782
84 39 278966
99 94 136472
99 7 315741
15 8 716933
111 9 658502
18 14 37516
9 101 712535
18 111 285156
111 113 42164
14 34 819980
84 110 321292
20 95 132739
4 72 841848
37 87 832493
75 76 446323
95 93 144104
21 93 210759
28 110 962095
6 100 839678
43 105 508845
30 76 382258
55 87 691273
53 82 709516
48 5 35043
51 72 857896
54 45 309342
71 65 100225
59 85 784680
44 82 221769
20 11 77875
30 40 391130
28 86 440500
8 25 878808
51 73 21796
67 2 102747
37 56 263811
99 5 575207
28 63 749470
59 98 71755
67 109 616929
75 18 688619
29 45 608117
69 44 24512
81 91 563854
83 54 620984
25 53 987456
29 3 970503
83 30 738230
59 16 727726
54 13 795095
71 40 286298
108 32 217999
30 49 544860
3 16 893516
33 90 861270
92 106 609186
31 21 415957
102 95 488549
111 40 632895
65 86 910522
93 43 876768
37 29 451129
50 59 566354
26 53 461232
85 77 62140
75 55 945722
5 85 966633
42 66 501009
100 55 892201
60 111 323164
33 90 841648
29 14 226103
56 55 160604
19 80 558825
94 43 951916
32 5 993563
76 1 154871
20 34 922693
58 20 518907
6 71 703942
48 103 789244
3 10 28407
99 66 672133
20 76 265282
97 56 701368
33 79 874366
8 42 393461
67 61 190961
70 110 239062
6 2 719715
52 41 543440
74 35 103358
110 21 334244
78 32 835156
13 15 583677
96 40 641946
61 47 988389
27 113 589638
9 69 946701
19 66 984483
91 4 509794
31 77 913339
94 65 872163
101 30 612278
78 34 176156
94 8 515713
76 69 657215
98 87 239180
60 95 184300
17 105 527833
73 74 490072
57 97 860261
75 77 183157
105 65 647246
53 21 517809
7 107 496212
106 69 489526
24 53 891211
39 112 892228
110 43 927549
63 72 677290
46 65 824017
1 10 359258
57 96 23128
78 87 863154
71 94 218892
26 39 748196
70 71 516680
61 68 985816
68 56 982784
26 5 469823
41 42 333475
8 43 896635
80 99 623392
90 55 867958
91 4 125087
92 29 871741
101 91 25958
34 38 588754
88 105 883187
63 9 372180
102 41 620206
100 41 978398
99 7 337037
80 88 91523
35 66 595230
67 36 932275
25 23 840491
52 57 333774
18 23 648781
47 86 229412
72 66 752958
26 52 43434
6 29 976450
93 108 607837
113 22 768045
15 88 225021
59 104 694255
80 43 241484
17 52 336171
50 98 477450
92 48 135144
53 66 159079
54 71 445889
53 50 135317
18 41 95321
49 48 450987
2 106 590406
90 65 55889
106 81 436189
39 18 614492
41 101 479330
108 40 650907
105 85 107620
17 16 702859
36 33 528144
61 81 178706
60 74 103171
49 51 625676
73 35 112698
34 73 213018
85 105 156047
70 99 211094
7 90 421592
14 98 280342
63 20 878829
40 80 534152
55 18 954981
55 67 351921
14 26 966456
38 51 651108
70 14 399678
90 83 830957
27 89 653079
49 95 828284
77 44 459184
17 75 190157
30 9 955835
3 63 862977
18 69 451119
67 106 156450
75 54 142516
66 30 855944
34 57 496694
83 97 172387
3 60 618585
47 69 847078
50 90 69277
71 92 388352
44 101 946329
35 54 372258
68 7 879156
1 64 655775
9 89 396855
106 58 556692
62 52 415627
62 90 368841
24 19 950485
98 89 148243
17 11 314035
109 37 447020
72 96 681953
89 97 934863
22 97 553058
3 81 705968
88 30 221876
103 83 76318
74 98 459449
12 83 359808
34 91 124019
42 87 719554
104 37 819212
58 12 565510
68 25 814391
60 27 95251
94 106 547774
65 96 339600
5 48 285101
68 59 969907
106 92 815073
42 13 250574
6 3 165019
65 52 470269
100 6 305744
5 58 584652
103 30 380034
110 94 623870
86 91 168648
46 45 481205
81 30 742486
93 63 266527
70 60 16699
75 11 158603
92 110 659804
21 106 73361
81 96 105241
28 92 493672
55 64 798618
23 101 512231
42 60 994319
32 39 852548
33 100 839175
37 62 289764
84 32 769823
23 52 610096
12 19 905832
21 39 237509
11 93 428374
83 107 763527
79 28 761932
103 59 205955
69 91 346171
93 6 380301
15 89 262261
39 112 814148
47 2 620611
45 14 61685
5 25 793943
28 99 986033
13
27052962
2119157
13901033
2430016
13452155
23623340
20175969
10284256
7969510
19761096
19115808
23866162
25635987
64 1775
61 39 458922
21 26 79533
20 54 657569
23 33 967864
47 52 953896
13 23 73053
55 23 41560
35 56 325816
9 64 441624
59 19 579740
33 15 558018
11 35 333084
55 54 901393
23 12 818481
14 58 438500
53 7 111482
17 61 730832
40 31 526151
32 39 82567
55 33 307673
18 1 813480
20 11 403850
47 1 272128
63 24 332811
47 37 477829
18 26 846283
12 42 855559
27 18 612645
34 49 119755
40 39 759403
64 57 176363
39 12 829558
49 58 314870
48 56 806221
58 38 271474
62 55 664523
8 2 574772
14 29 43781
50 62 397365
60 37 109852
38 36 760980
17 11 941471
6 59 951704
59 42 209423
8 35 49460
57 33 910314
3 40 419820
8 59 956199
5 47 117219
41 10 37640
12 29 134424
22 59 577117
16 18 334680
57 32 414815
28 19 766423
60 61 298905
35 40 406158
24 47 557192
63 51 621943
33 27 796544
40 38 248477
64 60 158231
28 11 503337
51 4 574216
17 31 210907
39 26 274263
63 60 757438
13 20 33068
20 18 895774
10 50 128376
10 25 358621
38 24 839960
60 52 855395
36 38 87718
44 55 370564
6 29 231645
24 25 194600
43 4 454715
60 33 336773
45 24 531726
6 52 491507
29 12 609518
16 46 747218
54 19 459133
44 22 414658
8 50 128093
35 9 115317
10 52 135608
5 47 51672
9 28 128815
22 33 564578
8 61 840301
53 13 487770
6 2 222956
2 45 845057
3 52 182450
31 23 258875
19 32 626606
10 36 904412
33 44 411127
15 1 137879
49 8 947924
29 61 604704
55 2 204641
34 4 977485
35 6 150848
20 37 732758
14 55 401462
59 1 128025
23 33 281925
13 48 362181
36 32 409357
55 60 516617
22 50 431178
54 20 644877
2 54 56019
1 9 825399
45 12 785873
45 36 122983
14 40 387572
61 45 790039
28 57 656781
23 1 644578
9 10 353367
28 23 523288
17 41 876760
25 31 446638
47 11 934329
64 56 550045
38 5 964036
25 1 256560
47 28 958440
59 50 176936
28 58 342962
50 21 153864
9 37 20784
33 62 229454
14 44 22808
7 43 252943
35 17 949139
38 41 479379
22 24 82222
61 18 739808
37 46 214681
22 31 207342
29 40 266706
12 8 972559
25 21 194427
48 27 685477
63 61 117749
17 35 846110
36 56 209653
17 52 348806
48 24 940851
9 45 822802
54 9 550649
7 20 484800
22 44 588244
16 28 795311
52 26 172395
41 42 683533
6 13 101636
58 30 385144
63 13 710991
50 21 454844
3 10 254212
59 17 646232
58 38 376707
13 53 468446
59 40 690743
38 16 509089
50 21 886509
54 14 421578
45 13 370455
59 62 947819
54 64 393717
5 17 219123
42 19 214591
30 49 38074
5 39 550303
21 7 746064
41 52 43461
55 61 242353
3 19 668588
64 62 549665
63 50 684954
56 54 982826
42 31 141053
40 60 284077
33 64 150547
63 20 9754
15 61 788173
19 51 988169
4 53 558620
47 52 593241
15 50 537930
63 18 715538
29 14 138361
24 58 599258
23 13 126808
43 38 400422
39 50 717497
25 58 309628
13 21 570346
64 45 380728
49 54 392416
25 52 870578
42 16 522495
34 39 458489
59 62 61381
19 40 674026
56 14 591195
48 38 496532
43 50 476841
20 49 566741
12 33 194571
43 57 279870
28 34 405966
27 3 425588
19 62 923377
23 16 12760
64 7 18981
26 55 421450
45 33 371515
21 53 308267
42 64 298955
52 42 850883
49 6 195940
62 32 472487
36 34 383816
51 58 13831
57 30 718688
47 40 436428
16 34 631009
4 13 908682
3 23 897277
44 26 165741
49 61 840171
16 35 940188
1 6 479933
8 56 548790
14 49 636628
45 31 662267
57 46 575772
25 49 313896
34 51 350975
30 31 238936
10 15 322836
52 31 395575
15 31 780796
12 39 976052
1 52 85924
20 33 990466
14 25 203888
42 49 444896
17 18 533779
15 47 784817
38 56 909567
58 44 957597
48 58 422140
43 5 203362
30 6 315093
1 25 959669
3 39 606221
50 16 885757
17 32 706958
35 47 999804
19 20 930036
18 13 305119
46 60 130648
41 39 853853
10 4 56226
31 5 374394
19 7 503328
32 56 502447
28 8 718351
42 43 469309
37 61 26960
24 14 197789
54 60 377368
14 36 862846
42 46 146626
11 12 314630
4 30 390028
36 61 544003
18 25 737802
32 2 21556
28 38 696433
44 62 671998
8 51 905849
31 64 336477
29 41 683594
30 51 262293
35 55 548594
46 26 148719
48 43 464775
57 11 203720
45 38 881709
29 17 428778
26 24 666397
19 55 725212
47 19 459077
56 48 440567
12 18 44077
61 63 256582
43 46 129585
49 38 348731
56 18 899680
37 46 325745
14 8 824712
42 26 257598
6 8 519952
10 63 274751
64 10 836624
45 6 111950
50 49 128379
34 33 656417
28 25 717618
60 61 524768
44 10 749863
51 52 815104
49 57 56967
64 2 159045
63 1 899982
14 45 828371
28 31 125635
22 64 256548
54 28 941180
40 23 544888
7 2 12801
45 52 527668
44 36 331052
50 36 365677
54 34 588462
3 47 559834
21 10 536376
24 32 647672
59 21 758803
54 60 285801
45 2 38058
45 46 872989
33 25 531841
12 10 567268
57 63 254021
38 1 461427
63 22 817789
55 45 935132
46 39 986224
64 28 721388
40 8 665389
17 52 84443
45 20 793651
45 32 882685
16 24 510587
20 61 577340
7 59 944017
3 49 736253
35 13 289821
62 56 202948
5 37 154132
56 63 978305
12 49 850669
43 45 290301
2 40 983952
62 35 171734
56 51 177304
41 47 118005
6 17 561282
35 14 242297
38 18 588701
58 9 535899
58 20 276748
38 62 416632
34 63 583455
50 60 843969
7 52 564851
31 28 538337
19 33 755121
20 3 861886
13 41 222543
41 34 381976
4 27 724523
15 64 674217
6 34 191271
37 19 262435
37 25 558934
24 55 907441
56 10 486801
41 29 619540
38 41 992252
53 18 275421
12 21 447351
54 35 875062
30 40 332503
5 12 836329
39 49 558274
60 8 191992
44 63 855489
60 39 142750
15 13 779718
10 1 871447
38 12 953835
28 1 303629
18 31 853813
40 35 220544
17 9 764144
18 4 16759
9 47 65782
10 42 633628
39 57 614888
44 2 715752
3 40 350899
45 3 244852
58 20 588178
46 60 572148
45 12 975548
63 19 845477
45 8 816750
22 36 447124
14 11 857216
16 51 138754
55 37 374126
57 24 429479
13 41 854996
8 28 501057
19 23 427613
47 21 887279
19 1 896375
1 23 55450
20 36 829412
19 51 835478
20 41 192443
2 34 826962
40 46 49659
60 53 844502
60 7 614893
24 53 258945
6 7 76930
60 7 774424
21 27 114555
57 45 877550
14 1 168854
8 2 350135
26 41 430692
20 36 949016
41 31 743710
21 54 93522
22 60 360281
23 55 844383
46 12 509305
40 4 212262
21 17 92006
43 25 39015
33 50 515471
51 28 130221
17 58 57538
7 11 243799
2 35 506989
56 2 544602
3 58 729473
6 31 791894
23 4 539520
47 42 153632
32 57 682084
36 43 675904
16 59 929785
17 1 793539
39 2 17574
19 58 85991
44 60 180064
45 2 970047
2 24 368386
1 6 805740
32 37 274916
4 8 87758
3 23 474312
59 40 494089
61 14 406986
34 33 602371
8 12 170879
40 56 668416
38 57 49751
39 57 311900
18 25 353792
53 28 509575
2 30 942173
10 24 709124
18 20 54226
27 54 484466
30 61 60797
28 36 512693
27 9 664749
49 48 56486
12 1 841534
11 54 734681
17 55 895478
45 64 770061
49 17 668320
2 44 124181
51 9 707282
47 36 114037
35 62 830846
16 46 709741
53 57 72813
50 3 711330
10 19 196697
24 11 491631
41 42 700528
20 63 910242
28 16 180753
63 4 480307
60 1 928258
41 45 949046
33 26 811367
35 59 924720
53 19 417198
51 43 196088
34 19 159650
17 38 247392
51 1 558767
3 63 984178
53 58 240435
55 34 722783
44 2 794296
19 36 577139
2 24 556677
48 10 572143
39 43 278017
8 60 616422
39 46 870438
21 48 900388
7 36 295901
57 26 909310
23 6 683903
15 24 556770
1 25 902969
5 8 59459
52 47 34221
52 54 44136
26 29 999445
63 49 80900
35 55 285160
63 47 56833
61 6 828614
59 20 444573
29 20 313078
21 24 884029
23 11 353515
4 63 397537
43 24 779837
64 22 59181
3 56 736100
42 55 567378
43 51 275799
48 45 172010
13 9 316797
2 30 299541
62 52 692383
41 55 289693
9 34 191540
5 33 817418
49 35 35009
20 13 205623
38 55 205865
60 38 752342
38 50 401822
34 51 57275
54 49 810863
21 25 213157
49 33 308294
38 46 607381
9 46 649833
21 37 259662
11 13 145289
48 34 719278
34 64 126416
20 58 833093
4 40 264857
28 13 986314
60 18 415662
32 56 662427
53 64 460552
29 20 947948
42 30 157561
50 13 635866
32 46 999641
47 2 937043
51 5 201658
12 33 679430
21 28 981848
2 60 863631
28 48 401742
35 12 247841
15 53 201470
7 38 38666
32 5 505592
57 51 631609
11 38 580605
4 49 553565
10 5 186105
33 6 811956
47 33 554851
60 3 64622
28 17 84578
25 23 276359
34 55 875596
25 47 8702
17 57 25123
14 60 189715
42 5 5143
34 37 887068
21 19 14268
55 14 330943
36 41 301391
5 1 115878
12 35 893916
23 59 667850
20 12 342018
55 25 634429
9 2 224514
32 36 126822
59 56 204985
55 47 344390
53 18 341935
3 23 399087
40 34 38161
3 56 281100
12 11 759511
13 1 570351
48 11 929769
19 48 916387
11 40 400921
57 46 216397
10 28 849616
32 10 115063
1 27 274426
56 38 617989
3 60 787218
3 42 107227
12 25 168101
52 44 872148
23 54 264828
47 46 518249
60 55 146308
11 23 657101
1 23 722407
58 15 68812
63 17 174727
16 19 367344
42 31 310793
14 18 839412
33 40 122537
28 23 866518
4 18 830284
7 28 877218
20 28 833273
58 22 813511
6 20 747159
12 35 951785
60 12 290311
4 25 208857
55 57 623808
31 21 936086
52 24 394791
63 31 333186
33 50 382686
25 43 817715
31 48 772614
53 60 550952
29 55 776307
36 58 100427
60 48 428163
59 14 507991
17 1 374511
55 63 690381
57 31 112702
22 55 396584
8 21 94488
13 9 897491
52 38 205641
38 9 813378
48 4 592817
50 62 633790
9 14 835518
55 5 544636
3 61 122011
64 18 917265
39 25 743910
62 37 349102
16 24 200979
24 61 106203
25 44 757278
9 29 810716
6 37 202601
3 27 844077
63 29 551977
25 28 225338
41 3 681874
14 64 210550
60 16 878669
14 39 462537
41 64 95284
6 8 688721
33 14 750837
10 16 172496
54 14 676780
31 38 860040
24 15 151562
42 28 129481
31 23 723992
44 37 624383
52 13 193086
40 18 990213
56 51 682258
44 60 588386
59 49 285935
39 15 380565
46 39 789539
55 16 256766
63 46 131349
23 25 163321
21 13 909829
18 52 193558
22 43 792520
40 22 942019
9 17 2484
2 11 184740
40 45 84122
55 43 629336
37 63 898542
61 55 792130
9 59 395155
60 16 988393
38 24 780240
60 26 676824
12 13 859342
2 15 422425
37 54 775045
62 45 900783
21 17 157869
3 13 94627
4 22 941213
23 17 981357
63 55 330372
14 50 137757
37 61 947626
50 62 316088
10 34 938477
15 31 429337
61 51 467561
42 53 224118
12 57 308235
41 15 895387
21 13 866961
24 26 142850
52 62 304894
29 47 306363
20 57 848348
1 7 14970
25 3 468269
2 44 106785
55 56 206297
1 32 194663
27 52 60275
44 11 583372
45 62 957129
43 27 524536
37 46 740720
1 46 380726
58 7 345336
38 8 825124
7 62 398363
31 62 38970
6 24 695597
56 3 247671
4 48 316596
12 26 366350
3 62 713020
50 62 811433
39 56 58223
31 29 470006
2 35 238195
28 2 220080
21 7 794696
1 62 861706
55 1 563961
42 13 239058
56 15 677008
51 1 242509
27 39 950532
10 5 818401
63 6 920195
50 33 978564
33 53 704522
40 53 158344
50 43 407048
42 21 956820
60 12 815843
11 62 241187
23 24 613577
27 33 311054
59 32 158739
61 17 71348
1 49 571496
10 25 903837
17 10 283335
25 51 575643
44 46 147110
14 56 227107
48 15 143419
57 41 437915
6 35 613306
24 31 391434
11 31 992379
51 41 243539
15 57 6620
21 17 845582
48 61 999484
21 10 661683
56 58 558337
41 12 212663
11 6 96398
42 15 51481
8 9 94411
48 27 41177
41 54 787629
57 4 109724
53 63 95281
63 49 307944
56 50 180377
41 26 7076
31 37 930729
44 14 762168
4 21 585984
14 5 169691
38 45 276368
19 37 744979
46 26 213073
30 24 342850
5 15 30963
29 55 875404
1 21 26608
41 64 525885
32 4 414802
32 17 825238
58 55 719490
38 28 163190
63 44 760532
22 45 665816
36 31 267829
26 43 393269
46 26 449437
46 23 267773
49 40 188444
1 61 795157
55 62 678237
63 35 822648
53 34 663780
8 55 364112
31 27 579055
19 52 702105
7 34 851762
36 15 527304
32 63 133999
59 63 49579
15 54 201000
43 52 133387
35 40 469484
6 47 215714
21 14 966716
3 32 327600
27 39 708369
13 10 387615
20 41 563997
3 35 967003
45 49 414480
21 27 600260
31 61 203883
10 2 469530
43 23 579367
39 25 317574
22 52 593772
38 64 373749
4 19 408925
32 21 404095
58 2 187119
10 22 403530
13 52 392326
55 61 333640
16 39 591582
54 13 745206
60 34 12969
39 7 762984
28 10 522555
56 41 942031
55 35 554640
37 44 594085
46 56 193752
52 46 823124
59 62 730619
24 51 882951
13 46 607721
54 21 129647
29 48 352697
23 39 840865
38 29 561155
53 2 960750
26 47 123557
49 34 769811
5 28 401744
63 51 566018
5 64 612912
45 53 136196
28 17 25971
20 40 207513
52 13 52214
55 1 296247
36 26 343141
9 11 68871
27 15 839778
42 13 731093
43 17 520724
26 62 737992
29 25 145880
15 44 783295
40 31 592267
29 21 127436
19 57 15589
55 1 417775
61 27 706173
31 4 578697
51 46 951002
6 8 914455
13 36 115055
36 51 421850
35 26 192056
45 54 986829
56 8 766917
29 62 655877
11 59 972575
8 25 86050
16 11 78671
41 16 79702
63 28 225338
45 63 57900
6 33 301253
62 14 7610
10 5 505921
14 33 106622
18 44 911288
48 51 759696
17 2 866586
31 43 301737
53 41 803140
46 22 516675
25 27 741987
29 24 71344
22 33 632181
22 46 956437
19 63 978240
11 46 887410
26 62 811700
52 29 185758
28 17 924038
32 62 657947
34 22 325686
4 50 119309
52 7 25646
40 28 811611
60 46 649434
60 56 511687
45 18 773
32 5 679009
61 32 658801
3 63 649134
29 32 224259
18 36 718132
31 23 622010
12 62 474517
38 57 382274
63 52 772922
6 33 889803
10 64 115855
42 61 785518
26 63 185581
7 27 865420
9 45 83375
60 11 394437
53 22 463490
9 59 214267
10 58 174062
3 63 197582
13 8 645582
27 49 187466
9 10 263624
53 16 48354
64 24 383694
47 19 388952
51 7 89773
53 15 814120
47 24 695073
28 27 277023
42 39 560742
55 2 225238
64 10 962015
7 62 420206
40 61 824069
54 43 408087
13 30 794269
58 18 489835
33 64 877058
1 27 728860
31 4 451395
4 58 676868
25 57 674445
55 63 629706
36 39 440774
40 28 674673
62 40 758542
26 33 639519
4 1 48222
5 1 675064
33 31 717628
35 34 337845
38 58 723182
50 48 653612
59 19 177490
64 58 194861
48 55 611029
61 16 999413
27 19 206838
56 24 928374
48 56 957397
43 26 338294
31 63 329008
12 48 891551
56 42 446130
9 41 849515
54 25 509794
10 21 704881
62 48 957316
51 39 627803
41 22 961554
61 64 442667
50 31 231657
33 42 2968
64 33 935361
49 42 436905
27 31 214977
60 40 28118
45 37 515845
48 24 726379
10 64 367489
27 60 156800
5 45 432158
45 14 433096
4 13 813224
4 61 266385
44 23 503791
45 19 620118
2 63 647483
6 46 792722
48 55 16913
48 17 761100
48 21 396280
13 1 735109
20 4 185489
60 7 677197
12 50 608804
59 30 457398
16 31 960564
10 36 75617
27 20 914007
43 3 986343
54 50 218939
46 63 327099
50 18 862846
3 13 245188
15 25 427381
50 19 624403
39 34 864369
26 44 663125
58 6 747048
16 49 516330
54 38 611420
48 19 464474
42 5 541291
39 7 138744
42 21 39568
31 7 263906
49 45 431875
33 7 190958
53 64 333876
28 16 393892
6 5 132105
33 53 461148
58 30 148832
36 5 864294
27 46 317434
42 12 117056
11 60 720557
14 29 88499
59 17 329202
46 45 840321
17 50 640902
26 18 917178
53 11 545303
20 46 355419
57 9 141769
20 50 942973
16 30 351242
44 16 466820
60 1 432626
40 2 792322
25 7 284123
42 64 269775
52 22 404258
34 49 919386
42 57 751948
27 12 217917
23 27 404442
32 6 679465
36 2 800041
21 41 277290
22 2 879088
49 43 430767
63 31 11397
33 64 463797
58 41 574317
5 3 16568
1 26 492179
26 57 627864
2 28 56793
43 48 263746
20 6 68739
4 54 238445
50 52 434315
54 20 368330
42 14 327282
22 18 310453
14 19 260814
32 44 78662
55 46 198114
16 24 600849
17 43 46486
19 46 851851
63 32 286719
10 21 755346
19 63 209823
5 20 918449
57 33 582787
6 64 123630
11 55 253147
44 6 738674
61 22 406557
18 40 103178
29 38 808361
27 47 500798
44 2 676988
11 6 394895
59 62 187440
61 3 579503
42 13 166245
5 57 37162
54 53 972351
18 6 40550
28 34 996556
4 60 791034
1 40 275963
60 50 811328
11 44 707581
58 40 225535
40 17 960204
13 21 626052
54 11 307576
53 28 567613
26 55 258015
37 59 181850
31 59 578113
25 55 205682
25 1 950301
21 58 427460
20 33 277141
31 45 236137
34 35 75827
25 23 170063
21 48 687429
51 21 887231
13 51 335674
13 11 160688
63 35 789872
27 56 410665
31 11 118921
51 41 80886
27 10 333720
14 34 366126
28 54 735005
32 41 953265
31 53 811939
24 1 586990
7 63 606096
54 26 93191
30 56 790161
38 42 657209
27 4 836738
50 17 636323
31 44 623577
60 12 572865
44 42 666037
15 1 481205
60 7 224052
11 60 877581
18 25 869252
34 62 476205
27 25 450928
28 10 385601
63 41 450284
23 36 848759
23 15 951904
11 29 128096
63 24 538022
50 35 971553
62 52 355705
1 21 325751
45 47 962575
29 11 599896
29 9 603840
8 31 258467
63 53 517042
30 63 158798
62 61 319782
35 47 89736
4 44 561851
60 45 42639
50 25 705662
64 53 904008
24 17 274000
23 25 955566
58 23 37922
43 52 703456
56 49 433372
29 20 451722
36 23 668790
30 18 921122
45 4 717626
42 3 25583
49 26 714239
64 49 782935
45 42 564077
14 20 525921
45 11 796561
8 40 914020
18 11 882554
7 41 25164
40 21 700303
33 62 354193
15 46 103083
14 45 67163
36 25 504900
17 38 933335
49 18 543969
1 25 656584
37 42 360915
30 48 218811
41 23 305615
55 56 326988
8 6 186937
50 19 643109
12 55 200125
15 7 863202
37 55 368499
5 55 665739
13 27 173941
31 57 110948
25 33 881531
39 24 236018
50 31 683639
42 16 971338
14 27 365696
10 41 947142
43 13 241596
29 17 45618
39 29 305933
27 59 388741
63 19 835557
60 42 398058
26 32 606611
32 3 986792
41 43 933933
19 55 175528
47 8 737498
22 36 559782
48 31 464874
46 49 816782
38 42 163466
15 19 923427
47 38 650956
23 5 418446
63 46 868601
43 64 61103
19 47 599606
44 4 777050
17 51 247288
58 33 366632
7 6 862417
16 21 756260
51 3 773065
62 25 280845
11 23 396794
3 2 552250
50 20 612456
39 63 559339
64 15 614173
55 8 76477
31 14 192707
47 30 896279
18 16 869657
26 13 217585
39 23 959560
32 26 545865
25 11 668380
64 49 64602
42 49 294312
7 39 855087
3 5 531004
5 52 518233
27 5 740200
51 31 847860
36 5 292363
43 36 425956
51 61 826094
14 60 125086
39 38 583630
14 44 965365
60 46 153273
55 51 9772
16 13 323825
55 64 835791
43 35 375571
53 13 307254
24 63 732146
5 12 229998
34 50 392851
48 63 834878
36 58 632555
28 48 494941
8 63 834666
56 54 5033
6 32 739979
24 20 31767
13 43 909909
63 47 559136
44 16 560401
62 63 208015
59 34 873416
37 62 603959
2 5 401526
43 60 71723
19 1 429706
29 24 800541
51 36 610183
7 34 168373
38 13 149252
54 10 103747
36 11 343913
33 1 220202
37 54 931156
38 32 203625
2 55 4165
52 27 130699
58 60 299071
31 9 964675
20 18 68421
23 22 581992
33 62 113993
33 39 315501
23 58 128717
54 31 397036
31 32 790371
35 19 834941
46 12 272760
44 42 592192
46 61 190802
50 19 268327
26 51 206116
34 19 880458
14 41 485955
26 31 771297
6 61 708800
40 31 302546
36 12 982877
27 56 771974
27 37 703362
44 23 83988
18 48 94214
53 17 518360
62 30 25921
64 56 423519
32 61 398427
31 36 987513
48 7 805125
12 33 183036
17 59 85920
18 38 582198
37 55 770213
42 43 763957
1 40 395283
1 39 309258
31 6 419270
57 36 515689
50 19 949807
54 30 994383
49 46 757962
16 63 431343
6 35 799206
42 12 584016
31 13 666232
49 13 48158
58 44 501092
63 36 250183
39 21 81626
21 10 10999
35 58 293925
44 10 150115
27 15 179910
64 56 961169
15 22 44957
42 36 732991
21 7 799613
56 13 898275
13 38 430391
22 29 989594
16 1 790405
25 35 55263
39 40 119326
30 57 800109
52 21 630770
57 62 509589
56 18 405851
52 10 552296
23 22 296717
13 43 52137
38 58 617833
43 18 849996
9 56 745715
39 22 118955
19 9 537152
4 1 412541
25 56 392975
51 44 793048
26 2 97965
39 14 768663
15 52 908497
56 30 447266
3 38 108954
53 12 312751
32 30 838903
31 34 805751
27 58 462639
41 44 609178
64 6 659995
40 3 887034
27 19 172401
56 52 307763
30 13 188840
41 59 705223
7 49 275109
63 33 17942
40 12 627119
39 17 803465
19 60 365296
21 54 153227
39 38 830978
26 25 568479
39 64 236744
33 6 957838
18 42 517301
57 40 210261
14 15 770400
60 54 483697
4 8 932844
51 28 269025
61 2 293959
63 27 626655
29 1 664542
36 34 407651
49 51 425868
37 43 734323
57 56 192066
25 51 549303
9 54 588798
52 40 411033
21 37 508634
27 35 370548
57 63 529269
22 35 411798
56 19 734984
3 56 570482
53 48 936233
54 8 492059
44 16 525072
41 4 400567
1 24 820827
26 50 584125
14 42 291644
2 63 663774
23 54 691056
30 56 890791
15 44 473239
55 34 241502
17 13 646574
32 54 654001
22 54 532808
49 16 609657
45 29 511202
40 30 418336
5 52 222357
53 17 381836
27 31 114743
49 21 129496
15 37 975397
60 4 273946
44 25 403471
51 9 421662
43 54 182714
12 29 248599
43 34 514762
63 22 232538
10 48 488760
64 33 736012
24 47 950000
60 42 688499
12 35 946503
20 1 69681
9 58 704060
38 17 789478
7 26 97252
28 52 786861
11 43 107564
43 55 557763
25 38 983358
2 25 199250
22 36 334965
28 55 892341
12 64 148782
7 37 653822
44 43 189976
15 6 958667
59 16 732469
39 59 242283
41 19 218449
39 21 883113
56 42 932556
44 6 743554
32 17 571969
14 24 328037
11 3 174735
34 18 349652
44 12 957668
33 50 58654
11 27 810864
27 1 699268
3 56 673198
14 36 195507
16 3 819523
26 53 733531
29 3 862460
46 23 950056
57 58 770120
43 23 348818
5 6 145965
5 10 826223
60 55 955389
31 41 828108
34 43 789147
49 5 78223
11 33 58386
7 14 904552
46 6 708385
53 48 87223
6 52 276924
50 56 165893
33 52 244411
29 18 518435
40 51 611982
2 36 471186
17 46 670130
34 52 959039
9 33 632900
41 21 122676
31 27 520359
26 12 111391
31 44 573906
25 8 797347
60 47 840214
9 49 464377
26 1 436070
11 34 101402
9 42 926778
12 18 715023
63 48 782249
38 9 823476
4 39 632224
21 64 196583
55 59 828310
12 3 349254
4 28 321286
42 38 319143
3 46 763728
60 57 363425
10 56 721808
50 29 632152
38 32 776703
5 52 399870
43 42 52792
64 54 347450
5 57 787733
10 34 527418
48 36 525543
63 32 447711
31 41 900246
46 27 919858
6 64 617937
4 1 480366
46 56 858542
35 49 102322
27 5 151036
61 62 35243
32 36 683178
63 2 694536
40 24 427702
2 9 793019
1 26 451390
4 29 25982
49 10 653365
30 44 144549
16 7 907113
11 3 713446
53 34 561673
30 33 857610
38 8 53793
27 9 202538
21 9 969219
18 12 336991
15 60 789673
3 26 250068
39 41 27994
15 51 739996
52 39 443454
60 5 563358
5 42 607333
38 4 980589
15 24 776693
17 41 442496
47 55 974715
23 57 748244
43 31 865404
4 45 993582
21 29 83675
25 58 108895
2 30 220612
5 10 18514
28 62 818338
4 61 955153
58 55 881639
50 11 574545
16 6 295445
60 52 756340
27 8 660688
53 32 644745
19 33 236134
23 37 808111
40 64 156780
10 3 947944
26 60 230174
64 45 777000
17 60 189230
37 55 627745
24 17 234280
39 5 461767
47 23 121703
20 45 942667
2 21 265226
45 30 624140
20 55 127175
49 54 271987
25 6 992558
6 42 599012
38 1 491060
13 39 268728
19 21 73614
57 40 126331
3 41 929039
12 21 332780
23 40 809058
29 25 723159
15 49 682333
60 54 949318
31 27 829511
18 39 467245
9 57 23618
22 49 251113
16 51 441490
30 62 784230
9 20 710926
42 48 484454
1 62 881814
29 57 608587
34 23 808869
11 21 178352
3 22 740229
51 62 944789
37 15 562034
34 53 544763
53 2 336548
36 39 851492
33 60 565120
25 6 228066
47 42 236873
22 52 229277
5 54 245298
9 40 28784
29 12 770110
15 45 295666
9 33 48499
44 4 769433
16 36 404884
15 60 648921
48 42 218178
57 63 988021
21 3 552426
7 11 280273
54 40 839772
51 54 398280
37 62 795496
23 41 703339
48 56 348878
3 7 55945
28 54 876850
29 46 534384
18 3 690546
59 9 118269
12 62 278692
39 48 217497
47 20 995798
22 43 466494
1 26 481078
14 28 121020
23 55 98033
8 20 165343
56 37 68577
41 31 569385
37 42 180198
8 17 220181
32 63 468649
53 20 6803
51 20 604076
40 34 665351
35 56 355902
19 63 893905
49 54 783733
17 31 577811
57 3 72765
30 11 624717
51 42 599243
27 31 340894
45 17 36658
24 56 551763
30 26 942154
27 44 117384
43 29 95486
31 45 599708
50 38 231966
46 3 303656
58 53 32274
6
8790094
12929967
11729440
25419386
19979583
8282449
18 1210
7 1 413757
13 8 557856
4 10 689377
5 14 820499
3 7 855123
14 9 340063
12 5 671360
13 15 196957
11 17 184681
6 2 409698
8 13 427215
15 2 111954
4 18 515596
17 8 709010
5 4 923429
14 18 561284
16 14 992352
12 2 537621
8 16 360650
10 8 915536
16 13 884178
14 10 443379
15 13 175604
16 10 244679
4 14 168876
18 7 949487
8 4 917810
9 13 566737
1 3 433049
16 10 192706
3 7 595268
18 2 727803
16 14 85800
3 13 877228
14 16 121542
3 1 410787
4 14 208735
17 9 544304
17 1 756873
8 16 368626
12 7 897259
11 6 352919
6 17 16885
14 17 409178
6 12 486697
15 14 30055
13 16 491223
17 12 35479
2 8 12783
3 15 699144
4 8 980772
4 18 990203
18 3 601785
7 14 753025
6 1 206821
2 13 536464
15 7 396545
5 4 609778
17 3 806069
11 5 4741
18 6 200470
11 8 339555
8 5 915519
2 11 550113
13 14 87859
17 16 683004
2 5 302040
3 8 466560
6 17 160214
8 3 553011
14 13 410227
3 1 773998
7 8 255906
16 10 974486
9 10 416238
4 5 910805
13 7 801917
8 7 819159
17 12 642469
5 14 994193
15 5 329159
16 18 405743
3 13 386782
12 4 844289
1 7 869676
6 4 584413
10 2 117540
16 6 117227
2 7 319443
14 1 851185
18 11 267354
15 9 483468
8 1 565991
9 3 602782
16 6 793195
17 4 399914
16 10 425869
4 12 802756
2 3 227828
18 12 922759
10 13 63880
17 1 907095
17 13 943241
17 10 104908
4 10 302900
8 1 339134
15 8 549119
8 1 608027
18 3 986378
4 2 732265
6 10 745505
3 6 758565
7 4 337616
1 7 620683
9 11 753236
9 12 631118
9 15 463466
7 15 966195
10 14 698459
15 3 443964
18 8 202528
4 9 56495
3 8 608646
10 9 652174
18 14 619696
11 18 937082
4 6 407086
9 12 980596
12 3 299879
2 18 445982
9 15 958933
15 18 126418
13 1 442525
1 13 911981
15 7 804539
18 17 385541
8 9 882488
17 11 182366
17 8 144699
7 2 103632
3 18 746401
14 18 188925
3 7 568240
16 13 670284
2 9 609823
11 8 823819
1 13 662057
2 12 196730
9 10 596141
8 16 704939
1 17 983910
17 10 420519
7 12 182871
14 7 340851
17 6 819721
13 14 400182
4 14 810048
2 15 292385
9 6 239660
6 11 553712
2 11 822554
17 7 690695
11 13 443992
17 3 946265
4 3 369784
18 8 133473
11 9 75570
8 18 214397
11 17 465716
1 12 421973
9 5 878491
15 5 271879
9 15 848137
15 13 281597
2 16 534777
17 13 704490
17 6 200602
16 11 505451
4 1 49960
15 1 664531
14 15 651261
16 13 694087
12 1 385834
6 7 56549
2 13 97047
12 10 787369
17 12 36908
7 12 17196
7 9 979550
5 2 847525
11 13 110341
13 10 161388
10 9 177255
15 13 722744
9 13 485864
17 11 692110
8 4 223345
1 3 460257
10 15 302234
9 15 290854
3 11 930735
10 2 264702
11 10 500854
16 6 793554
3 12 183300
18 10 876766
12 17 607139
12 16 871060
16 5 114530
7 11 205524
7 13 439562
1 2 318636
18 13 774631
3 10 439270
16 10 60811
5 10 575651
4 1 120785
6 12 338662
12 4 909640
4 13 596598
16 15 730642
15 10 182404
15 17 138025
12 6 715187
16 13 290837
17 13 411622
2 4 266635
9 11 737379
10 4 611346
5 1 683680
17 16 535699
6 17 315192
2 1 619087
7 9 864840
18 14 929216
12 13 903001
16 1 689959
6 3 888267
9 7 480016
5 4 532066
16 13 999065
14 18 888090
10 2 777237
9 13 706452
1 5 125804
14 6 815763
1 6 220381
7 10 956531
11 15 629703
14 16 647670
6 2 225539
14 16 275115
13 2 333939
6 13 352651
10 12 155900
13 6 16462
17 6 698512
8 12 13766
5 6 537285
18 13 522572
18 13 284818
2 8 959461
14 3 894988
13 8 53318
11 15 337452
5 10 437347
16 8 273975
14 13 67132
3 17 6344
4 15 109576
9 14 438347
17 13 268450
3 9 256090
7 1 794123
2 11 907328
9 15 68095
2 11 384750
16 4 761954
5 4 100737
16 7 317839
4 14 361770
2 10 552776
5 12 682324
11 16 600704
3 18 144215
8 6 985107
4 5 172547
3 2 372342
17 5 114610
9 2 936634
13 5 910043
12 4 803302
3 9 92224
1 17 671795
16 17 628038
4 7 782052
9 8 120238
1 11 400220
17 9 205480
18 15 58713
5 9 585848
6 18 225229
13 18 278011
14 16 483931
11 14 669816
4 17 710288
3 5 222497
7 4 74841
10 2 29273
17 1 186529
5 3 897151
16 6 6556
13 1 616576
13 12 893181
12 2 437076
9 6 425179
10 8 842595
18 12 378224
15 3 371703
1 17 970345
16 8 96115
1 12 219197
17 15 620290
9 15 21665
10 9 92855
13 17 907036
1 9 427361
12 5 538879
13 17 196022
9 12 39693
10 7 780514
9 5 527891
17 4 408195
18 12 181680
12 1 908592
12 7 513508
2 16 994265
4 2 140687
1 7 722420
12 11 502413
16 3 894873
2 3 506530
3 18 738475
14 7 508437
13 4 403956
8 15 690159
1 14 920074
3 18 205219
2 16 202738
7 9 723596
1 4 541320
4 3 886935
3 6 157096
12 7 661915
15 11 812232
9 3 476056
4 8 650497
1 14 481976
16 9 35874
4 13 608536
7 18 559719
8 6 533783
13 9 762674
9 18 500000
2 14 641282
17 2 989074
13 6 256939
11 6 246375
10 4 954899
11 7 903371
17 15 215763
4 1 413079
11 2 837999
10 8 924834
4 7 340253
11 10 9933
3 16 772659
10 17 727558
2 5 630928
11 14 24090
7 14 310330
10 5 714563
17 12 155748
2 17 496000
7 3 244078
14 11 534126
9 18 397175
7 17 352746
10 14 9375
5 10 959483
17 7 220502
2 14 587809
6 12 528698
12 14 233508
13 18 174960
7 13 126345
18 4 850388
3 8 301988
4 15 417219
14 2 72892
11 16 38894
12 17 167989
18 5 972049
16 14 140474
11 8 414321
7 14 133129
11 12 170148
8 13 490927
2 5 725615
3 7 919785
16 14 850808
15 17 369640
17 11 449873
12 18 247261
1 6 735961
13 2 351005
6 2 816436
1 7 100206
13 8 801195
3 9 91427
3 6 904200
13 18 401314
4 16 870476
10 9 996463
6 8 536770
9 2 210206
1 7 570141
3 5 267721
16 15 148144
16 18 883922
12 16 198880
13 7 64573
4 15 61035
10 4 114157
16 3 324362
14 9 894502
16 11 678574
14 6 826717
9 3 226991
7 2 312522
4 12 326980
14 4 820966
15 5 245237
16 7 427130
1 14 655641
7 9 714503
18 16 736624
3 2 523198
5 12 165652
6 15 84537
15 7 197519
17 6 891424
6 2 646364
18 9 568712
4 1 92641
1 16 829264
3 16 868814
13 11 953042
6 5 994540
8 3 857003
17 8 23611
11 5 34542
8 13 603253
1 8 642150
1 2 586581
15 8 726099
12 13 195944
18 7 51814
17 10 548288
6 17 303235
1 14 75610
11 4 110651
2 11 351837
8 11 971162
15 12 683128
7 8 224357
16 17 667103
15 14 144313
4 13 773229
15 16 267719
11 14 2856
13 6 657707
17 7 780436
17 14 596310
5 11 516669
10 15 719382
2 12 40974
4 14 537483
16 14 693502
12 7 312970
4 12 970677
2 1 267464
17 14 380125
1 4 896794
10 17 616175
9 8 173501
12 14 926172
5 2 217335
1 3 868323
3 16 785300
15 14 667484
13 17 579720
8 14 493170
10 1 90961
8 15 113801
15 1 228792
4 8 530578
4 8 398901
16 2 989077
12 16 557567
7 11 130021
1 17 608675
10 15 215987
15 9 846139
9 10 74930
5 4 418513
7 11 333765
2 11 322841
13 6 396760
18 14 526780
1 17 147664
15 11 41451
11 7 36743
17 9 368680
14 5 797272
17 9 942894
7 1 217520
15 17 121730
2 14 159487
15 4 69511
6 11 911301
16 10 978469
13 15 120566
8 17 434190
4 7 893435
9 7 110954
5 4 749036
7 15 908522
1 16 494385
10 9 465031
12 14 892620
17 9 513825
9 2 386985
11 9 432740
2 11 36896
8 1 565923
12 3 826308
14 12 325826
12 4 615361
2 15 111518
13 18 518976
1 12 937607
2 18 476803
9 5 450188
17 15 833359
17 13 327484
1 12 86996
8 7 271382
13 18 433799
11 17 577599
16 9 646722
2 10 713317
14 9 683249
16 15 602271
17 13 558189
5 11 596381
5 10 460880
12 15 572893
11 9 524874
12 17 744545
8 12 536339
4 13 634502
8 6 571767
12 3 816097
3 1 330350
5 4 442056
2 8 655393
9 1 208229
3 10 459093
17 1 23345
9 8 12503
11 9 978245
1 17 341827
17 10 580049
11 10 175804
16 15 962449
14 16 783820
18 4 243264
17 7 612163
5 3 324315
8 11 473671
2 1 739655
8 1 802881
18 15 895653
15 8 103888
8 3 502128
4 16 203105
7 14 151347
10 12 952449
3 14 614933
11 1 399695
9 2 359425
16 8 644978
2 7 311766
14 1 692239
16 8 116746
15 11 543693
10 17 112122
6 7 546613
8 7 822611
12 17 479811
15 2 893931
4 15 403882
8 5 809486
9 17 318977
14 16 846947
5 9 61670
3 16 944091
7 15 295312
13 9 745113
10 3 110960
17 15 352584
1 16 722832
2 6 437550
15 12 844507
9 7 884560
16 11 984658
11 12 680526
12 18 955710
17 11 569856
18 2 663812
3 16 255781
8 14 768616
8 15 273541
9 12 717362
11 18 516513
7 13 519501
10 4 888842
9 15 795264
2 13 29870
3 10 844807
3 13 943286
17 18 768293
10 7 691005
7 16 69964
14 6 707794
10 17 72480
13 14 889820
10 2 870112
10 9 231270
12 3 690907
10 1 459199
2 5 666556
8 18 736519
1 6 960664
11 15 444808
7 14 389140
18 4 454295
9 13 596216
2 4 515960
18 16 58249
14 5 904033
5 6 6151
2 11 205937
14 12 738284
6 2 755350
9 8 844896
4 7 824261
6 13 982847
7 15 147206
1 14 873111
11 7 939410
3 11 926269
17 10 687398
13 4 793865
12 9 398660
8 17 592513
15 18 453107
7 4 304334
11 10 532656
16 8 885695
1 18 538005
6 18 948786
14 17 817295
15 9 363700
7 3 65016
18 8 882402
18 4 721350
3 10 36153
2 18 455730
18 3 113193
15 13 628116
15 16 69308
13 11 197896
3 6 153053
3 10 990516
10 11 936844
11 8 336278
2 10 40045
17 18 792819
14 17 431287
6 13 607759
2 7 249369
13 1 224625
18 2 563580
12 2 483903
6 12 802980
15 4 843405
6 4 919983
16 2 968642
4 13 513342
10 17 757024
8 18 518349
6 12 237843
12 9 667488
6 3 125352
6 8 283643
17 2 980902
18 5 595319
8 2 994873
15 3 782649
2 12 555489
4 1 533791
15 4 274870
4 5 579529
5 11 8364
3 10 989266
2 14 584584
9 13 95808
5 15 878457
4 6 950297
3 4 924509
1 8 516281
4 2 638700
7 18 357903
10 4 763247
8 7 331876
17 8 942619
6 15 481645
10 17 660645
2 3 622596
16 3 634586
18 3 180365
13 5 1014
12 11 401192
15 18 169459
9 7 897357
11 5 536183
7 9 957215
14 16 373
18 17 51623
8 12 770305
17 12 785052
15 6 27746
6 14 479293
5 16 287798
10 5 460882
12 1 60232
2 9 657579
15 13 431923
11 4 345214
5 12 893090
16 3 621330
1 18 350584
13 3 481029
4 6 297285
1 15 10897
8 6 777043
1 8 984051
8 4 707783
14 15 999490
5 17 61502
8 17 329956
8 1 751328
8 13 651993
13 3 840455
7 17 6150
13 11 748429
18 11 148286
1 6 496417
13 1 189761
11 8 292546
4 16 16660
13 3 607710
17 8 196141
15 6 332895
12 13 48893
4 3 840592
13 16 880033
18 6 27851
18 16 277628
8 3 386373
3 7 857778
3 6 564158
10 18 438882
10 13 670413
17 6 908094
15 9 894202
13 3 61300
9 18 208461
17 18 61735
16 5 207553
1 5 886383
16 7 689275
11 16 171954
4 8 769192
3 4 344895
14 18 605420
7 10 724820
8 11 447145
12 9 85281
12 13 488016
7 17 177290
17 14 865595
15 3 727178
15 14 758254
2 18 815695
10 14 812239
15 4 775735
1 6 983810
7 4 339190
8 15 382810
5 8 764757
5 7 915895
5 8 928279
18 7 546083
15 14 405058
8 18 365318
11 18 7128
16 9 541028
18 10 240984
16 18 726318
12 2 901461
10 6 958481
4 10 259031
10 7 317833
18 1 192330
13 9 395417
6 1 890590
13 15 853221
8 14 671392
17 9 189213
14 13 253941
17 11 897576
8 13 953138
12 4 71133
13 7 110538
3 8 998907
1 7 927108
15 13 396335
8 11 106546
17 3 59425
18 15 913765
9 13 242938
2 1 831140
3 12 737175
2 6 351892
13 8 362025
9 7 262747
16 3 533042
13 11 991080
8 7 154682
2 4 171018
9 12 852535
8 12 260603
17 12 588364
14 11 458998
15 3 282461
3 12 624453
17 7 609710
8 1 319382
5 6 349388
5 8 225927
9 4 138709
18 8 878539
11 8 871896
2 9 217144
4 1 924416
13 14 410787
2 13 430198
2 18 440689
8 11 122213
13 5 974754
8 11 679830
8 10 161859
6 1 748604
16 2 794346
1 9 700626
14 13 111923
6 4 741040
3 16 731487
11 14 802549
15 10 136332
8 7 608823
15 11 476205
13 3 731834
14 4 720958
17 2 150850
12 13 991528
10 16 262404
5 16 973967
5 2 741583
12 4 903420
16 12 99482
8 6 597543
10 15 326518
12 7 9326
13 6 392759
6 16 404466
3 9 157213
1 15 641446
6 17 444579
8 10 900396
15 7 448684
1 13 505879
15 4 811260
6 15 837598
10 8 531137
8 13 216204
14 13 163674
4 11 85111
3 17 330641
1 6 225147
3 1 773337
14 17 658133
10 13 343763
3 16 572447
18 7 241660
3 15 905838
18 8 306041
4 9 317103
2 11 276881
18 9 410605
4 11 138045
13 4 75035
17 14 819117
3 14 729512
4 14 782843
9 14 404571
9 13 999162
17 14 723828
1 15 736366
18 13 481354
2 14 375541
2 8 383960
2 5 496139
12 7 72393
1 10 917614
15 1 595643
3 7 322683
16 5 746057
1 3 983577
10 18 365885
10 1 118127
2 18 46342
11 1 292312
16 12 716151
16 11 406656
11 5 605488
17 8 218484
17 5 68036
11 4 987599
18 11 254052
18 2 278001
12 1 197488
9 17 77571
18 9 151032
10 9 658458
15 8 761526
4 14 703628
6 3 391787
7 13 96226
18 5 650197
1 13 354999
18 2 106142
11 8 665948
17 8 458257
2 15 657221
15 11 978024
6 12 517311
11 16 124634
11 4 752258
6 1 150286
1 18 826314
7 17 732534
4 7 242653
15 5 69126
17 6 476311
7 18 546959
11 13 564805
8 4 926852
9 6 385123
8 11 9943
7 9 506113
3 8 624776
9 12 409387
13 8 168605
18 16 585044
17 14 495858
1 4 407630
13 9 476740
1 9 748659
11 17 763795
17 12 703045
6 9 119051
18 3 642025
5 12 85914
18 7 406770
11 6 838522
16 5 90732
16 2 905190
1 18 741416
15 11 444460
3 18 79862
18 2 721886
2 11 324151
17 15 247272
9 2 602145
3 17 469927
2 5 530170
5 9 221470
8 13 856042
10 12 935903
7 11 174141
6 2 498291
4 16 745563
11 18 347707
13 14 817633
16 1 627804
3 14 86750
11 7 127408
10 15 90714
13 4 40493
18 11 900899
18 14 607184
14 2 990284
13 15 822200
6 15 601346
6 17 556684
10 6 803377
1 2 410442
14 4 967286
11 12 868185
8 7 149228
3 6 7957
3 13 364627
16 9 140992
2 5 214027
3 7 396214
6 11 99134
6 13 695181
9 2 603905
18 10 515798
6 14 412799
10 14 589525
4 5 877331
16 18 126553
9 1 481348
6 18 215621
16 18 791326
8 12 772712
10 15 411041
17 6 652998
12 16 589415
6 10 243279
8 16 920436
7 13 254937
8 14 287111
8 1 231851
14 5 926320
7 2 310781
1 16 807997
7 18 599901
4 8 178096
12 2 939913
9 10 122485
3 8 492622
16 4 534146
14 18 274937
10 13 839758
11 18 177289
3 18 442213
11 4 360134
9 8 900173
14 17 167139
6 7 387244
5 10 345933
10 5 624436
5 1 134790
12 8 469922
5 18 368887
17 2 723699
7 10 942168
14 1 844905
11 12 842043
7 18 253750
12 2 10393
4 11 40039
17 14 815571
12 7 123418
18 9 406251
2 7 491202
4 14 669916
10 9 574996
2 17 868185
13 5 522100
8 16 175577
12 1 804886
2 18 493227
17 2 98274
7 15 715560
11 6 89247
4 9 405102
11 8 82214
9 3 117720
14 10 406975
9 1 706622
10 18 562659
7 12 234267
15 10 29293
1 14 746921
18 14 206118
7 14 167838
14 13 676726
14 6 502509
12 6 335743
3 5 898401
7 14 132668
3 5 678312
1 18 425232
6 3 897333
2 12 764531
13 11 85469
7 3 277386
12 3 829679
15 14 950628
11 14 928766
15 2 290023
18 3 33583
12 16 577397
15 9 897110
6 7 206334
6 17 309045
15 1 655075
9 13 605703
17 8 50820
13 8 340843
11 10 890777
11 10 729091
9 14 561113
15 1 142016
1 18 606934
18 3 181648
2 15 852315
12 5 388385
2 1 803016
8 14 875415
6 4 582470
16 14 647970
2 4 290865
18 16 347222
4 17 93559
3 16 976234
1 15 81988
13 8 675743
3 8 325455
14 15 530188
15 18 921671
6 15 842649
3 15 28392
18 7 592801
16 15 6598
11 8 118394
5 14 598856
12 4 951350
1 12 139563
13 14 203191
10 2 365641
5 2 176059
1 4 793694
12 1 274902
9 16 849669
6 1 434058
17 8 452435
2 15 166498
12 17 653864
7 16 849348
6 16 611242
6 2 526930
7 18 228555
7 3 39333
2 1 856708
7 5 825180
16 3 876155
16 3 911183
15 14 85774
9 2 463555
10 7 206976
15 10 126455
2 16 872332
18 4 893111
15 12 124751
1 2 781778
2 14 923944
4 3 232606
15 8 711484
16 8 39709
2 5 495527
12 1 994626
7 13 722280
23
19949816
27489265
6861072
15229724
4112958
19985823
9297099
14078183
28283952
24283706
17435915
27207895
23080985
7704829
12956853
22345375
21059516
4668336
14930390
5394109
23224397
22357345
17419325
86 1331
37 59 646889
73 83 728422
17 26 11271
49 10 443494
40 51 325481
40 49 436106
85 22 665001
37 49 813192
73 51 922123
74 11 451858
76 40 875345
29 26 392901
76 34 965824
62 83 502315
67 28 268821
61 68 997005
23 79 817730
71 8 826153
27 32 739306
29 34 713437
68 16 367161
85 72 265658
33 59 175426
21 56 528686
48 8 240131
21 9 871328
79 31 200230
78 7 825971
64 33 890187
29 61 406260
62 43 314029
28 41 614698
70 65 397542
79 85 166349
76 39 236681
32 59 304017
54 43 93001
51 27 120181
56 82 969165
6 17 567029
67 78 348931
49 11 545836
16 72 236262
33 64 601723
12 46 571471
84 77 277817
78 36 600404
8 1 356960
30 56 406341
84 53 455149
18 33 249524
47 12 93322
32 85 34298
10 71 657975
55 1 34684
37 68 715409
73 5 5486
73 46 415743
34 82 311516
86 49 290670
24 76 618754
10 36 9025
11 60 635557
44 61 380164
81 21 696240
28 57 806485
37 43 33485
52 21 133796
3 54 640448
28 45 602248
71 68 813571
14 77 181521
54 1 540640
7 37 730226
14 31 253832
29 50 453988
18 86 932587
2 52 718405
32 54 609431
41 73 161157
12 58 445677
58 71 529227
46 39 21482
85 37 440386
20 50 476618
53 70 164861
57 79 704173
17 81 132742
67 18 866311
85 58 732747
62 69 539072
20 32 387687
46 70 320319
73 68 972525
42 2 724468
41 46 272387
74 16 455472
28 24 307206
17 5 994089
59 3 123864
79 64 331482
71 83 430513
39 35 602478
45 21 904368
71 55 582759
60 1 891482
32 74 317230
75 15 276235
26 23 3255
80 81 140424
19 66 816193
10 50 508944
33 2 747902
68 17 672462
36 75 800161
37 7 716598
24 40 88507
31 10 283972
53 63 473526
40 32 303294
19 64 980896
60 77 572658
61 46 283249
12 28 414560
25 63 128628
19 5 250530
36 29 689661
34 59 405027
66 17 156351
83 56 531746
32 74 239685
69 47 456568
44 13 937703
57 16 489738
78 40 960097
79 50 713597
9 78 797313
63 25 677449
33 82 823026
65 78 637597
34 24 191999
67 84 730713
82 42 92262
56 4 578577
50 73 345769
12 65 193996
56 73 872561
51 42 437266
1 66 204785
62 45 648645
7 70 588490
9 50 5215
57 37 955126
24 7 270527
7 48 333273
21 51 788344
76 20 886268
37 62 349411
14 63 66447
72 38 710077
82 23 763152
38 78 458729
74 9 246566
80 22 129332
33 12 841514
83 75 780396
9 31 75486
70 27 840545
46 81 810388
84 7 945228
25 3 184908
69 32 429803
67 19 146176
10 5 133075
38 37 453246
77 26 78113
12 34 589247
77 17 966143
53 55 925838
23 44 79256
20 68 561072
39 42 171279
42 22 413518
53 24 367370
69 61 276208
18 43 925533
26 55 872920
64 37 827093
43 4 227259
86 18 164248
57 37 919995
15 67 806709
3 14 250412
10 58 530375
13 40 775929
45 50 344940
15 75 501450
11 53 870000
23 1 774783
81 86 26186
10 48 602140
84 62 687553
28 65 712226
72 66 338688
52 79 216363
85 37 282146
74 43 646853
23 53 383377
8 75 6917
75 61 410606
64 62 706403
4 60 971733
80 79 861521
5 56 338340
66 22 253208
73 20 882332
42 85 183949
86 21 547329
2 28 766862
4 8 135212
83 72 783924
46 67 665695
54 60 587233
40 56 798951
5 28 863926
41 14 558087
18 55 226373
38 47 886585
25 48 925074
78 44 600272
19 40 971067
14 77 639599
60 44 293420
13 83 161107
13 2 581348
26 34 803209
58 51 108836
2 3 661432
44 19 328021
27 10 148224
10 20 48998
56 34 220392
82 7 150492
73 11 217168
26 15 275113
83 40 61182
60 11 974059
5 4 230395
74 47 861167
10 66 665940
76 67 263573
9 37 470694
10 24 952997
63 11 297713
19 28 336498
53 16 449627
43 75 162484
75 71 250495
15 50 83894
59 52 104105
26 33 911399
12 41 993195
16 42 505443
26 19 741561
46 29 862656
73 81 966427
54 29 856084
37 9 156812
72 40 340269
29 36 208378
61 13 856412
7 17 975139
48 45 46862
58 83 932649
86 46 671286
73 17 343197
7 62 693943
16 83 811535
38 60 13021
25 2 318610
44 54 51950
59 60 778485
3 14 526813
58 71 533054
73 63 918301
58 41 269975
18 47 477732
6 62 842301
8 6 253264
58 30 451674
50 65 341791
53 30 360215
65 32 376142
44 4 743748
3 68 35708
7 39 416418
28 48 572363
15 45 849692
85 52 870153
43 16 490366
80 65 951413
84 23 593352
54 2 424025
37 45 490294
5 39 724807
26 45 831553
2 64 153728
16 79 385274
5 69 854078
86 25 89511
15 10 926535
1 8 900747
24 61 306984
71 12 188410
18 8 78078
41 33 410641
85 26 939720
5 41 175752
79 61 418843
9 83 344085
19 83 220740
26 20 207097
78 35 617479
81 9 518155
80 12 659989
27 60 633375
44 78 276841
85 1 305581
36 79 704749
72 80 709780
20 12 124992
63 29 957303
28 12 612950
62 85 457006
28 78 379139
5 7 729724
82 85 984342
82 29 771981
67 26 978462
60 19 529027
63 86 816684
5 79 311437
8 20 940020
6 47 86758
84 77 893483
7 81 849935
60 76 83228
17 72 654804
9 44 931129
64 9 433585
45 71 577385
2 67 678487
64 66 908890
15 72 79946
72 61 662844
61 67 957655
55 33 785926
40 41 595903
46 50 829570
76 19 510452
39 63 601956
71 56 994396
17 33 513620
60 48 294673
55 25 296955
40 85 963867
12 46 25133
60 77 465094
84 28 572081
66 18 324555
47 48 251544
5 32 169729
28 48 423252
31 13 435779
11 67 294067
59 12 407952
72 24 627367
22 83 551891
13 80 836329
45 59 444512
10 12 810025
21 16 993900
9 43 707327
14 74 342843
58 84 13097
41 49 864580
14 26 371299
24 39 319179
24 52 304123
44 10 672051
81 11 449768
71 31 722877
84 32 518478
58 45 833837
36 9 479978
72 49 270208
34 62 168393
26 85 748722
7 14 443583
67 58 374112
5 44 348513
41 21 651031
5 18 935044
82 68 656507
60 9 251197
28 81 529533
35 28 932170
60 45 86474
37 51 544335
57 23 658434
86 28 905986
32 68 64310
9 64 643657
16 52 867706
60 25 595651
18 52 356939
32 1 16150
5 52 460934
62 2 494119
47 58 485233
80 57 73624
71 81 741763
82 3 212527
25 18 4392
26 70 951194
36 1 49264
32 25 52456
55 21 645515
29 83 577162
45 35 323683
75 28 742837
47 5 699489
85 86 361021
85 16 146125
50 34 711306
40 69 340464
81 7 563132
20 53 311479
18 81 188329
9 31 221665
49 20 586272
59 66 704488
66 54 186263
73 62 571330
20 45 940295
81 29 842171
1 20 829206
53 40 945403
63 62 400992
17 73 503616
76 52 724455
45 14 365076
4 52 403405
66 61 685072
24 16 135008
44 42 584136
64 2 395881
9 56 361896
49 25 284305
36 41 483170
7 22 352173
36 58 26762
51 62 920317
45 41 868850
51 56 274029
58 14 37730
58 77 630637
24 77 685299
21 39 927777
71 67 407815
30 73 917995
33 22 983088
40 65 488889
13 15 434611
38 65 563477
70 29 991876
49 86 366626
22 15 678726
50 27 623857
86 11 603009
76 33 636149
80 65 447733
64 10 402835
6 14 453915
75 43 253342
19 26 968826
62 67 700855
1 2 328957
8 43 247731
54 42 708777
72 31 227969
77 17 157479
9 80 40421
83 77 280758
85 57 780045
58 75 328660
59 50 964334
59 42 350407
65 50 655825
11 9 324716
46 73 281247
26 63 443411
28 23 638787
10 82 617313
67 4 849181
55 38 82577
11 43 16828
44 50 796386
85 4 307323
8 86 559740
72 26 40125
48 60 194341
24 79 905329
74 2 380723
36 60 668864
48 29 285665
33 31 866800
60 74 314693
65 73 418410
73 72 363195
32 57 105578
25 10 807723
71 25 820515
46 12 237857
16 39 749518
75 1 786374
78 25 479574
29 76 510816
29 54 889182
32 41 476885
27 72 657683
46 2 973028
31 65 537094
85 24 21371
47 39 526819
69 19 935323
24 10 813107
10 38 209702
61 58 921494
40 18 169412
17 72 993497
11 41 141657
67 42 626684
4 46 349566
34 80 338318
44 29 629796
54 79 400847
83 33 715417
55 40 919168
50 71 116155
71 1 970824
43 11 314872
38 77 712365
31 72 131228
70 11 76909
84 55 474265
35 14 201080
3 2 137596
15 56 511957
38 11 658473
70 73 577359
79 22 589326
50 59 431804
46 81 229686
1 64 876042
27 53 700990
74 1 757355
27 81 752879
4 9 750446
12 46 200961
4 29 306537
74 21 544320
69 62 88670
39 21 49918
72 13 293982
29 32 675530
33 19 308007
41 37 624961
51 40 341810
23 51 894071
83 46 881548
43 33 275062
17 8 938542
48 46 67998
66 23 794659
53 51 228136
6 75 359046
46 30 872116
73 72 421293
22 8 551237
8 82 404068
23 39 589848
51 47 181551
54 86 643684
69 65 205932
3 23 744337
54 29 992591
29 66 675346
48 44 94536
12 65 967901
18 73 12755
69 9 51985
67 51 629911
71 18 351554
19 79 783185
82 73 218783
16 33 850231
25 61 469183
54 23 249654
69 26 500751
84 44 665599
86 26 109393
40 6 623548
32 69 146603
31 1 779261
79 82 799828
64 4 985494
76 28 662600
60 81 219614
80 56 626884
86 53 402941
62 52 500908
46 83 994282
81 28 64612
40 50 388286
68 35 654883
83 12 125092
44 79 791503
66 45 362166
15 38 415263
76 29 435047
86 4 917920
36 49 464922
69 36 673259
84 67 443540
83 48 42598
77 45 205567
75 80 815382
5 59 341224
16 66 516395
74 55 390701
12 55 597036
79 82 277496
56 64 55629
52 53 78037
12 49 156685
5 39 91399
2 19 867672
69 24 664457
8 31 701366
62 19 121634
58 30 811850
57 15 821977
2 70 597240
69 28 751306
21 39 639756
21 35 950177
49 28 807659
79 10 487354
65 17 900483
38 78 945955
57 49 58816
37 11 673338
11 5 770794
41 65 24441
36 85 394171
72 12 406229
52 60 298887
50 44 887524
64 22 29717
22 51 725506
76 22 398297
65 50 645123
61 60 743481
40 14 265351
46 42 805122
82 27 3125
58 78 983462
70 33 613806
84 10 558611
28 23 519244
41 12 133689
9 69 213796
74 43 581541
56 74 866869
9 33 821084
46 20 83942
8 69 121971
13 45 742829
62 42 950223
39 61 160985
66 7 321071
20 16 489295
15 3 338995
69 50 640964
43 58 935994
58 17 618255
5 16 93975
21 29 178393
62 4 275384
62 20 346251
69 10 848756
76 68 565056
78 74 379249
41 59 576661
13 76 595157
21 18 213945
37 21 954704
65 75 438291
60 69 388452
86 44 499597
4 18 964517
12 7 918730
41 76 211938
53 23 146108
14 27 532624
32 47 537393
54 83 636137
3 53 429626
5 19 498498
40 10 982033
1 5 787307
57 16 503835
86 57 48701
9 15 442735
69 28 43165
32 59 381439
4 19 133648
75 13 169390
48 18 132878
3 57 1545
79 49 637994
79 19 407331
78 11 358261
58 11 870032
60 71 552007
2 16 999344
76 12 425986
53 86 302988
75 47 584993
12 41 627748
53 33 996256
4 18 622331
56 1 424701
71 50 648007
6 23 922006
54 24 295671
67 5 790044
4 58 557613
48 38 544355
14 49 732415
29 7 103826
85 10 478597
73 58 844211
63 34 249368
63 39 169506
40 84 131437
33 57 65655
28 60 73104
31 13 323173
71 19 981444
66 39 533108
85 37 648864
27 23 736041
55 77 636548
38 46 253120
43 85 621411
63 23 773469
1 51 102575
75 73 460771
5 49 916699
62 20 98106
48 18 33950
27 36 830211
63 82 427939
38 33 991494
51 67 959233
53 43 626825
26 36 267963
50 16 989315
78 12 302532
39 74 456379
30 27 71035
49 53 625094
5 21 995472
30 58 398830
13 14 37379
73 66 558905
70 5 29064
22 46 4607
47 38 841411
26 68 520918
24 11 608940
40 51 721636
84 56 144102
37 77 480181
14 81 15696
58 68 888409
59 43 355438
78 64 35707
27 16 422692
81 41 433091
28 65 648657
1 10 168748
18 7 790869
55 35 459311
55 49 714623
68 12 483334
52 70 424972
41 54 323852
68 80 652935
37 66 231106
74 85 547446
26 77 156637
29 8 716478
79 54 706086
25 14 556996
52 81 306586
59 46 30111
15 79 756636
26 60 7119
60 10 139322
41 75 190514
78 15 769634
47 43 114669
14 36 369720
7 60 14967
41 17 582457
8 76 993303
28 82 86589
24 13 930726
4 64 948405
50 19 572718
7 2 968672
41 48 821366
73 53 888965
73 60 179835
85 6 892245
84 13 25882
42 32 522069
70 55 221009
63 51 259285
65 6 900705
56 12 692714
53 52 308302
7 39 947592
73 25 349375
19 15 70646
68 12 934342
11 45 970574
28 20 452328
56 82 386724
62 61 945787
78 22 836383
10 67 311792
67 73 35740
82 51 861594
71 62 320673
56 43 995432
54 45 879175
83 72 607544
72 42 78562
18 17 273336
54 1 248231
16 2 520975
22 60 880229
57 55 731310
23 31 803107
3 1 955161
72 54 762409
6 42 263273
46 19 646056
81 36 202746
74 82 834048
10 3 716323
83 16 674224
55 73 171695
78 1 41757
68 3 871409
6 66 111344
75 72 215783
43 31 153406
44 17 827287
53 4 183214
63 5 573921
65 1 827550
41 56 496194
71 39 441446
45 13 500330
20 10 151926
39 84 791759
6 32 543725
85 67 486385
19 26 893074
35 80 528374
45 58 913261
70 12 411610
74 82 303786
85 33 360192
5 44 85044
68 74 208045
30 79 541525
14 77 215185
14 10 980828
1 36 639797
78 72 424767
62 55 42664
7 42 148832
69 33 785026
56 29 339007
53 10 922118
48 39 750143
58 52 492837
48 57 461136
64 57 838253
72 40 747164
44 16 499067
28 14 106506
85 82 10928
80 52 745366
40 18 429041
65 57 402767
83 28 210268
6 76 337928
15 53 711524
52 30 859430
73 74 662201
55 15 596854
71 5 934472
24 84 584301
6 37 598680
74 7 218359
9 4 501212
72 9 146073
12 23 166473
85 74 685857
26 61 645342
60 21 603944
14 5 194142
57 21 717313
57 26 28815
66 13 50765
46 21 49658
54 85 34682
42 2 434269
83 78 635726
59 10 869866
22 61 635755
85 74 556249
58 44 642277
28 6 155556
26 72 8775
38 31 637403
46 84 251709
61 32 705972
5 28 711716
23 78 161073
84 13 199891
2 3 941377
81 52 320000
7 79 952766
45 18 922001
1 47 446063
55 84 58869
22 59 906490
59 55 671751
2 69 556860
40 67 207158
53 60 226588
45 54 358347
80 53 803395
35 11 106898
53 3 319620
8 57 523924
38 70 754490
13 43 445586
15 36 749291
78 76 51821
67 34 472578
50 78 600516
84 71 77910
16 12 576668
43 64 105564
22 63 334704
85 14 515798
6 30 995692
41 8 116927
22 44 445319
55 61 516650
41 15 433809
48 26 10476
82 81 632391
18 58 483447
8 71 999244
34 3 354059
55 34 950235
54 57 318485
11 51 738465
71 17 914859
15 49 872347
73 11 137432
69 6 609560
11 15 183297
19 15 328428
6 48 904874
76 16 477011
7 69 682427
45 79 333162
51 55 16898
79 69 163312
35 56 38180
16 38 981470
78 40 169120
16 59 850050
17 56 511315
28 46 569204
65 52 771056
71 10 366974
34 52 595991
5 37 814005
25 71 971178
54 1 561633
81 70 766817
29 77 37471
76 8 405542
85 27 741441
14 5 995402
4 68 2261
71 7 500483
21 12 953981
40 36 202397
19 81 415867
28 68 203950
76 2 749943
2 77 414976
69 67 587570
2 73 777441
71 76 667014
56 60 589450
84 81 594351
62 26 845028
16 36 896013
57 55 212422
72 36 996079
70 37 613385
75 12 575656
34 41 329741
15 34 855432
74 33 914309
60 36 927166
77 73 142420
19 3 773540
73 86 124961
23 6 226325
51 73 742663
62 34 879275
74 59 793327
63 73 374392
12 52 61259
37 18 375180
36 86 534128
51 18 589089
36 5 372822
85 27 668986
23 77 578534
43 45 580089
60 24 550089
30 78 566547
34 4 792376
62 32 555029
39 67 160501
80 32 413562
30 59 597634
74 49 372418
29 71 713255
48 20 898425
6 79 701534
26 8 149937
21 37 10790
52 84 246822
32 36 16982
55 5 376229
20 65 108298
60 48 25704
45 14 37995
56 24 146726
40 58 805545
53 83 547262
6 9 597707
11 60 686828
55 83 452801
84 44 632335
56 63 925855
8 36 108145
65 72 3688
76 33 314008
5 64 809509
26 23 790037
45 28 842197
15 38 335422
60 84 800082
62 81 586257
61 43 669977
29 42 778185
45 12 66002
75 1 408451
26 84 828780
42 15 677332
38 51 136747
42 66 701463
19 31 167356
62 85 2353
71 59 131737
47 1 663806
51 46 624263
41 26 567456
55 51 672813
46 84 229527
60 35 333915
6 76 550980
68 86 83901
42 61 901829
2 37 637099
82 84 248269
31 48 327132
77 2 393727
30 48 245709
58 8 241642
14 59 655210
21 56 844961
84 30 146316
84 71 392061
4 64 652099
60 51 629112
31 81 584932
30 63 618263
55 85 653909
35 56 487944
13 70 346756
16 4 334387
1 79 185004
62 77 65962
4 80 495965
69 46 606749
44 68 578471
59 11 35394
68 65 544972
38 14 812721
7 18 551816
26 25 128875
14 17 578526
40 71 17372
33 74 314537
82 48 172528
8 84 806909
7 48 577516
68 29 845370
33 58 405237
53 56 498758
57 73 264791
47 1 64647
38 32 560995
11 56 662247
56 51 536852
21 36 280647
69 23 324008
3 66 912340
53 37 829744
14 8 782612
1 12 897059
1 25 73678
32 29 784021
1 5 325252
44 29 39010
8 49 76029
56 23 690563
85 26 150467
52 70 531959
71 83 412208
53 83 557248
81 83 283286
52 20 86670
34 13 68653
55 48 71135
49 55 887539
61 24 782334
10 14 625645
24 65 645278
58 49 816548
21 15 790797
74 9 680719
65 61 827131
77 86 315871
7 55 55528
43 9 835132
33 61 935329
46 70 196478
76 85 14566
3 56 252040
13 69 691513
19 48 713689
13 19 941303
19 9 158375
29 7 690155
86 41 92005
17 65 439953
57 25 424563
16 14 712651
31 9 352529
9 21 240051
71 39 481520
55 43 843870
14 54 446474
42 74 357984
38 74 649534
26 4 241367
82 53 915815
36 60 298522
67 83 551118
67 83 6502
41 67 971822
54 35 127797
8 40 785204
39 81 292617
77 24 221916
60 49 408232
22 45 786892
8 72 587077
78 44 307001
77 24 715055
3 56 19103
44 16 416482
42 23 881197
85 53 87976
30 43 726971
47 9 373836
60 30 501226
31 30 17351
62 21 183919
80 3 804400
9 83 184254
3 41 288647
32 74 477801
7 73 714541
62 16 840500
46 62 21562
71 28 531797
54 50 770668
15 17 69400
19 11 979111
38 19 506301
19 13 655497
15 45 38143
25 43 955793
2 18 733768
13 55 561279
32 40 395614
64 85 507312
48 5 999800
35 15 696432
25 45 795910
4 63 866393
22 70 291657
20 8 469251
12 1 3502
11 13 105028
64 36 180369
49 14 730750
6 53 289872
66 79 525303
41 18 274145
27 13 237003
17 26 702524
51 46 181212
41 57 871254
40 60 129503
85 29 461166
84 77 914393
65 83 292555
50 54 148700
50 86 978289
86 18 287623
13 34 248550
86 84 899213
73 38 711756
19 69 348688
47 10 182281
37 51 779327
25 57 149892
70 56 562112
70 56 248475
79 76 688193
27 28 346787
16 24 186591
46 77 414001
28 1 770913
9 47 588991
65 76 837813
13 14 895541
3 84 101969
42 59 286684
72 51 275374
21 69 512613
55 85 681768
67 36 562679
62 63 863533
22 72 749446
86 42 787125
20 55 354072
11 49 801903
41 4 21961
48 67 790284
29 1 215754
37 47 900942
69 28 509465
83 81 736786
11 16 447943
64 8 825216
20 27 164284
68 29 615038
18 69 255941
27 23 335468
78 51 58162
25 2 287163
41 70 725412
13 66 270558
40 68 209865
52 46 165028
12 57 941155
25 30 982841
1 48 359352
13
1457601
28390073
12708959
22094322
27866731
24767121
3463148
1785586
20570635
27249268
20344757
3296046
28544853
57 692
50 11 485708
41 52 395414
42 28 110985
30 28 989393
24 43 26102
16 37 122524
39 51 9943
28 56 630441
47 46 741537
43 40 7946
30 32 475064
37 16 690286
28 16 349171
8 4 63287
56 27 472165
21 1 641187
43 40 765672
28 10 101494
52 16 535969
19 17 765135
7 5 900139
22 41 252767
30 28 647436
25 35 391334
47 34 624842
14 13 504152
1 55 847528
38 41 319549
49 35 161354
48 13 931979
29 35 348821
57 15 864881
44 4 908278
5 44 589996
26 50 899426
33 6 379022
41 6 151307
46 2 742575
20 50 299620
25 40 563977
47 27 576295
16 27 295287
25 29 927589
21 49 338723
51 33 108328
16 9 675864
9 8 198869
31 12 959367
20 48 575202
3 15 65992
55 4 196869
44 19 900677
6 3 430182
28 23 949171
36 32 848978
37 6 787147
42 30 267830
53 3 622202
24 22 202516
44 25 170125
22 38 489710
11 40 993741
57 45 547097
18 15 90760
42 51 214725
1 30 302065
41 30 248153
31 25 204295
49 7 429417
40 10 190435
5 31 600381
31 57 202844
50 57 325816
55 17 380531
57 17 254769
33 34 540505
30 33 913603
40 7 89282
11 55 26910
19 53 818039
52 1 45012
8 47 388347
3 39 265071
2 52 621718
32 10 407458
54 1 471269
8 30 633001
7 12 160482
30 38 675914
3 56 381812
1 50 481005
30 16 946850
17 19 805791
44 36 604924
5 26 435008
38 9 536659
26 11 473251
37 19 499124
33 40 551907
48 15 455431
40 48 887615
56 28 740849
33 6 342801
27 34 82822
12 31 746653
50 27 881752
54 53 166203
7 48 127487
46 40 764684
47 30 783692
49 28 800057
38 42 279624
44 33 564981
51 3 971613
6 30 329605
56 22 714716
57 34 815851
27 40 601455
15 44 589215
17 50 791826
33 57 423780
56 53 436335
49 55 334828
6 49 439075
53 54 780259
49 52 872048
14 10 283804
31 52 939721
54 25 887978
19 41 680482
12 32 772663
33 30 52136
39 21 776100
20 42 287357
35 54 701432
6 45 248625
14 1 327039
55 47 102876
37 2 219974
21 20 959368
55 32 104750
46 7 972527
33 4 358676
34 39 344527
9 16 385342
13 21 327077
10 34 917151
33 31 455062
8 10 58617
49 47 317029
47 44 54829
20 48 179444
7 24 127207
46 16 749299
12 24 1144
32 52 630298
54 5 57862
36 53 51289
47 3 66649
19 10 508273
11 57 572994
33 19 517123
37 41 909146
29 45 525163
18 16 168882
22 6 541736
6 2 892348
40 37 580461
6 43 676246
38 4 432382
19 30 324587
42 22 457610
56 1 320331
52 45 271423
6 5 171766
57 43 406701
45 7 819657
53 5 327783
56 10 902494
20 48 602406
51 9 260898
24 50 449152
48 8 862963
55 2 113184
8 24 981819
34 39 953658
48 42 208054
39 53 286518
26 51 756688
13 29 201566
4 23 129424
41 5 113256
41 52 670183
42 8 225702
31 16 304976
40 49 560534
50 55 50463
25 53 183462
46 37 539991
36 49 796296
15 12 417461
19 52 211720
31 51 669388
9 36 594441
45 25 291007
7 23 930851
22 31 920674
22 55 629187
57 3 867821
4 38 55421
36 11 310745
33 45 411042
52 5 744173
46 25 606712
29 34 290578
10 35 51329
40 33 862543
53 42 373571
14 46 424589
10 25 788254
37 32 569379
24 48 78575
17 42 257159
17 46 546535
21 33 126917
47 42 638150
38 40 586408
49 36 163852
19 8 609116
8 18 626153
16 54 953934
15 36 725460
48 52 302450
44 12 752762
7 32 447232
3 22 492428
50 2 266075
14 9 43341
36 44 381471
4 51 360122
54 26 233870
37 40 659748
11 46 745090
42 32 201366
20 38 184343
15 57 468245
11 49 137105
46 21 53465
18 15 74544
54 19 141282
10 15 74635
34 11 411277
37 21 262488
35 21 401776
2 40 859325
1 55 762050
37 24 780805
33 12 985645
38 45 56775
28 57 119661
28 25 284103
53 2 20387
20 54 53972
32 47 203659
18 49 738562
1 8 73207
56 45 249078
45 20 532249
14 16 449708
38 44 415629
55 30 757431
29 42 741686
14 4 28141
34 35 878239
18 11 9696
41 12 90502
20 26 105254
22 14 223760
35 27 983131
51 23 974264
25 20 338440
8 48 182996
8 20 886505
21 13 260510
7 30 190434
16 29 51954
16 48 607119
20 28 153084
43 21 159142
40 14 231123
40 54 455983
53 5 150528
25 28 335146
41 48 63807
9 13 572874
28 44 84556
34 3 704763
8 22 682572
52 23 66583
24 5 822855
18 44 367016
47 55 972849
9 22 865687
23 21 106373
33 29 573147
47 16 275702
16 49 820893
7 56 797621
7 31 103607
28 41 908411
14 32 685549
28 42 129566
49 39 908729
29 43 268049
57 18 716595
31 20 733343
22 41 487558
36 41 407991
44 48 911359
44 25 276336
34 5 118993
35 26 191676
32 12 96772
17 46 664474
34 13 497170
13 53 216494
12 1 567554
11 30 932185
1 33 916775
34 36 809774
40 28 388322
15 5 612787
39 37 778684
50 12 212629
20 5 363169
20 33 763403
57 3 651194
16 13 946975
19 30 670467
14 6 147890
17 4 72481
25 19 143031
17 16 407662
20 25 537222
12 3 324762
32 22 289977
47 37 838863
21 53 109629
24 30 768239
35 43 278865
24 2 917844
57 43 320519
37 18 194917
12 54 154162
14 8 346375
37 55 785077
34 44 235818
34 7 717094
12 30 446825
13 35 253363
14 3 165086
15 30 703487
33 32 165901
29 57 681889
52 28 522638
49 35 169715
51 22 172007
57 20 767575
4 47 647733
43 2 806756
8 32 883621
28 5 797357
28 37 906009
13 24 685174
12 18 810714
6 25 721331
12 37 914463
48 29 906222
37 24 344804
55 54 553101
29 30 926484
33 10 519705
29 5 278826
52 31 719836
29 28 716186
53 18 365899
30 45 703971
5 35 325969
41 15 595699
22 12 188537
9 56 664995
8 47 938809
9 34 634983
7 29 16330
32 16 208391
5 27 154486
12 56 484697
55 4 95253
28 3 592531
50 17 456455
7 55 358654
13 45 813262
46 14 546695
33 55 516315
48 24 202120
18 11 253824
16 1 42202
35 9 156548
54 7 382945
36 56 314229
27 22 394156
42 34 929242
8 22 99311
53 55 802061
31 4 713201
29 21 295179
55 53 361853
20 46 40132
29 42 310941
4 21 747346
52 6 429885
57 47 809323
50 54 657303
15 8 805605
34 38 390383
19 26 544987
47 39 627189
30 53 420658
15 54 210901
51 13 315373
56 49 813999
5 21 758219
1 14 801749
9 20 647339
5 29 722482
46 2 609155
27 43 857680
44 32 662689
47 5 778637
54 14 674635
14 12 484166
46 16 619371
14 33 928230
52 57 42693
26 20 63890
18 9 146426
15 51 856149
44 53 215874
12 43 214443
50 55 869225
42 27 617162
42 15 706124
46 28 8175
38 23 115318
33 48 757700
16 24 620193
16 54 530812
17 56 19269
50 11 22572
29 3 267974
38 3 70847
1 45 761541
52 49 65572
22 30 817391
22 5 147985
26 36 328891
13 10 452911
51 27 377724
27 19 282371
4 6 429136
35 43 525358
35 43 55201
49 54 154387
3 57 829526
8 29 38382
2 40 867429
12 47 743640
54 12 122767
15 43 40817
10 38 60206
44 23 631758
36 19 786144
28 11 569994
28 9 974515
15 48 185621
55 1 470244
3 5 984167
14 50 615399
16 26 950040
25 24 760228
6 36 360458
41 21 593724
51 9 244713
18 20 526817
8 49 736221
9 31 358539
29 10 287848
21 18 290165
5 21 827330
56 45 908348
11 10 137475
17 9 152745
50 2 254361
13 20 846842
47 43 624944
21 10 873290
13 38 105802
35 2 470064
56 6 784366
29 20 91135
41 46 180371
31 5 950010
1 14 676358
36 26 465245
49 31 460883
13 51 707618
48 22 993432
51 57 712725
31 55 852514
9 43 957515
32 18 158159
48 31 834516
42 15 299760
49 45 276994
4 54 500963
51 35 494395
44 50 207119
1 6 540534
14 23 123500
56 24 861455
13 55 20295
31 4 459641
14 45 800175
13 36 222103
54 40 609143
50 49 719907
53 36 633556
7 52 203064
33 8 657788
26 23 70027
32 35 714960
55 8 504159
11 37 119908
39 8 91333
29 4 88854
15 12 623477
36 23 861066
48 30 404843
25 21 191452
41 46 699614
6 20 653830
42 17 179554
23 44 660357
49 25 879646
49 30 612753
20 23 285566
1 27 75583
30 8 101366
50 13 784937
54 56 54887
16 19 523444
49 5 12511
35 27 105134
18 15 321793
29 23 143657
13 1 588998
33 1 895404
2 31 606652
11 39 25704
4 36 144368
2 51 916862
41 1 385260
4 51 30367
32 11 71470
29 55 743339
56 11 346240
7 43 191276
41 44 356559
41 54 195042
54 57 523426
9 17 967260
55 57 981235
32 20 792477
11 10 749770
5 54 545666
20 11 309268
52 17 293438
27 16 122814
32 16 898761
34 12 922569
15 36 249122
46 49 918217
52 40 426011
36 50 426694
47 54 725706
39 33 499409
16 43 304094
35 12 35166
40 2 848331
57 35 736588
33 8 844306
42 53 637400
50 48 468427
36 42 884105
41 38 911372
32 56 883505
17 9 665427
28 34 86514
45 17 890010
23 27 132425
30 32 623962
42 29 33715
48 7 385830
48 35 680990
22 35 218208
49 9 254833
51 26 595552
13 12 487788
31 57 228354
7 38 221860
31 26 59670
24 26 534880
24 16 994869
3 23 338961
27 44 155307
32 51 947867
11 44 999002
54 16 528047
1 5 629629
36 27 436002
10 37 861418
35 3 564324
10 33 653059
48 16 455487
34 16 959771
43 41 751591
46 34 138962
4 55 530473
24 1 150338
50 1 24765
49 26 442510
31 19 427839
52 44 408035
2 34 727192
51 26 201656
34 12 656689
43 57 594372
33 19 92805
38 42 704514
38 34 784929
38 41 22170
32 30 854895
29 24 654410
18 41 986795
37 51 828698
56 43 413306
18 29 761012
29 4 214028
37 57 137362
4 54 227067
29 50 224426
37 40 990855
7 28 607031
37 4 242362
43 40 352336
17 55 413075
3 31 692520
19 18 813281
31 15 554247
43 26 239783
51 36 463841
50 34 26440
20 40 759801
23 46 512660
21 28 577865
18 12 572727
7 24 328600
24 55 814853
36 45 954820
52 46 321853
13 56 913311
11 48 495623
16 10 684966
15 48 633022
57 27 449765
17 45 195935
36 51 634623
16 34 886592
9 12 960742
16 6 420804
7 35 893752
49 45 61366
23
29600802
10571719
5766497
22157326
11930863
16915870
7226509
19746367
3881987
16873556
21961678
18594273
8093329
16963755
23228895
28158053
1791904
22631838
18553982
27067060
28592579
13904730
29376172
