160
0 -1000000000
40 -999999999
80 -999999997
120 -999999994
160 -999999990
200 -999999985
240 -999999979
280 -999999972
320 -999999964
360 -999999955
400 -999999945
440 -999999934
480 -999999922
520 -999999909
560 -999999895
600 -999999880
640 -999999864
680 -999999847
720 -999999829
760 -999999810
800 -999999790
840 -999999769
880 -999999747
920 -999999724
960 -999999700
1000 -999999675
1040 -999999649
1080 -999999622
1120 -999999594
1160 -999999565
1200 -999999535
1240 -999999504
1280 -999999472
1320 -999999439
1360 -999999405
1400 -999999370
1440 -999999334
1480 -999999297
1520 -999999259
1560 -999999220
1600 -999999180
1560 -999999140
1520 -999999101
1480 -999999063
1440 -999999026
1400 -999998990
1360 -999998955
1320 -999998921
1280 -999998888
1240 -999998856
1200 -999998825
1160 -999998795
1120 -999998766
1080 -999998738
1040 -999998711
1000 -999998685
960 -999998660
920 -999998636
880 -999998613
840 -999998591
800 -999998570
760 -999998550
720 -999998531
680 -999998513
640 -999998496
600 -999998480
560 -999998465
520 -999998451
480 -999998438
440 -999998426
400 -999998415
360 -999998405
320 -999998396
280 -999998388
240 -999998381
200 -999998375
160 -999998370
120 -999998366
80 -999998363
40 -999998361
0 -999998360
-40 -999998361
-80 -999998363
-120 -999998366
-160 -999998370
-200 -999998375
-240 -999998381
-280 -999998388
-320 -999998396
-360 -999998405
-400 -999998415
-440 -999998426
-480 -999998438
-520 -999998451
-560 -999998465
-600 -999998480
-640 -999998496
-680 -999998513
-720 -999998531
-760 -999998550
-800 -999998570
-840 -999998591
-880 -999998613
-920 -999998636
-960 -999998660
-1000 -999998685
-1040 -999998711
-1080 -999998738
-1120 -999998766
-1160 -999998795
-1200 -999998825
-1240 -999998856
-1280 -999998888
-1320 -999998921
-1360 -999998955
-1400 -999998990
-1440 -999999026
-1480 -999999063
-1520 -999999101
-1560 -999999140
-1600 -999999180
-1560 -999999220
-1520 -999999259
-1480 -999999297
-1440 -999999334
-1400 -999999370
-1360 -999999405
-1320 -999999439
-1280 -999999472
-1240 -999999504
-1200 -999999535
-1160 -999999565
-1120 -999999594
-1080 -999999622
-1040 -999999649
-1000 -999999675
-960 -999999700
-920 -999999724
-880 -999999747
-840 -999999769
-800 -999999790
-760 -999999810
-720 -999999829
-680 -999999847
-640 -999999864
-600 -999999880
-560 -999999895
-520 -999999909
-480 -999999922
-440 -999999934
-400 -999999945
-360 -999999955
-320 -999999964
-280 -999999972
-240 -999999979
-200 -999999985
-160 -999999990
-120 -999999994
-80 -999999997
-40 -999999999
