100
102.0000000000 102.0000000000 39.1000000000
-256455.6404723100 -363210.1808146850 1.9177917001
219565.5497050952 476999.5923306280 2.6980500486
-98408.1337512840 -661267.8160899947 0.3460319610
66752.4590519048 -682451.5734806280 2.4467590568
-143406.7697788669 614843.2881364488 3.9832088906
-285802.9685792656 -212790.0620101854 2.8102886913
-187834.2400190702 545811.9960762291 5.7141928835
-71882.4056872293 679608.7982458251 0.9080086147
-177307.0225181497 564658.0842049135 1.6212660769
-69767.9174933433 -680807.4819036142 4.6776269026
-214591.9249284020 -489167.6583772606 0.1395114292
-295995.0785879247 113997.4459434592 1.5812074603
-255437.0360887236 367097.3393644614 0.5806667602
-249960.4816916792 387078.5338103197 3.4976376799
132197.4962766627 628372.4370618030 3.8586389801
231347.8003319511 -445649.5345493932 4.4320168971
295648.8746521631 118788.0479063301 5.1504291663
-155468.5273653822 598669.5724635429 1.8443575021
-35921.9920813758 694963.7011912024 6.1938813240
102785.1989479760 -657632.5334092170 6.1984161378
257260.3051606092 360098.6954286654 3.2355473411
-16925.9381590546 -698884.9943743214 1.0269410720
-155114.3656927396 599169.5312153326 0.8981773865
152657.2344287994 -602595.5590472287 4.3178369197
-297843.9301882024 83772.6216560939 1.7015864047
298442.7606081499 71230.4658514560 5.0179464518
-202502.7136280123 -516466.6169367979 2.6487962200
-276665.6580793641 -270667.8095903839 0.8546816916
-35602.2308908486 -695053.2814607446 5.1685006840
-164244.3238974334 585772.6427838967 5.5299550016
173163.5450553345 -571616.1247365606 0.7064963785
142680.6140504039 615762.3889073326 0.1436976434
-233992.4356010359 -438067.6589033121 1.0872536270
-105255.4527261666 655501.7750547265 4.7930289768
-17796.1613806321 -698767.2904134354 0.5444569473
278748.3980530115 258772.1431343530 0.1499736992
16295.3680510140 -698966.5854375473 1.3679818663
-293947.3927877040 -139901.3872507873 0.6309479476
11122.8807201864 -699518.7071360598 2.6405616655
-297119.3819566339 96772.1094000901 2.6800275183
-151491.8552898786 604194.6587778087 2.3217645992
-86314.7201311846 670401.0976311195 2.9566315749
-169555.6090914673 -577474.7590304470 0.1217317347
188394.7094279097 544759.2984795212 4.7419941884
-229450.2523212018 -450959.0402411663 1.1564298824
155856.9393234593 598119.4704861278 6.2804713992
197196.3712477698 527527.3523365479 1.5413834106
199800.1601764386 -522165.8850595283 2.4725691520
-219772.0571129104 -476481.5377915290 6.1857240631
-239653.4384099696 -421076.0347616921 6.2049866326
-292618.9457559531 154320.5454201867 3.3887185541
120203.5413081953 641353.1116312241 1.3477116533
24980.9582041932 -697568.9240842734 3.0563758010
-219375.4031057368 -477475.6762970095 3.3531092882
248707.7646285851 391447.1644295140 0.3007703518
296911.1690430416 -100190.9993613442 1.2592646414
-286294.1610806517 209164.2133256298 2.6598288932
-212842.7354246634 493310.8698568604 1.0098324765
-81085.0502428772 673946.5455829229 1.5539910288
248061.5995385146 393673.1157932496 0.4428564574
-57517.9883100561 -687013.8580211100 1.0745869501
121680.9339753516 -639834.5068181841 2.7671184921
36945.3111352031 -694671.5575060578 3.5773774864
298586.3482680826 -67875.2440295454 5.6872619901
180575.8648789013 -558989.7130974180 2.3434792042
-85287.7479153966 671116.3173499698 3.8844710731
-83398.5618023022 672407.7230847427 0.1601066755
-115132.3941517108 646398.7468211743 4.8456107609
298508.8156384664 69707.2149301672 3.5516227514
91571.1039104135 666593.4887756459 1.4986800981
-145578.9904602502 612057.6515412893 5.2307189466
-250823.5575116868 -384026.8519057687 2.1788316288
211226.6974575820 -497078.2223014127 5.0354001882
-266570.8013300776 -321119.6360710744 4.8347167516
-171418.9380438506 -574471.9155997878 0.2330921633
105609.1668104556 -655191.9557906053 3.4328479536
54977.2356238905 688145.4686809086 1.7447576983
-472.6250677784 -699999.1313210260 1.4327975990
297114.5057680887 -96853.5851725770 0.8871551241
292163.9612518876 158944.7030100832 0.9153893289
-243189.8861033934 -409888.2348415789 6.0183615264
290041.5034219938 -178860.7118970169 5.0589668377
-258495.1603991266 -355251.4524892131 4.5663957161
262904.4900966239 337174.5715442892 2.5566344393
273461.4573791766 -287850.7975930861 1.2454419371
295639.2136849948 -118918.8851716355 3.0810703882
280998.8191156667 -245162.8753671140 0.5070302868
259664.3831033123 350578.2523570067 4.4200356450
186807.6530127839 547726.8315518959 2.3423626369
-57047.6735680359 -687227.3264586282 4.3804887299
-155438.7896909987 256590.6909055694 5.1539411741
155414.1608715162 256605.6090591211 0.9116801838
59106.0137883237 -294119.8380491437 3.1295535747
253432.8244065160 -160535.9882186422 5.5792009065
-299287.5457262206 20663.1307689671 3.2515478607
294120.0522396790 59104.9479360951 1.2753293987
-175607.5270231755 -243232.3918658958 5.3915785794
-154515.4758146158 -257147.7546738118 1.2487622030
114355.3758958906 277349.6854220491 2.0400674394
-217344.9018240386 -206787.7986030584 2.1015175763
