200 13631
97 83
97 171
97 194
97 131
97 78
97 42
97 185
97 126
97 193
97 87
97 99
97 167
97 10
97 80
97 18
97 159
97 72
97 68
97 164
97 143
97 168
97 92
97 132
97 28
97 121
97 22
97 17
97 179
97 180
97 40
97 153
97 64
97 35
97 187
97 49
97 144
97 156
97 58
97 150
97 45
97 26
97 54
97 173
97 31
97 27
97 21
97 15
97 142
97 196
97 82
97 74
97 37
97 148
97 157
97 59
97 86
97 91
97 109
97 63
97 160
97 102
97 178
97 16
97 151
97 136
97 163
97 11
97 1
97 53
97 116
97 75
97 186
97 104
97 94
97 170
97 77
97 190
97 184
97 133
97 152
97 90
97 81
97 106
97 13
97 4
97 115
97 14
97 137
97 172
97 23
97 127
97 123
97 105
97 79
97 158
97 25
97 55
97 199
97 57
97 39
97 103
97 125
97 32
97 112
97 183
97 51
97 24
97 88
97 46
97 6
97 129
97 139
97 154
97 182
97 89
97 66
83 171
83 98
83 194
83 47
83 131
83 78
83 20
83 42
83 7
83 185
83 126
83 193
83 87
83 99
83 167
83 175
83 140
83 10
83 80
83 146
83 18
83 135
83 159
83 72
83 29
83 124
83 68
83 164
83 143
83 177
83 168
83 92
83 132
83 34
83 28
83 121
83 191
83 200
83 22
83 17
83 179
83 85
83 56
83 180
83 40
83 153
83 64
83 35
83 187
83 134
83 49
83 113
83 144
83 165
83 156
83 58
83 150
83 9
83 3
83 45
83 26
83 54
83 93
83 5
83 173
83 192
83 107
83 120
83 12
83 31
83 41
83 27
83 21
83 189
83 15
83 142
83 52
83 61
83 196
83 43
83 176
83 2
83 36
83 33
83 70
83 95
83 82
83 74
83 37
83 148
83 157
83 59
83 145
83 86
83 91
83 162
83 30
83 166
83 109
83 63
83 19
83 160
83 102
83 178
83 16
83 151
83 136
83 163
83 8
83 11
83 48
83 117
83 100
83 1
83 53
83 69
83 116
83 188
83 197
83 75
83 186
83 104
83 94
83 101
83 138
83 141
83 170
83 77
83 190
83 96
83 184
83 38
83 133
83 152
83 90
83 81
83 106
83 13
83 4
83 62
83 115
83 14
83 169
83 195
83 137
83 108
83 67
83 147
83 172
83 23
83 127
83 123
83 105
83 79
83 158
83 198
83 25
83 55
83 199
83 149
83 57
83 39
83 103
83 125
83 73
83 32
83 112
83 84
83 50
83 183
83 51
83 24
83 119
83 88
83 46
83 6
83 76
83 129
83 110
83 139
83 122
83 154
83 182
83 89
83 174
83 66
171 98
171 194
171 47
171 131
171 78
171 42
171 7
171 185
171 126
171 193
171 87
171 99
171 167
171 10
171 80
171 146
171 18
171 159
171 72
171 124
171 164
171 143
171 177
171 168
171 92
171 132
171 28
171 22
171 17
171 179
171 85
171 180
171 40
171 64
171 35
171 187
171 49
171 144
171 156
171 58
171 150
171 45
171 54
171 173
171 120
171 31
171 27
171 21
171 15
171 142
171 196
171 176
171 74
171 148
171 157
171 59
171 86
171 91
171 162
171 63
171 160
171 102
171 178
171 16
171 151
171 136
171 163
171 11
171 1
171 53
171 116
171 75
171 186
171 104
171 94
171 170
171 77
171 96
171 184
171 133
171 152
171 90
171 81
171 106
171 13
171 4
171 62
171 115
171 14
171 195
171 137
171 172
171 127
171 123
171 105
171 79
171 25
171 55
171 199
171 57
171 39
171 103
171 125
171 73
171 32
171 112
171 183
171 51
171 24
171 46
171 6
171 129
171 139
171 154
171 182
171 89
98 194
98 47
98 131
98 78
98 42
98 7
98 185
98 126
98 193
98 87
98 99
98 167
98 140
98 10
98 146
98 18
98 135
98 159
98 72
98 124
98 164
98 143
98 177
98 168
98 92
98 132
98 34
98 28
98 22
98 17
98 179
98 85
98 180
98 40
98 64
98 35
98 187
98 134
98 49
98 113
98 144
98 156
98 58
98 150
98 9
98 45
98 54
98 5
98 173
98 192
98 107
98 120
98 31
98 27
98 21
98 15
98 142
98 52
98 196
98 43
98 176
98 33
98 74
98 148
98 157
98 59
98 145
98 86
98 91
98 162
98 166
98 63
98 19
98 160
98 102
98 178
98 151
98 136
98 163
98 11
98 48
98 100
98 53
98 69
98 197
98 75
98 186
98 104
98 94
98 138
98 170
98 77
98 96
98 184
98 133
98 152
98 90
98 81
98 106
98 13
98 4
98 62
98 115
98 14
98 195
98 137
98 108
98 172
98 127
98 123
98 105
98 79
98 25
98 55
98 199
98 149
98 57
98 39
98 103
98 125
98 73
98 32
98 112
98 183
98 51
98 24
98 46
98 6
98 129
98 110
98 139
98 154
98 182
98 89
194 47
194 131
194 78
194 20
194 42
194 7
194 185
194 126
194 193
194 87
194 99
194 167
194 175
194 140
194 10
194 80
194 146
194 60
194 18
194 135
194 159
194 72
194 29
194 124
194 68
194 164
194 143
194 177
194 168
194 92
194 132
194 128
194 34
194 28
194 121
194 191
194 200
194 22
194 17
194 179
194 85
194 56
194 180
194 40
194 130
194 153
194 64
194 35
194 187
194 134
194 49
194 113
194 144
194 165
194 156
194 58
194 150
194 9
194 3
194 45
194 26
194 65
194 54
194 93
194 5
194 173
194 192
194 107
194 120
194 12
194 31
194 41
194 27
194 21
194 189
194 15
194 142
194 52
194 61
194 196
194 43
194 176
194 2
194 36
194 33
194 70
194 95
194 82
194 74
194 37
194 148
194 157
194 59
194 145
194 86
194 91
194 162
194 114
194 30
194 166
194 155
194 109
194 63
194 19
194 160
194 102
194 178
194 16
194 151
194 136
194 163
194 8
194 11
194 48
194 117
194 100
194 1
194 53
194 69
194 116
194 188
194 197
194 75
194 186
194 104
194 94
194 101
194 138
194 141
194 170
194 77
194 190
194 96
194 184
194 38
194 133
194 152
194 90
194 81
194 106
194 13
194 4
194 62
194 115
194 44
194 14
194 169
194 71
194 195
194 137
194 108
194 67
194 147
194 172
194 23
194 127
194 123
194 105
194 181
194 79
194 158
194 118
194 198
194 25
194 55
194 199
194 161
194 149
194 111
194 57
194 39
194 103
194 125
194 73
194 32
194 112
194 84
194 50
194 183
194 51
194 24
194 119
194 88
194 46
194 6
194 76
194 129
194 110
194 139
194 122
194 154
194 182
194 89
194 174
194 66
47 131
47 78
47 42
47 7
47 185
47 126
47 193
47 87
47 99
47 167
47 175
47 140
47 10
47 146
47 60
47 18
47 135
47 159
47 72
47 29
47 124
47 164
47 143
47 177
47 168
47 92
47 132
47 128
47 34
47 28
47 191
47 22
47 17
47 179
47 85
47 180
47 40
47 130
47 64
47 35
47 187
47 134
47 49
47 113
47 144
47 156
47 58
47 150
47 9
47 45
47 54
47 5
47 173
47 192
47 107
47 120
47 12
47 41
47 27
47 21
47 15
47 142
47 52
47 196
47 43
47 176
47 33
47 70
47 95
47 74
47 148
47 157
47 59
47 145
47 86
47 91
47 162
47 114
47 30
47 166
47 155
47 63
47 19
47 102
47 178
47 151
47 136
47 163
47 8
47 11
47 48
47 100
47 53
47 69
47 197
47 75
47 186
47 104
47 94
47 138
47 170
47 77
47 96
47 184
47 133
47 152
47 90
47 81
47 106
47 13
47 4
47 62
47 115
47 44
47 14
47 71
47 195
47 137
47 108
47 147
47 172
47 127
47 123
47 105
47 79
47 198
47 25
47 55
47 199
47 161
47 149
47 57
47 39
47 103
47 125
47 73
47 32
47 112
47 84
47 50
47 183
47 51
47 24
47 119
47 46
47 6
47 129
47 110
47 139
47 154
47 182
47 89
47 174
131 78
131 20
131 42
131 7
131 185
131 126
131 193
131 87
131 99
131 167
131 175
131 140
131 10
131 80
131 146
131 18
131 135
131 159
131 72
131 124
131 68
131 164
131 143
131 177
131 168
131 92
131 132
131 34
131 28
131 121
131 200
131 22
131 17
131 179
131 85
131 180
131 40
131 153
131 64
131 35
131 187
131 134
131 49
131 113
131 144
131 156
131 58
131 150
131 9
131 45
131 26
131 54
131 5
131 173
131 192
131 107
131 120
131 31
131 27
131 21
131 15
131 142
131 52
131 196
131 43
131 176
131 2
131 33
131 70
131 95
131 82
131 74
131 37
131 148
131 157
131 59
131 145
131 86
131 91
131 162
131 30
131 166
131 109
131 63
131 19
131 160
131 102
131 178
131 16
131 151
131 136
131 163
131 8
131 11
131 48
131 100
131 1
131 53
131 69
131 116
131 188
131 197
131 75
131 186
131 104
131 94
131 138
131 141
131 170
131 77
131 190
131 96
131 184
131 38
131 133
131 152
131 90
131 81
131 106
131 13
131 4
131 62
131 115
131 14
131 195
131 137
131 108
131 147
131 172
131 23
131 127
131 123
131 105
131 79
131 158
131 25
131 55
131 199
131 149
131 57
131 39
131 103
131 125
131 73
131 32
131 112
131 183
131 51
131 24
131 119
131 88
131 46
131 6
131 129
131 110
131 139
131 154
131 182
131 89
131 174
131 66
78 42
78 7
78 185
78 126
78 193
78 87
78 99
78 167
78 10
78 80
78 146
78 18
78 159
78 72
78 124
78 164
78 143
78 168
78 92
78 132
78 28
78 121
78 22
78 17
78 179
78 85
78 180
78 40
78 153
78 64
78 35
78 187
78 49
78 144
78 156
78 58
78 150
78 45
78 26
78 54
78 173
78 120
78 31
78 27
78 21
78 15
78 142
78 196
78 176
78 74
78 37
78 148
78 157
78 59
78 86
78 91
78 162
78 109
78 63
78 160
78 102
78 178
78 16
78 151
78 136
78 163
78 11
78 1
78 53
78 116
78 75
78 186
78 104
78 94
78 170
78 77
78 96
78 184
78 133
78 152
78 90
78 81
78 106
78 13
78 4
78 62
78 115
78 14
78 195
78 137
78 172
78 23
78 127
78 123
78 105
78 79
78 25
78 55
78 199
78 57
78 39
78 103
78 125
78 73
78 32
78 112
78 183
78 51
78 24
78 88
78 46
78 6
78 129
78 139
78 154
78 182
78 89
20 42
20 185
20 126
20 193
20 87
20 99
20 10
20 80
20 159
20 72
20 68
20 143
20 168
20 92
20 132
20 28
20 121
20 200
20 22
20 179
20 56
20 180
20 153
20 35
20 187
20 49
20 144
20 165
20 58
20 150
20 3
20 45
20 26
20 65
20 93
20 173
20 31
20 27
20 189
20 142
20 61
20 2
20 36
20 82
20 74
20 37
20 148
20 157
20 59
20 86
20 109
20 160
20 102
20 178
20 16
20 136
20 163
20 11
20 117
20 53
20 116
20 188
20 75
20 186
20 104
20 94
20 101
20 141
20 170
20 190
20 184
20 38
20 133
20 152
20 81
20 13
20 4
20 115
20 14
20 169
20 137
20 67
20 172
20 127
20 105
20 181
20 158
20 118
20 25
20 55
20 199
20 111
20 57
20 39
20 103
20 88
20 46
20 6
20 76
20 139
20 122
20 154
20 182
20 89
20 66
42 7
42 185
42 126
42 193
42 87
42 99
42 167
42 175
42 140
42 10
42 80
42 146
42 18
42 135
42 159
42 72
42 29
42 124
42 68
42 164
42 143
42 177
42 168
42 92
42 132
42 128
42 34
42 28
42 121
42 191
42 200
42 22
42 17
42 179
42 85
42 56
42 180
42 40
42 153
42 64
42 35
42 187
42 134
42 49
42 113
42 144
42 165
42 156
42 58
42 150
42 9
42 3
42 45
42 26
42 65
42 54
42 93
42 5
42 173
42 192
42 107
42 120
42 12
42 31
42 41
42 27
42 21
42 189
42 15
42 142
42 52
42 61
42 196
42 43
42 176
42 2
42 36
42 33
42 70
42 95
42 82
42 74
42 37
42 148
42 157
42 59
42 145
42 86
42 91
42 162
42 30
42 166
42 109
42 63
42 19
42 160
42 102
42 178
42 16
42 151
42 136
42 163
42 8
42 11
42 48
42 117
42 100
42 1
42 53
42 69
42 116
42 188
42 197
42 75
42 186
42 104
42 94
42 101
42 138
42 141
42 170
42 77
42 190
42 96
42 184
42 38
42 133
42 152
42 90
42 81
42 106
42 13
42 4
42 62
42 115
42 14
42 169
42 195
42 137
42 108
42 67
42 147
42 172
42 23
42 127
42 123
42 105
42 181
42 79
42 158
42 118
42 198
42 25
42 55
42 199
42 149
42 111
42 57
42 39
42 103
42 125
42 73
42 32
42 112
42 84
42 50
42 183
42 51
42 24
42 119
42 88
42 46
42 6
42 76
42 129
42 110
42 139
42 122
42 154
42 182
42 89
42 174
42 66
7 185
7 126
7 193
7 87
7 99
7 167
7 140
7 10
7 146
7 18
7 135
7 159
7 72
7 124
7 164
7 143
7 177
7 168
7 92
7 132
7 34
7 28
7 22
7 17
7 179
7 85
7 180
7 40
7 64
7 35
7 187
7 134
7 49
7 113
7 144
7 156
7 58
7 150
7 45
7 54
7 173
7 192
7 107
7 120
7 31
7 27
7 21
7 15
7 142
7 52
7 196
7 43
7 176
7 33
7 74
7 148
7 157
7 59
7 145
7 86
7 91
7 162
7 166
7 63
7 19
7 160
7 102
7 178
7 151
7 136
7 163
7 11
7 48
7 100
7 53
7 69
7 197
7 75
7 186
7 104
7 94
7 138
7 170
7 77
7 96
7 184
7 133
7 152
7 90
7 81
7 106
7 13
7 4
7 62
7 115
7 14
7 195
7 137
7 172
7 127
7 123
7 105
7 79
7 25
7 55
7 199
7 149
7 57
7 39
7 103
7 125
7 73
7 32
7 112
7 183
7 51
7 24
7 46
7 6
7 129
7 139
7 154
7 182
7 89
185 126
185 193
185 87
185 99
185 167
185 175
185 140
185 10
185 80
185 146
185 60
185 18
185 135
185 159
185 72
185 29
185 124
185 68
185 164
185 143
185 177
185 168
185 92
185 132
185 128
185 34
185 28
185 121
185 191
185 200
185 22
185 17
185 179
185 85
185 180
185 40
185 130
185 153
185 64
185 35
185 187
185 134
185 49
185 113
185 144
185 156
185 58
185 150
185 9
185 45
185 26
185 54
185 5
185 173
185 192
185 107
185 120
185 12
185 31
185 41
185 27
185 21
185 15
185 142
185 52
185 196
185 43
185 176
185 2
185 33
185 70
185 95
185 82
185 74
185 37
185 148
185 157
185 59
185 145
185 86
185 91
185 162
185 114
185 30
185 166
185 155
185 109
185 63
185 19
185 160
185 102
185 178
185 16
185 151
185 136
185 163
185 8
185 11
185 48
185 100
185 1
185 53
185 69
185 116
185 188
185 197
185 75
185 186
185 104
185 94
185 138
185 141
185 170
185 77
185 190
185 96
185 184
185 38
185 133
185 152
185 90
185 81
185 106
185 13
185 4
185 62
185 115
185 44
185 14
185 71
185 195
185 137
185 108
185 147
185 172
185 23
185 127
185 123
185 105
185 79
185 158
185 198
185 25
185 55
185 199
185 161
185 149
185 57
185 39
185 103
185 125
185 73
185 32
185 112
185 84
185 50
185 183
185 51
185 24
185 119
185 88
185 46
185 6
185 129
185 110
185 139
185 154
185 182
185 89
185 174
185 66
126 193
126 87
126 99
126 167
126 175
126 140
126 10
126 80
126 146
126 60
126 18
126 135
126 159
126 72
126 29
126 124
126 68
126 164
126 143
126 177
126 168
126 92
126 132
126 128
126 34
126 28
126 121
126 191
126 200
126 22
126 17
126 179
126 85
126 56
126 180
126 40
126 130
126 153
126 64
126 35
126 187
126 134
126 49
126 113
126 144
126 165
126 156
126 58
126 150
126 9
126 45
126 26
126 54
126 5
126 173
126 192
126 107
126 120
126 12
126 31
126 41
126 27
126 21
126 15
126 142
126 52
126 196
126 43
126 176
126 2
126 33
126 70
126 95
126 82
126 74
126 37
126 148
126 157
126 59
126 145
126 86
126 91
126 162
126 114
126 30
126 166
126 109
126 63
126 19
126 160
126 102
126 178
126 16
126 151
126 136
126 163
126 8
126 11
126 48
126 100
126 1
126 53
126 69
126 116
126 188
126 197
126 75
126 186
126 104
126 94
126 138
126 141
126 170
126 77
126 190
126 96
126 184
126 38
126 133
126 152
126 90
126 81
126 106
126 13
126 4
126 62
126 115
126 44
126 14
126 169
126 195
126 137
126 108
126 67
126 147
126 172
126 23
126 127
126 123
126 105
126 79
126 158
126 198
126 25
126 55
126 199
126 161
126 149
126 57
126 39
126 103
126 125
126 73
126 32
126 112
126 84
126 50
126 183
126 51
126 24
126 119
126 88
126 46
126 6
126 76
126 129
126 110
126 139
126 154
126 182
126 89
126 174
126 66
193 87
193 99
193 167
193 10
193 80
193 146
193 18
193 159
193 72
193 124
193 68
193 164
193 143
193 177
193 168
193 92
193 132
193 28
193 121
193 200
193 22
193 17
193 179
193 85
193 56
193 180
193 40
193 153
193 64
193 35
193 187
193 134
193 49
193 144
193 165
193 156
193 58
193 150
193 45
193 26
193 54
193 173
193 120
193 31
193 27
193 21
193 15
193 142
193 52
193 61
193 196
193 176
193 2
193 36
193 82
193 74
193 37
193 148
193 157
193 59
193 86
193 91
193 162
193 109
193 63
193 19
193 160
193 102
193 178
193 16
193 151
193 136
193 163
193 11
193 117
193 100
193 1
193 53
193 116
193 188
193 197
193 75
193 186
193 104
193 94
193 141
193 170
193 77
193 190
193 96
193 184
193 38
193 133
193 152
193 90
193 81
193 106
193 13
193 4
193 62
193 115
193 14
193 169
193 195
193 137
193 67
193 172
193 23
193 127
193 123
193 105
193 79
193 158
193 25
193 55
193 199
193 57
193 39
193 103
193 125
193 73
193 32
193 112
193 183
193 51
193 24
193 88
193 46
193 6
193 76
193 129
193 139
193 122
193 154
193 182
193 89
193 66
87 99
87 167
87 175
87 140
87 10
87 80
87 146
87 60
87 18
87 135
87 159
87 72
87 29
87 124
87 68
87 164
87 143
87 177
87 168
87 92
87 132
87 128
87 34
87 28
87 121
87 191
87 200
87 22
87 17
87 179
87 85
87 56
87 180
87 40
87 130
87 153
87 64
87 35
87 187
87 134
87 49
87 113
87 144
87 165
87 156
87 58
87 150
87 9
87 3
87 45
87 26
87 54
87 5
87 173
87 192
87 107
87 120
87 12
87 31
87 41
87 27
87 21
87 189
87 15
87 142
87 52
87 61
87 196
87 43
87 176
87 2
87 36
87 33
87 70
87 95
87 82
87 74
87 37
87 148
87 157
87 59
87 145
87 86
87 91
87 162
87 114
87 30
87 166
87 109
87 63
87 19
87 160
87 102
87 178
87 16
87 151
87 136
87 163
87 8
87 11
87 48
87 117
87 100
87 1
87 53
87 69
87 116
87 188
87 197
87 75
87 186
87 104
87 94
87 138
87 141
87 170
87 77
87 190
87 96
87 184
87 38
87 133
87 152
87 90
87 81
87 106
87 13
87 4
87 62
87 115
87 44
87 14
87 169
87 195
87 137
87 108
87 67
87 147
87 172
87 23
87 127
87 123
87 105
87 79
87 158
87 198
87 25
87 55
87 199
87 161
87 149
87 57
87 39
87 103
87 125
87 73
87 32
87 112
87 84
87 50
87 183
87 51
87 24
87 119
87 88
87 46
87 6
87 76
87 129
87 110
87 139
87 122
87 154
87 182
87 89
87 174
87 66
99 167
99 175
99 140
99 10
99 80
99 146
99 18
99 135
99 159
99 72
99 124
99 68
99 164
99 143
99 177
99 168
99 92
99 132
99 34
99 28
99 121
99 200
99 22
99 17
99 179
99 85
99 56
99 180
99 40
99 153
99 64
99 35
99 187
99 134
99 49
99 113
99 144
99 165
99 156
99 58
99 150
99 9
99 45
99 26
99 54
99 5
99 173
99 192
99 107
99 120
99 31
99 27
99 21
99 15
99 142
99 52
99 196
99 43
99 176
99 2
99 33
99 70
99 82
99 74
99 37
99 148
99 157
99 59
99 145
99 86
99 91
99 162
99 30
99 166
99 109
99 63
99 19
99 160
99 102
99 178
99 16
99 151
99 136
99 163
99 8
99 11
99 48
99 100
99 1
99 53
99 69
99 116
99 188
99 197
99 75
99 186
99 104
99 94
99 138
99 141
99 170
99 77
99 190
99 96
99 184
99 38
99 133
99 152
99 90
99 81
99 106
99 13
99 4
99 62
99 115
99 14
99 169
99 195
99 137
99 108
99 67
99 147
99 172
99 23
99 127
99 123
99 105
99 79
99 158
99 25
99 55
99 199
99 149
99 57
99 39
99 103
99 125
99 73
99 32
99 112
99 183
99 51
99 24
99 119
99 88
99 46
99 6
99 76
99 129
99 110
99 139
99 154
99 182
99 89
99 174
99 66
167 175
167 140
167 10
167 80
167 146
167 18
167 135
167 159
167 72
167 29
167 124
167 164
167 143
167 177
167 168
167 92
167 132
167 34
167 28
167 121
167 191
167 22
167 17
167 179
167 85
167 180
167 40
167 153
167 64
167 35
167 187
167 134
167 49
167 113
167 144
167 156
167 58
167 150
167 9
167 45
167 26
167 54
167 5
167 173
167 192
167 107
167 120
167 31
167 41
167 27
167 21
167 15
167 142
167 52
167 196
167 43
167 176
167 33
167 70
167 95
167 74
167 37
167 148
167 157
167 59
167 145
167 86
167 91
167 162
167 30
167 166
167 109
167 63
167 19
167 160
167 102
167 178
167 16
167 151
167 136
167 163
167 8
167 11
167 48
167 100
167 1
167 53
167 69
167 116
167 197
167 75
167 186
167 104
167 94
167 138
167 170
167 77
167 96
167 184
167 133
167 152
167 90
167 81
167 106
167 13
167 4
167 62
167 115
167 14
167 195
167 137
167 108
167 147
167 172
167 23
167 127
167 123
167 105
167 79
167 198
167 25
167 55
167 199
167 149
167 57
167 39
167 103
167 125
167 73
167 32
167 112
167 84
167 183
167 51
167 24
167 119
167 88
167 46
167 6
167 129
167 110
167 139
167 154
167 182
167 89
167 174
175 140
175 146
175 60
175 135
175 159
175 29
175 124
175 143
175 168
175 132
175 128
175 34
175 28
175 191
175 22
175 17
175 179
175 85
175 180
175 40
175 130
175 35
175 134
175 49
175 113
175 144
175 156
175 58
175 150
175 9
175 45
175 5
175 173
175 192
175 107
175 120
175 12
175 41
175 27
175 142
175 52
175 196
175 43
175 70
175 95
175 74
175 157
175 145
175 86
175 162
175 114
175 30
175 166
175 155
175 63
175 19
175 102
175 178
175 136
175 163
175 8
175 100
175 197
175 75
175 186
175 104
175 94
175 138
175 133
175 152
175 81
175 106
175 13
175 4
175 62
175 115
175 44
175 14
175 71
175 108
175 147
175 172
175 123
175 105
175 198
175 25
175 199
175 161
175 149
175 103
175 125
175 73
175 32
175 84
175 50
175 24
175 119
175 46
175 6
175 110
175 139
175 182
175 174
140 146
140 60
140 135
140 159
140 29
140 124
140 143
140 168
140 132
140 128
140 34
140 28
140 191
140 22
140 17
140 179
140 85
140 180
140 40
140 130
140 64
140 35
140 187
140 134
140 49
140 113
140 144
140 156
140 58
140 150
140 9
140 45
140 54
140 5
140 173
140 192
140 107
140 120
140 12
140 41
140 27
140 142
140 52
140 196
140 43
140 176
140 33
140 70
140 95
140 74
140 157
140 59
140 145
140 86
140 91
140 162
140 114
140 30
140 166
140 155
140 63
140 19
140 102
140 178
140 136
140 163
140 8
140 48
140 100
140 53
140 69
140 197
140 75
140 186
140 104
140 94
140 138
140 170
140 133
140 152
140 81
140 106
140 13
140 4
140 62
140 115
140 44
140 14
140 71
140 108
140 147
140 172
140 127
140 123
140 105
140 198
140 25
140 55
140 199
140 161
140 149
140 103
140 125
140 73
140 32
140 84
140 50
140 51
140 24
140 119
140 46
140 6
140 110
140 139
140 182
140 89
140 174
10 80
10 146
10 18
10 159
10 72
10 124
10 68
10 164
10 143
10 177
10 168
10 92
10 132
10 28
10 121
10 200
10 22
10 17
10 179
10 85
10 56
10 180
10 40
10 153
10 64
10 35
10 187
10 49
10 144
10 165
10 156
10 58
10 150
10 3
10 45
10 26
10 65
10 54
10 93
10 173
10 120
10 31
10 27
10 21
10 189
10 15
10 142
10 52
10 61
10 196
10 176
10 2
10 36
10 82
10 74
10 37
10 148
10 157
10 59
10 86
10 91
10 162
10 109
10 63
10 19
10 160
10 102
10 178
10 16
10 151
10 136
10 163
10 11
10 117
10 1
10 53
10 116
10 188
10 75
10 186
10 104
10 94
10 101
10 141
10 170
10 77
10 190
10 96
10 184
10 38
10 133
10 152
10 90
10 81
10 106
10 13
10 4
10 62
10 115
10 14
10 169
10 195
10 137
10 67
10 172
10 23
10 127
10 123
10 105
10 181
10 79
10 158
10 25
10 55
10 199
10 57
10 39
10 103
10 125
10 73
10 32
10 112
10 183
10 51
10 24
10 88
10 46
10 6
10 76
10 129
10 139
10 122
10 154
10 182
10 89
10 66
80 18
80 159
80 72
80 68
80 164
80 143
80 168
80 92
80 132
80 28
80 121
80 200
80 22
80 17
80 179
80 56
80 180
80 40
80 153
80 64
80 35
80 187
80 49
80 144
80 165
80 156
80 58
80 150
80 3
80 45
80 26
80 54
80 173
80 31
80 27
80 21
80 189
80 15
80 142
80 61
80 2
80 36
80 82
80 74
80 37
80 148
80 157
80 59
80 86
80 109
80 63
80 160
80 102
80 178
80 16
80 151
80 136
80 163
80 11
80 117
80 1
80 53
80 116
80 188
80 75
80 186
80 104
80 94
80 141
80 170
80 77
80 190
80 184
80 38
80 133
80 152
80 90
80 81
80 106
80 13
80 4
80 115
80 14
80 169
80 137
80 67
80 172
80 23
80 127
80 105
80 79
80 158
80 25
80 55
80 199
80 57
80 39
80 103
80 125
80 32
80 112
80 183
80 51
80 24
80 88
80 46
80 6
80 76
80 129
80 139
80 122
80 154
80 182
80 89
80 66
146 135
146 159
146 124
146 164
146 143
146 177
146 168
146 92
146 132
146 34
146 28
146 22
146 17
146 179
146 85
146 180
146 40
146 64
146 35
146 187
146 134
146 49
146 113
146 144
146 156
146 58
146 150
146 9
146 45
146 54
146 5
146 173
146 192
146 107
146 120
146 27
146 21
146 15
146 142
146 52
146 196
146 43
146 176
146 33
146 70
146 74
146 148
146 157
146 59
146 145
146 86
146 91
146 162
146 30
146 166
146 63
146 19
146 102
146 178
146 151
146 136
146 163
146 8
146 48
146 100
146 53
146 69
146 197
146 75
146 186
146 104
146 94
146 138
146 170
146 77
146 184
146 133
146 152
146 81
146 106
146 13
146 4
146 62
146 115
146 14
146 195
146 108
146 147
146 172
146 127
146 123
146 105
146 79
146 25
146 55
146 199
146 149
146 57
146 39
146 103
146 125
146 73
146 32
146 51
146 24
146 119
146 46
146 6
146 129
146 110
146 139
146 182
146 89
146 174
60 124
60 143
60 132
60 34
60 28
60 191
60 22
60 17
60 179
60 180
60 130
60 35
60 134
60 49
60 9
60 45
60 5
60 107
60 120
60 12
60 41
60 27
60 142
60 43
60 145
60 86
60 114
60 166
60 155
60 63
60 102
60 163
60 8
60 197
60 75
60 186
60 104
60 94
60 152
60 106
60 13
60 4
60 62
60 115
60 44
60 71
60 123
60 105
60 25
60 149
60 103
60 32
60 84
60 50
60 24
60 119
60 46
60 6
60 110
60 182
18 159
18 72
18 124
18 68
18 164
18 143
18 168
18 92
18 132
18 28
18 121
18 22
18 17
18 179
18 85
18 180
18 40
18 153
18 64
18 35
18 187
18 49
18 144
18 156
18 58
18 150
18 45
18 26
18 54
18 173
18 120
18 31
18 27
18 21
18 15
18 142
18 196
18 176
18 82
18 74
18 37
18 148
18 157
18 59
18 86
18 91
18 162
18 109
18 63
18 160
18 102
18 178
18 16
18 151
18 136
18 163
18 11
18 1
18 53
18 116
18 75
18 186
18 104
18 94
18 170
18 77
18 190
18 96
18 184
18 133
18 152
18 90
18 81
18 106
18 13
18 4
18 115
18 14
18 137
18 172
18 23
18 127
18 123
18 105
18 79
18 158
18 25
18 55
18 199
18 57
18 39
18 103
18 125
18 32
18 112
18 183
18 51
18 24
18 88
18 46
18 6
18 129
18 139
18 154
18 182
18 89
18 66
135 159
135 29
135 124
135 143
135 168
135 92
135 132
135 128
135 34
135 28
135 191
135 22
135 17
135 179
135 85
135 180
135 40
135 64
135 35
135 187
135 134
135 49
135 113
135 144
135 156
135 58
135 150
135 9
135 45
135 54
135 5
135 173
135 192
135 107
135 120
135 12
135 41
135 27
135 142
135 52
135 196
135 43
135 176
135 33
135 70
135 95
135 74
135 157
135 59
135 145
135 86
135 91
135 162
135 30
135 166
135 63
135 19
135 102
135 178
135 136
135 163
135 8
135 48
135 100
135 53
135 69
135 197
135 75
135 186
135 104
135 94
135 138
135 170
135 184
135 133
135 152
135 81
135 106
135 13
135 4
135 62
135 115
135 14
135 108
135 147
135 172
135 127
135 123
135 105
135 198
135 25
135 55
135 199
135 149
135 103
135 125
135 73
135 32
135 84
135 50
135 51
135 24
135 119
135 46
135 6
135 110
135 139
135 182
135 89
135 174
159 72
159 29
159 124
159 68
159 164
159 143
159 177
159 168
159 92
159 132
159 128
159 34
159 28
159 121
159 191
159 200
159 22
159 17
159 179
159 85
159 56
159 180
159 40
159 153
159 64
159 35
159 187
159 134
159 49
159 113
159 144
159 165
159 156
159 58
159 150
159 9
159 3
159 45
159 26
159 65
159 54
159 93
159 5
159 173
159 192
159 107
159 120
159 12
159 31
159 41
159 27
159 21
159 189
159 15
159 142
159 52
159 61
159 196
159 43
159 176
159 2
159 36
159 33
159 70
159 95
159 82
159 74
159 37
159 148
159 157
159 59
159 145
159 86
159 91
159 162
159 30
159 166
159 109
159 63
159 19
159 160
159 102
159 178
159 16
159 151
159 136
159 163
159 8
159 11
159 48
159 117
159 100
159 1
159 53
159 69
159 116
159 188
159 197
159 75
159 186
159 104
159 94
159 101
159 138
159 141
159 170
159 77
159 190
159 96
159 184
159 38
159 133
159 152
159 90
159 81
159 106
159 13
159 4
159 62
159 115
159 14
159 169
159 195
159 137
159 108
159 67
159 147
159 172
159 23
159 127
159 123
159 105
159 181
159 79
159 158
159 118
159 198
159 25
159 55
159 199
159 149
159 111
159 57
159 39
159 103
159 125
159 73
159 32
159 112
159 84
159 50
159 183
159 51
159 24
159 119
159 88
159 46
159 6
159 76
159 129
159 110
159 139
159 122
159 154
159 182
159 89
159 174
159 66
72 124
72 68
72 164
72 143
72 168
72 92
72 132
72 28
72 121
72 22
72 17
72 179
72 85
72 180
72 40
72 153
72 64
72 35
72 187
72 49
72 144
72 156
72 58
72 150
72 45
72 26
72 54
72 173
72 120
72 31
72 27
72 21
72 15
72 142
72 196
72 176
72 82
72 74
72 37
72 148
72 157
72 59
72 86
72 91
72 162
72 109
72 63
72 160
72 102
72 178
72 16
72 151
72 136
72 163
72 11
72 1
72 53
72 116
72 75
72 186
72 104
72 94
72 141
72 170
72 77
72 190
72 96
72 184
72 38
72 133
72 152
72 90
72 81
72 106
72 13
72 4
72 62
72 115
72 14
72 195
72 137
72 172
72 23
72 127
72 123
72 105
72 79
72 158
72 25
72 55
72 199
72 57
72 39
72 103
72 125
72 73
72 32
72 112
72 183
72 51
72 24
72 88
72 46
72 6
72 129
72 139
72 154
72 182
72 89
72 66
29 124
29 143
29 168
29 132
29 128
29 34
29 28
29 191
29 22
29 17
29 179
29 85
29 180
29 40
29 130
29 35
29 134
29 49
29 144
29 156
29 150
29 9
29 45
29 5
29 192
29 107
29 120
29 12
29 41
29 27
29 142
29 43
29 95
29 74
29 145
29 86
29 162
29 30
29 166
29 63
29 19
29 102
29 178
29 136
29 163
29 8
29 100
29 197
29 75
29 186
29 104
29 94
29 138
29 133
29 152
29 106
29 13
29 4
29 62
29 115
29 44
29 108
29 147
29 172
29 123
29 105
29 198
29 25
29 199
29 161
29 149
29 103
29 125
29 32
29 84
29 50
29 24
29 119
29 46
29 6
29 110
29 139
29 182
124 164
124 143
124 177
124 168
124 92
124 132
124 128
124 34
124 28
124 191
124 22
124 17
124 179
124 85
124 180
124 40
124 130
124 64
124 35
124 187
124 134
124 49
124 113
124 144
124 156
124 58
124 150
124 9
124 45
124 54
124 5
124 173
124 192
124 107
124 120
124 12
124 31
124 41
124 27
124 21
124 15
124 142
124 52
124 196
124 43
124 176
124 33
124 70
124 95
124 74
124 148
124 157
124 59
124 145
124 86
124 91
124 162
124 114
124 30
124 166
124 155
124 63
124 19
124 160
124 102
124 178
124 151
124 136
124 163
124 8
124 11
124 48
124 100
124 53
124 69
124 197
124 75
124 186
124 104
124 94
124 138
124 170
124 77
124 96
124 184
124 133
124 152
124 90
124 81
124 106
124 13
124 4
124 62
124 115
124 44
124 14
124 71
124 195
124 137
124 108
124 147
124 172
124 127
124 123
124 105
124 79
124 198
124 25
124 55
124 199
124 161
124 149
124 57
124 39
124 103
124 125
124 73
124 32
124 112
124 84
124 50
124 183
124 51
124 24
124 119
124 46
124 6
124 129
124 110
124 139
124 154
124 182
124 89
124 174
68 143
68 168
68 92
68 132
68 28
68 121
68 200
68 22
68 179
68 180
68 153
68 35
68 187
68 49
68 144
68 58
68 150
68 45
68 26
68 173
68 31
68 27
68 142
68 2
68 82
68 74
68 37
68 148
68 157
68 59
68 86
68 109
68 160
68 102
68 178
68 16
68 136
68 163
68 11
68 53
68 116
68 188
68 75
68 186
68 104
68 94
68 141
68 170
68 77
68 190
68 184
68 38
68 133
68 152
68 81
68 13
68 4
68 115
68 14
68 169
68 137
68 172
68 127
68 105
68 158
68 25
68 55
68 199
68 57
68 39
68 103
68 88
68 46
68 6
68 76
68 139
68 154
68 182
68 89
68 66
164 143
164 177
164 168
164 92
164 132
164 28
164 121
164 22
164 17
164 179
164 85
164 180
164 40
164 153
164 64
164 35
164 187
164 49
164 144
164 156
164 58
164 150
164 45
164 26
164 54
164 173
164 120
164 31
164 27
164 21
164 15
164 142
164 196
164 176
164 74
164 37
164 148
164 157
164 59
164 86
164 91
164 162
164 109
164 63
164 19
164 160
164 102
164 178
164 16
164 151
164 136
164 163
164 11
164 1
164 53
164 116
164 75
164 186
164 104
164 94
164 170
164 77
164 96
164 184
164 133
164 152
164 90
164 81
164 106
164 13
164 4
164 62
164 115
164 14
164 195
164 137
164 172
164 23
164 127
164 123
164 105
164 79
164 25
164 55
164 199
164 57
164 39
164 103
164 125
164 73
164 32
164 112
164 183
164 51
164 24
164 88
164 46
164 6
164 129
164 139
164 154
164 182
164 89
143 177
143 168
143 92
143 132
143 128
143 34
143 28
143 121
143 191
143 200
143 22
143 17
143 179
143 85
143 56
143 180
143 40
143 130
143 153
143 64
143 35
143 187
143 134
143 49
143 113
143 144
143 165
143 156
143 58
143 150
143 9
143 45
143 26
143 54
143 5
143 173
143 192
143 107
143 120
143 12
143 31
143 41
143 27
143 21
143 189
143 15
143 142
143 52
143 61
143 196
143 43
143 176
143 2
143 36
143 33
143 70
143 95
143 82
143 74
143 37
143 148
143 157
143 59
143 145
143 86
143 91
143 162
143 114
143 30
143 166
143 109
143 63
143 19
143 160
143 102
143 178
143 16
143 151
143 136
143 163
143 8
143 11
143 48
143 117
143 100
143 1
143 53
143 69
143 116
143 188
143 197
143 75
143 186
143 104
143 94
143 138
143 141
143 170
143 77
143 190
143 96
143 184
143 38
143 133
143 152
143 90
143 81
143 106
143 13
143 4
143 62
143 115
143 44
143 14
143 169
143 195
143 137
143 108
143 67
143 147
143 172
143 23
143 127
143 123
143 105
143 79
143 158
143 198
143 25
143 55
143 199
143 161
143 149
143 57
143 39
143 103
143 125
143 73
143 32
143 112
143 84
143 50
143 183
143 51
143 24
143 119
143 88
143 46
143 6
143 76
143 129
143 110
143 139
143 122
143 154
143 182
143 89
143 174
143 66
177 168
177 92
177 132
177 34
177 28
177 22
177 17
177 179
177 85
177 180
177 40
177 64
177 35
177 187
177 134
177 49
177 113
177 144
177 156
177 58
177 150
177 45
177 54
177 173
177 192
177 120
177 27
177 15
177 142
177 52
177 196
177 43
177 176
177 33
177 74
177 148
177 157
177 59
177 86
177 91
177 162
177 63
177 19
177 102
177 178
177 151
177 136
177 163
177 100
177 53
177 197
177 75
177 186
177 104
177 94
177 138
177 170
177 77
177 184
177 133
177 152
177 81
177 106
177 13
177 4
177 62
177 115
177 14
177 195
177 172
177 127
177 123
177 105
177 79
177 25
177 55
177 199
177 149
177 57
177 39
177 103
177 125
177 73
177 32
177 51
177 24
177 46
177 6
177 129
177 139
177 182
177 89
168 92
168 132
168 128
168 34
168 28
168 121
168 191
168 200
168 22
168 17
168 179
168 85
168 180
168 40
168 130
168 153
168 64
168 35
168 187
168 134
168 49
168 113
168 144
168 156
168 58
168 150
168 9
168 45
168 26
168 54
168 5
168 173
168 192
168 107
168 120
168 12
168 31
168 41
168 27
168 21
168 15
168 142
168 52
168 196
168 43
168 176
168 2
168 33
168 70
168 95
168 82
168 74
168 37
168 148
168 157
168 59
168 145
168 86
168 91
168 162
168 30
168 166
168 109
168 63
168 19
168 160
168 102
168 178
168 16
168 151
168 136
168 163
168 8
168 11
168 48
168 100
168 1
168 53
168 69
168 116
168 188
168 197
168 75
168 186
168 104
168 94
168 138
168 141
168 170
168 77
168 190
168 96
168 184
168 38
168 133
168 152
168 90
168 81
168 106
168 13
168 4
168 62
168 115
168 44
168 14
168 169
168 195
168 137
168 108
168 147
168 172
168 23
168 127
168 123
168 105
168 79
168 158
168 198
168 25
168 55
168 199
168 161
168 149
168 57
168 39
168 103
168 125
168 73
168 32
168 112
168 84
168 50
168 183
168 51
168 24
168 119
168 88
168 46
168 6
168 76
168 129
168 110
168 139
168 154
168 182
168 89
168 174
168 66
92 132
92 34
92 28
92 121
92 200
92 22
92 17
92 179
92 85
92 56
92 180
92 40
92 153
92 64
92 35
92 187
92 134
92 49
92 113
92 144
92 165
92 156
92 58
92 150
92 3
92 45
92 26
92 54
92 173
92 192
92 120
92 31
92 27
92 21
92 189
92 15
92 142
92 52
92 61
92 196
92 43
92 176
92 2
92 36
92 33
92 82
92 74
92 37
92 148
92 157
92 59
92 86
92 91
92 162
92 109
92 63
92 19
92 160
92 102
92 178
92 16
92 151
92 136
92 163
92 11
92 117
92 100
92 1
92 53
92 116
92 188
92 197
92 75
92 186
92 104
92 94
92 138
92 141
92 170
92 77
92 190
92 96
92 184
92 38
92 133
92 152
92 90
92 81
92 106
92 13
92 4
92 62
92 115
92 14
92 169
92 195
92 137
92 67
92 172
92 23
92 127
92 123
92 105
92 79
92 158
92 25
92 55
92 199
92 149
92 57
92 39
92 103
92 125
92 73
92 32
92 112
92 183
92 51
92 24
92 88
92 46
92 6
92 76
92 129
92 139
92 122
92 154
92 182
92 89
92 66
132 128
132 34
132 28
132 121
132 191
132 200
132 22
132 17
132 179
132 85
132 56
132 180
132 40
132 130
132 153
132 64
132 35
132 187
132 134
132 49
132 113
132 144
132 165
132 156
132 58
132 150
132 9
132 3
132 45
132 26
132 54
132 93
132 5
132 173
132 192
132 107
132 120
132 12
132 31
132 41
132 27
132 21
132 189
132 15
132 142
132 52
132 61
132 196
132 43
132 176
132 2
132 36
132 33
132 70
132 95
132 82
132 74
132 37
132 148
132 157
132 59
132 145
132 86
132 91
132 162
132 114
132 30
132 166
132 155
132 109
132 63
132 19
132 160
132 102
132 178
132 16
132 151
132 136
132 163
132 8
132 11
132 48
132 117
132 100
132 1
132 53
132 69
132 116
132 188
132 197
132 75
132 186
132 104
132 94
132 101
132 138
132 141
132 170
132 77
132 190
132 96
132 184
132 38
132 133
132 152
132 90
132 81
132 106
132 13
132 4
132 62
132 115
132 44
132 14
132 169
132 71
132 195
132 137
132 108
132 67
132 147
132 172
132 23
132 127
132 123
132 105
132 79
132 158
132 198
132 25
132 55
132 199
132 161
132 149
132 57
132 39
132 103
132 125
132 73
132 32
132 112
132 84
132 50
132 183
132 51
132 24
132 119
132 88
132 46
132 6
132 76
132 129
132 110
132 139
132 122
132 154
132 182
132 89
132 174
132 66
128 34
128 28
128 191
128 22
128 17
128 179
128 85
128 180
128 40
128 130
128 35
128 134
128 49
128 156
128 9
128 45
128 5
128 107
128 120
128 12
128 41
128 27
128 142
128 43
128 95
128 145
128 86
128 162
128 114
128 30
128 166
128 63
128 19
128 102
128 178
128 163
128 8
128 197
128 75
128 186
128 104
128 94
128 138
128 133
128 152
128 106
128 13
128 4
128 62
128 115
128 44
128 123
128 105
128 198
128 25
128 161
128 149
128 103
128 32
128 84
128 50
128 24
128 119
128 46
128 6
128 110
128 139
128 182
34 28
34 191
34 22
34 17
34 179
34 85
34 180
34 40
34 130
34 64
34 35
34 187
34 134
34 49
34 113
34 144
34 156
34 58
34 150
34 9
34 45
34 54
34 5
34 173
34 192
34 107
34 120
34 12
34 41
34 27
34 142
34 52
34 196
34 43
34 176
34 33
34 70
34 95
34 74
34 148
34 157
34 59
34 145
34 86
34 91
34 162
34 114
34 30
34 166
34 155
34 63
34 19
34 102
34 178
34 136
34 163
34 8
34 48
34 100
34 53
34 69
34 197
34 75
34 186
34 104
34 94
34 138
34 170
34 184
34 133
34 152
34 81
34 106
34 13
34 4
34 62
34 115
34 44
34 14
34 71
34 108
34 147
34 172
34 127
34 123
34 105
34 198
34 25
34 55
34 199
34 161
34 149
34 57
34 39
34 103
34 125
34 73
34 32
34 84
34 50
34 51
34 24
34 119
34 46
34 6
34 129
34 110
34 139
34 182
34 89
34 174
28 121
28 191
28 200
28 22
28 17
28 179
28 85
28 56
28 180
28 40
28 130
28 153
28 64
28 35
28 187
28 134
28 49
28 113
28 144
28 165
28 156
28 58
28 150
28 9
28 3
28 45
28 26
28 54
28 93
28 5
28 173
28 192
28 107
28 120
28 12
28 31
28 41
28 27
28 21
28 189
28 15
28 142
28 52
28 61
28 196
28 43
28 176
28 2
28 36
28 33
28 70
28 95
28 82
28 74
28 37
28 148
28 157
28 59
28 145
28 86
28 91
28 162
28 114
28 30
28 166
28 155
28 109
28 63
28 19
28 160
28 102
28 178
28 16
28 151
28 136
28 163
28 8
28 11
28 48
28 117
28 100
28 1
28 53
28 69
28 116
28 188
28 197
28 75
28 186
28 104
28 94
28 101
28 138
28 141
28 170
28 77
28 190
28 96
28 184
28 38
28 133
28 152
28 90
28 81
28 106
28 13
28 4
28 62
28 115
28 44
28 14
28 169
28 71
28 195
28 137
28 108
28 67
28 147
28 172
28 23
28 127
28 123
28 105
28 79
28 158
28 198
28 25
28 55
28 199
28 161
28 149
28 57
28 39
28 103
28 125
28 73
28 32
28 112
28 84
28 50
28 183
28 51
28 24
28 119
28 88
28 46
28 6
28 76
28 129
28 110
28 139
28 122
28 154
28 182
28 89
28 174
28 66
121 200
121 22
121 17
121 179
121 56
121 180
121 40
121 153
121 64
121 35
121 187
121 49
121 144
121 165
121 156
121 58
121 150
121 3
121 45
121 26
121 54
121 173
121 31
121 27
121 189
121 15
121 142
121 61
121 2
121 36
121 82
121 74
121 37
121 148
121 157
121 59
121 86
121 109
121 63
121 160
121 102
121 178
121 16
121 151
121 136
121 163
121 11
121 117
121 1
121 53
121 116
121 188
121 75
121 186
121 104
121 94
121 141
121 170
121 77
121 190
121 184
121 38
121 133
121 152
121 90
121 81
121 106
121 13
121 4
121 115
121 14
121 169
121 137
121 67
121 172
121 23
121 127
121 105
121 79
121 158
121 25
121 55
121 199
121 57
121 39
121 103
121 125
121 32
121 112
121 183
121 51
121 24
121 88
121 46
121 6
121 76
121 129
121 139
121 122
121 154
121 182
121 89
121 66
191 22
191 17
191 179
191 85
191 180
191 40
191 130
191 35
191 134
191 49
191 144
191 156
191 150
191 9
191 45
191 5
191 192
191 107
191 120
191 12
191 41
191 27
191 142
191 43
191 95
191 74
191 145
191 86
191 162
191 114
191 30
191 166
191 155
191 63
191 19
191 102
191 178
191 136
191 163
191 8
191 100
191 197
191 75
191 186
191 104
191 94
191 138
191 133
191 152
191 106
191 13
191 4
191 62
191 115
191 44
191 71
191 147
191 172
191 123
191 105
191 198
191 25
191 199
191 161
191 149
191 103
191 32
191 84
191 50
191 24
191 119
191 46
191 6
191 110
191 139
191 182
200 22
200 179
200 56
200 180
200 153
200 35
200 187
200 49
200 144
200 165
200 58
200 150
200 3
200 45
200 65
200 93
200 173
200 31
200 27
200 189
200 142
200 61
200 2
200 36
200 82
200 74
200 37
200 157
200 59
200 86
200 109
200 160
200 102
200 178
200 16
200 136
200 117
200 53
200 188
200 75
200 186
200 104
200 94
200 101
200 141
200 170
200 190
200 184
200 38
200 133
200 152
200 81
200 13
200 4
200 115
200 169
200 67
200 172
200 105
200 181
200 158
200 118
200 25
200 55
200 199
200 111
200 57
200 39
200 103
200 46
200 6
200 76
200 122
200 154
200 89
200 66
22 17
22 179
22 85
22 56
22 180
22 40
22 130
22 153
22 64
22 35
22 187
22 134
22 49
22 113
22 144
22 165
22 156
22 58
22 150
22 9
22 45
22 26
22 54
22 5
22 173
22 192
22 107
22 120
22 12
22 31
22 41
22 27
22 21
22 189
22 15
22 142
22 52
22 61
22 196
22 43
22 176
22 2
22 36
22 33
22 70
22 95
22 82
22 74
22 37
22 148
22 157
22 59
22 145
22 86
22 91
22 162
22 114
22 30
22 166
22 109
22 63
22 19
22 160
22 102
22 178
22 16
22 151
22 136
22 163
22 8
22 11
22 48
22 117
22 100
22 1
22 53
22 69
22 116
22 188
22 197
22 75
22 186
22 104
22 94
22 138
22 141
22 170
22 77
22 190
22 96
22 184
22 38
22 133
22 152
22 90
22 81
22 106
22 13
22 4
22 62
22 115
22 44
22 14
22 169
22 195
22 137
22 108
22 67
22 147
22 172
22 23
22 127
22 123
22 105
22 79
22 158
22 198
22 25
22 55
22 199
22 161
22 149
22 57
22 39
22 103
22 125
22 73
22 32
22 112
22 84
22 50
22 183
22 51
22 24
22 119
22 88
22 46
22 6
22 76
22 129
22 110
22 139
22 122
22 154
22 182
22 89
22 174
22 66
17 179
17 85
17 180
17 40
17 130
17 153
17 64
17 35
17 187
17 134
17 49
17 113
17 144
17 156
17 58
17 150
17 9
17 45
17 26
17 54
17 5
17 173
17 192
17 107
17 120
17 12
17 31
17 41
17 27
17 21
17 15
17 142
17 52
17 196
17 43
17 176
17 33
17 70
17 95
17 74
17 37
17 148
17 157
17 59
17 145
17 86
17 91
17 162
17 114
17 30
17 166
17 109
17 63
17 19
17 160
17 102
17 178
17 16
17 151
17 136
17 163
17 8
17 11
17 48
17 100
17 1
17 53
17 69
17 116
17 197
17 75
17 186
17 104
17 94
17 138
17 170
17 77
17 96
17 184
17 133
17 152
17 90
17 81
17 106
17 13
17 4
17 62
17 115
17 44
17 14
17 195
17 137
17 108
17 147
17 172
17 23
17 127
17 123
17 105
17 79
17 198
17 25
17 55
17 199
17 161
17 149
17 57
17 39
17 103
17 125
17 73
17 32
17 112
17 84
17 50
17 183
17 51
17 24
17 119
17 88
17 46
17 6
17 129
17 110
17 139
17 154
17 182
17 89
17 174
179 85
179 56
179 180
179 40
179 130
179 153
179 64
179 35
179 187
179 134
179 49
179 113
179 144
179 165
179 156
179 58
179 150
179 9
179 45
179 26
179 54
179 5
179 173
179 192
179 107
179 120
179 12
179 31
179 41
179 27
179 21
179 15
179 142
179 52
179 196
179 43
179 176
179 2
179 33
179 70
179 95
179 82
179 74
179 37
179 148
179 157
179 59
179 145
179 86
179 91
179 162
179 114
179 30
179 166
179 109
179 63
179 19
179 160
179 102
179 178
179 16
179 151
179 136
179 163
179 8
179 11
179 48
179 100
179 1
179 53
179 69
179 116
179 188
179 197
179 75
179 186
179 104
179 94
179 138
179 141
179 170
179 77
179 190
179 96
179 184
179 38
179 133
179 152
179 90
179 81
179 106
179 13
179 4
179 62
179 115
179 44
179 14
179 169
179 195
179 137
179 108
179 67
179 147
179 172
179 23
179 127
179 123
179 105
179 79
179 158
179 198
179 25
179 55
179 199
179 161
179 149
179 57
179 39
179 103
179 125
179 73
179 32
179 112
179 84
179 50
179 183
179 51
179 24
179 119
179 88
179 46
179 6
179 76
179 129
179 110
179 139
179 154
179 182
179 89
179 174
179 66
85 180
85 40
85 130
85 64
85 35
85 187
85 134
85 49
85 113
85 144
85 156
85 58
85 150
85 9
85 45
85 54
85 5
85 173
85 192
85 107
85 120
85 12
85 41
85 27
85 21
85 15
85 142
85 52
85 196
85 43
85 176
85 33
85 70
85 95
85 74
85 148
85 157
85 59
85 145
85 86
85 91
85 162
85 30
85 166
85 63
85 19
85 102
85 178
85 151
85 136
85 163
85 8
85 48
85 100
85 53
85 69
85 197
85 75
85 186
85 104
85 94
85 138
85 170
85 77
85 184
85 133
85 152
85 81
85 106
85 13
85 4
85 62
85 115
85 44
85 14
85 195
85 137
85 108
85 147
85 172
85 127
85 123
85 105
85 79
85 198
85 25
85 55
85 199
85 161
85 149
85 57
85 39
85 103
85 125
85 73
85 32
85 112
85 84
85 50
85 183
85 51
85 24
85 119
85 46
85 6
85 129
85 110
85 139
85 154
85 182
85 89
85 174
56 180
56 153
56 35
56 187
56 49
56 165
56 58
56 150
56 31
56 27
56 142
56 2
56 74
56 37
56 157
56 59
56 86
56 109
56 160
56 102
56 16
56 136
56 53
56 188
56 75
56 186
56 104
56 94
56 141
56 170
56 190
56 184
56 133
56 152
56 13
56 4
56 115
56 169
56 67
56 172
56 25
56 55
56 57
56 39
56 103
56 46
56 6
56 76
56 154
56 89
56 66
180 40
180 130
180 153
180 64
180 35
180 187
180 134
180 49
180 113
180 144
180 165
180 156
180 58
180 150
180 9
180 3
180 45
180 26
180 65
180 54
180 93
180 5
180 173
180 192
180 107
180 120
180 12
180 31
180 41
180 27
180 21
180 189
180 15
180 142
180 52
180 61
180 196
180 43
180 176
180 2
180 36
180 33
180 70
180 95
180 82
180 74
180 37
180 148
180 157
180 59
180 145
180 86
180 91
180 162
180 114
180 30
180 166
180 109
180 63
180 19
180 160
180 102
180 178
180 16
180 151
180 136
180 163
180 8
180 11
180 48
180 117
180 100
180 1
180 53
180 69
180 116
180 188
180 197
180 75
180 186
180 104
180 94
180 101
180 138
180 141
180 170
180 77
180 190
180 96
180 184
180 38
180 133
180 152
180 90
180 81
180 106
180 13
180 4
180 62
180 115
180 44
180 14
180 169
180 195
180 137
180 108
180 67
180 147
180 172
180 23
180 127
180 123
180 105
180 181
180 79
180 158
180 118
180 198
180 25
180 55
180 199
180 161
180 149
180 57
180 39
180 103
180 125
180 73
180 32
180 112
180 84
180 50
180 183
180 51
180 24
180 119
180 88
180 46
180 6
180 76
180 129
180 110
180 139
180 122
180 154
180 182
180 89
180 174
180 66
40 130
40 64
40 35
40 187
40 134
40 49
40 113
40 144
40 156
40 58
40 150
40 9
40 45
40 54
40 5
40 173
40 192
40 107
40 120
40 12
40 31
40 41
40 27
40 21
40 15
40 142
40 52
40 196
40 43
40 176
40 33
40 70
40 95
40 74
40 148
40 157
40 59
40 145
40 86
40 91
40 162
40 114
40 30
40 166
40 109
40 63
40 19
40 160
40 102
40 178
40 16
40 151
40 136
40 163
40 8
40 11
40 48
40 100
40 1
40 53
40 69
40 116
40 197
40 75
40 186
40 104
40 94
40 138
40 170
40 77
40 96
40 184
40 133
40 152
40 90
40 81
40 106
40 13
40 4
40 62
40 115
40 44
40 14
40 195
40 137
40 108
40 147
40 172
40 23
40 127
40 123
40 105
40 79
40 198
40 25
40 55
40 199
40 161
40 149
40 57
40 39
40 103
40 125
40 73
40 32
40 112
40 84
40 50
40 183
40 51
40 24
40 119
40 46
40 6
40 129
40 110
40 139
40 154
40 182
40 89
40 174
130 35
130 134
130 49
130 9
130 45
130 5
130 107
130 120
130 12
130 41
130 27
130 142
130 43
130 95
130 145
130 86
130 114
130 30
130 166
130 155
130 63
130 102
130 163
130 8
130 197
130 75
130 186
130 104
130 94
130 138
130 152
130 106
130 13
130 4
130 62
130 115
130 44
130 71
130 123
130 105
130 25
130 161
130 149
130 103
130 32
130 84
130 50
130 24
130 119
130 46
130 6
130 110
130 139
130 182
153 35
153 187
153 49
153 144
153 165
153 156
153 58
153 150
153 3
153 45
153 26
153 65
153 54
153 93
153 173
153 31
153 27
153 189
153 15
153 142
153 61
153 2
153 36
153 82
153 74
153 37
153 148
153 157
153 59
153 86
153 109
153 63
153 160
153 102
153 178
153 16
153 151
153 136
153 163
153 11
153 117
153 1
153 53
153 116
153 188
153 75
153 186
153 104
153 94
153 101
153 141
153 170
153 77
153 190
153 184
153 38
153 133
153 152
153 90
153 81
153 106
153 13
153 4
153 115
153 14
153 169
153 137
153 67
153 172
153 23
153 127
153 105
153 181
153 79
153 158
153 118
153 25
153 55
153 199
153 111
153 57
153 39
153 103
153 125
153 32
153 112
153 183
153 51
153 88
153 46
153 6
153 76
153 129
153 139
153 122
153 154
153 182
153 89
153 66
64 35
64 187
64 134
64 49
64 113
64 144
64 156
64 58
64 150
64 9
64 45
64 54
64 5
64 173
64 192
64 107
64 120
64 31
64 27
64 21
64 15
64 142
64 52
64 196
64 43
64 176
64 33
64 74
64 148
64 157
64 59
64 145
64 86
64 91
64 162
64 30
64 166
64 109
64 63
64 19
64 160
64 102
64 178
64 16
64 151
64 136
64 163
64 11
64 48
64 100
64 1
64 53
64 69
64 116
64 197
64 75
64 186
64 104
64 94
64 138
64 170
64 77
64 96
64 184
64 133
64 152
64 90
64 81
64 106
64 13
64 4
64 62
64 115
64 14
64 195
64 137
64 108
64 172
64 23
64 127
64 123
64 105
64 79
64 25
64 55
64 199
64 149
64 57
64 39
64 103
64 125
64 73
64 32
64 112
64 183
64 51
64 24
64 46
64 6
64 129
64 110
64 139
64 154
64 182
64 89
35 187
35 134
35 49
35 113
35 144
35 165
35 156
35 58
35 150
35 9
35 3
35 45
35 26
35 54
35 93
35 5
35 173
35 192
35 107
35 120
35 12
35 31
35 41
35 27
35 21
35 189
35 15
35 142
35 52
35 61
35 196
35 43
35 176
35 2
35 36
35 33
35 70
35 95
35 82
35 74
35 37
35 148
35 157
35 59
35 145
35 86
35 91
35 162
35 114
35 30
35 166
35 155
35 109
35 63
35 19
35 160
35 102
35 178
35 16
35 151
35 136
35 163
35 8
35 11
35 48
35 117
35 100
35 1
35 53
35 69
35 116
35 188
35 197
35 75
35 186
35 104
35 94
35 101
35 138
35 141
35 170
35 77
35 190
35 96
35 184
35 38
35 133
35 152
35 90
35 81
35 106
35 13
35 4
35 62
35 115
35 44
35 14
35 169
35 71
35 195
35 137
35 108
35 67
35 147
35 172
35 23
35 127
35 123
35 105
35 79
35 158
35 198
35 25
35 55
35 199
35 161
35 149
35 57
35 39
35 103
35 125
35 73
35 32
35 112
35 84
35 50
35 183
35 51
35 24
35 119
35 88
35 46
35 6
35 76
35 129
35 110
35 139
35 122
35 154
35 182
35 89
35 174
35 66
187 134
187 49
187 113
187 144
187 165
187 156
187 58
187 150
187 9
187 3
187 45
187 26
187 54
187 173
187 192
187 107
187 120
187 31
187 27
187 21
187 189
187 15
187 142
187 52
187 61
187 196
187 43
187 176
187 2
187 36
187 33
187 82
187 74
187 37
187 148
187 157
187 59
187 145
187 86
187 91
187 162
187 166
187 109
187 63
187 19
187 160
187 102
187 178
187 16
187 151
187 136
187 163
187 11
187 48
187 117
187 100
187 1
187 53
187 69
187 116
187 188
187 197
187 75
187 186
187 104
187 94
187 101
187 138
187 141
187 170
187 77
187 190
187 96
187 184
187 38
187 133
187 152
187 90
187 81
187 106
187 13
187 4
187 62
187 115
187 14
187 169
187 195
187 137
187 108
187 67
187 172
187 23
187 127
187 123
187 105
187 79
187 158
187 25
187 55
187 199
187 149
187 57
187 39
187 103
187 125
187 73
187 32
187 112
187 183
187 51
187 24
187 88
187 46
187 6
187 76
187 129
187 110
187 139
187 122
187 154
187 182
187 89
187 66
134 49
134 113
134 144
134 156
134 58
134 150
134 9
134 45
134 54
134 5
134 173
134 192
134 107
134 120
134 12
134 41
134 27
134 15
134 142
134 52
134 196
134 43
134 176
134 33
134 70
134 95
134 74
134 148
134 157
134 59
134 145
134 86
134 91
134 162
134 114
134 30
134 166
134 155
134 63
134 19
134 102
134 178
134 151
134 136
134 163
134 8
134 48
134 100
134 53
134 69
134 197
134 75
134 186
134 104
134 94
134 138
134 170
134 77
134 184
134 133
134 152
134 81
134 106
134 13
134 4
134 62
134 115
134 44
134 14
134 71
134 108
134 147
134 172
134 127
134 123
134 105
134 79
134 198
134 25
134 55
134 199
134 161
134 149
134 57
134 39
134 103
134 125
134 73
134 32
134 84
134 50
134 51
134 24
134 119
134 46
134 6
134 129
134 110
134 139
134 182
134 89
134 174
49 113
49 144
49 165
49 156
49 58
49 150
49 9
49 3
49 45
49 26
49 54
49 93
49 5
49 173
49 192
49 107
49 120
49 12
49 31
49 41
49 27
49 21
49 189
49 15
49 142
49 52
49 61
49 196
49 43
49 176
49 2
49 36
49 33
49 70
49 95
49 82
49 74
49 37
49 148
49 157
49 59
49 145
49 86
49 91
49 162
49 114
49 30
49 166
49 155
49 109
49 63
49 19
49 160
49 102
49 178
49 16
49 151
49 136
49 163
49 8
49 11
49 48
49 117
49 100
49 1
49 53
49 69
49 116
49 188
49 197
49 75
49 186
49 104
49 94
49 101
49 138
49 141
49 170
49 77
49 190
49 96
49 184
49 38
49 133
49 152
49 90
49 81
49 106
49 13
49 4
49 62
49 115
49 44
49 14
49 169
49 71
49 195
49 137
49 108
49 67
49 147
49 172
49 23
49 127
49 123
49 105
49 79
49 158
49 198
49 25
49 55
49 199
49 161
49 149
49 57
49 39
49 103
49 125
49 73
49 32
49 112
49 84
49 50
49 183
49 51
49 24
49 119
49 88
49 46
49 6
49 76
49 129
49 110
49 139
49 122
49 154
49 182
49 89
49 174
49 66
113 144
113 156
113 58
113 150
113 9
113 45
113 54
113 5
113 173
113 192
113 107
113 120
113 27
113 142
113 52
113 196
113 43
113 176
113 33
113 70
113 95
113 74
113 148
113 157
113 59
113 145
113 86
113 91
113 162
113 30
113 166
113 63
113 19
113 102
113 178
113 136
113 163
113 8
113 48
113 100
113 53
113 69
113 197
113 75
113 186
113 104
113 94
113 138
113 170
113 184
113 133
113 152
113 81
113 106
113 13
113 4
113 62
113 115
113 14
113 108
113 147
113 172
113 127
113 123
113 105
113 25
113 55
113 199
113 149
113 57
113 39
113 103
113 125
113 73
113 32
113 51
113 24
113 119
113 46
113 6
113 129
113 110
113 139
113 182
113 89
113 174
144 156
144 58
144 150
144 9
144 45
144 26
144 54
144 5
144 173
144 192
144 107
144 120
144 31
144 41
144 27
144 21
144 15
144 142
144 52
144 196
144 43
144 176
144 2
144 33
144 70
144 95
144 82
144 74
144 37
144 148
144 157
144 59
144 145
144 86
144 91
144 162
144 30
144 166
144 109
144 63
144 19
144 160
144 102
144 178
144 16
144 151
144 136
144 163
144 8
144 11
144 48
144 100
144 1
144 53
144 69
144 116
144 188
144 197
144 75
144 186
144 104
144 94
144 138
144 141
144 170
144 77
144 190
144 96
144 184
144 38
144 133
144 152
144 90
144 81
144 106
144 13
144 4
144 62
144 115
144 14
144 195
144 137
144 108
144 147
144 172
144 23
144 127
144 123
144 105
144 79
144 158
144 198
144 25
144 55
144 199
144 149
144 57
144 39
144 103
144 125
144 73
144 32
144 112
144 84
144 183
144 51
144 24
144 119
144 88
144 46
144 6
144 129
144 110
144 139
144 154
144 182
144 89
144 174
144 66
165 58
165 150
165 3
165 93
165 31
165 27
165 189
165 142
165 61
165 2
165 36
165 74
165 37
165 157
165 59
165 86
165 109
165 160
165 102
165 16
165 136
165 117
165 53
165 188
165 75
165 186
165 104
165 94
165 101
165 141
165 170
165 190
165 184
165 133
165 152
165 13
165 4
165 115
165 169
165 67
165 172
165 25
165 55
165 57
165 39
165 103
165 46
165 6
165 76
165 122
165 154
165 89
165 66
156 58
156 150
156 9
156 45
156 26
156 54
156 5
156 173
156 192
156 107
156 120
156 12
156 31
156 41
156 27
156 21
156 15
156 142
156 52
156 196
156 43
156 176
156 33
156 70
156 95
156 74
156 37
156 148
156 157
156 59
156 145
156 86
156 91
156 162
156 30
156 166
156 109
156 63
156 19
156 160
156 102
156 178
156 16
156 151
156 136
156 163
156 8
156 11
156 48
156 100
156 1
156 53
156 69
156 116
156 197
156 75
156 186
156 104
156 94
156 138
156 170
156 77
156 96
156 184
156 133
156 152
156 90
156 81
156 106
156 13
156 4
156 62
156 115
156 14
156 195
156 137
156 108
156 147
156 172
156 23
156 127
156 123
156 105
156 79
156 198
156 25
156 55
156 199
156 149
156 57
156 39
156 103
156 125
156 73
156 32
156 112
156 84
156 50
156 183
156 51
156 24
156 119
156 88
156 46
156 6
156 129
156 110
156 139
156 154
156 182
156 89
156 174
58 150
58 9
58 3
58 45
58 26
58 54
58 93
58 5
58 173
58 192
58 107
58 120
58 31
58 27
58 21
58 189
58 15
58 142
58 52
58 61
58 196
58 43
58 176
58 2
58 36
58 33
58 70
58 82
58 74
58 37
58 148
58 157
58 59
58 145
58 86
58 91
58 162
58 30
58 166
58 109
58 63
58 19
58 160
58 102
58 178
58 16
58 151
58 136
58 163
58 8
58 11
58 48
58 117
58 100
58 1
58 53
58 69
58 116
58 188
58 197
58 75
58 186
58 104
58 94
58 101
58 138
58 141
58 170
58 77
58 190
58 96
58 184
58 38
58 133
58 152
58 90
58 81
58 106
58 13
58 4
58 62
58 115
58 14
58 169
58 195
58 137
58 108
58 67
58 147
58 172
58 23
58 127
58 123
58 105
58 79
58 158
58 25
58 55
58 199
58 149
58 57
58 39
58 103
58 125
58 73
58 32
58 112
58 183
58 51
58 24
58 119
58 88
58 46
58 6
58 76
58 129
58 110
58 139
58 122
58 154
58 182
58 89
58 174
58 66
150 9
150 3
150 45
150 26
150 65
150 54
150 93
150 5
150 173
150 192
150 107
150 120
150 12
150 31
150 41
150 27
150 21
150 189
150 15
150 142
150 52
150 61
150 196
150 43
150 176
150 2
150 36
150 33
150 70
150 95
150 82
150 74
150 37
150 148
150 157
150 59
150 145
150 86
150 91
150 162
150 30
150 166
150 109
150 63
150 19
150 160
150 102
150 178
150 16
150 151
150 136
150 163
150 8
150 11
150 48
150 117
150 100
150 1
150 53
150 69
150 116
150 188
150 197
150 75
150 186
150 104
150 94
150 101
150 138
150 141
150 170
150 77
150 190
150 96
150 184
150 38
150 133
150 152
150 90
150 81
150 106
150 13
150 4
150 62
150 115
150 14
150 169
150 195
150 137
150 108
150 67
150 147
150 172
150 23
150 127
150 123
150 105
150 181
150 79
150 158
150 118
150 198
150 25
150 55
150 199
150 149
150 111
150 57
150 39
150 103
150 125
150 73
150 32
150 112
150 84
150 50
150 183
150 51
150 24
150 119
150 88
150 46
150 6
150 76
150 129
150 110
150 139
150 122
150 154
150 182
150 89
150 174
150 66
9 45
9 54
9 5
9 173
9 192
9 107
9 120
9 12
9 41
9 27
9 142
9 52
9 196
9 43
9 176
9 33
9 70
9 95
9 74
9 157
9 59
9 145
9 86
9 91
9 162
9 114
9 30
9 166
9 155
9 63
9 19
9 102
9 178
9 136
9 163
9 8
9 100
9 53
9 69
9 197
9 75
9 186
9 104
9 94
9 138
9 170
9 133
9 152
9 81
9 106
9 13
9 4
9 62
9 115
9 44
9 14
9 71
9 108
9 147
9 172
9 127
9 123
9 105
9 198
9 25
9 55
9 199
9 161
9 149
9 103
9 125
9 73
9 32
9 84
9 50
9 51
9 24
9 119
9 46
9 6
9 110
9 139
9 182
9 89
9 174
3 93
3 27
3 189
3 142
3 61
3 2
3 74
3 157
3 59
3 86
3 109
3 160
3 102
3 16
3 136
3 117
3 53
3 188
3 186
3 104
3 94
3 101
3 141
3 170
3 190
3 184
3 133
3 152
3 13
3 4
3 115
3 169
3 55
3 57
3 39
3 6
3 76
3 122
3 154
3 66
45 26
45 54
45 5
45 173
45 192
45 107
45 120
45 12
45 31
45 41
45 27
45 21
45 15
45 142
45 52
45 196
45 43
45 176
45 2
45 33
45 70
45 95
45 82
45 74
45 37
45 148
45 157
45 59
45 145
45 86
45 91
45 162
45 114
45 30
45 166
45 155
45 109
45 63
45 19
45 160
45 102
45 178
45 16
45 151
45 136
45 163
45 8
45 11
45 48
45 100
45 1
45 53
45 69
45 116
45 188
45 197
45 75
45 186
45 104
45 94
45 138
45 141
45 170
45 77
45 190
45 96
45 184
45 38
45 133
45 152
45 90
45 81
45 106
45 13
45 4
45 62
45 115
45 44
45 14
45 169
45 71
45 195
45 137
45 108
45 147
45 172
45 23
45 127
45 123
45 105
45 79
45 158
45 198
45 25
45 55
45 199
45 161
45 149
45 57
45 39
45 103
45 125
45 73
45 32
45 112
45 84
45 50
45 183
45 51
45 24
45 119
45 88
45 46
45 6
45 76
45 129
45 110
45 139
45 154
45 182
45 89
45 174
45 66
26 173
26 31
26 27
26 15
26 142
26 82
26 74
26 37
26 148
26 157
26 59
26 86
26 109
26 63
26 160
26 102
26 178
26 16
26 151
26 136
26 163
26 11
26 1
26 53
26 116
26 75
26 186
26 104
26 94
26 170
26 77
26 190
26 184
26 133
26 152
26 90
26 81
26 106
26 13
26 4
26 115
26 14
26 137
26 172
26 23
26 127
26 105
26 79
26 158
26 25
26 55
26 199
26 57
26 39
26 103
26 125
26 32
26 112
26 183
26 51
26 88
26 46
26 6
26 129
26 139
26 154
26 182
26 89
26 66
65 93
65 27
65 189
65 142
65 61
65 2
65 74
65 59
65 86
65 109
65 160
65 16
65 53
65 186
65 141
65 170
65 190
65 115
65 181
65 57
65 39
65 6
65 154
54 173
54 192
54 107
54 120
54 31
54 27
54 21
54 15
54 142
54 52
54 196
54 43
54 176
54 33
54 74
54 37
54 148
54 157
54 59
54 145
54 86
54 91
54 162
54 166
54 109
54 63
54 19
54 160
54 102
54 178
54 16
54 151
54 136
54 163
54 11
54 48
54 100
54 1
54 53
54 69
54 116
54 197
54 75
54 186
54 104
54 94
54 138
54 170
54 77
54 96
54 184
54 133
54 152
54 90
54 81
54 106
54 13
54 4
54 62
54 115
54 14
54 195
54 137
54 172
54 23
54 127
54 123
54 105
54 79
54 25
54 55
54 199
54 149
54 57
54 39
54 103
54 125
54 73
54 32
54 112
54 183
54 51
54 24
54 46
54 6
54 129
54 139
54 154
54 182
54 89
93 27
93 189
93 142
93 61
93 2
93 74
93 157
93 59
93 86
93 109
93 160
93 16
93 136
93 53
93 188
93 186
93 101
93 141
93 170
93 190
93 184
93 4
93 115
93 169
93 181
93 118
93 55
93 111
93 57
93 39
93 6
93 76
93 154
5 173
5 192
5 107
5 120
5 12
5 41
5 27
5 142
5 52
5 196
5 43
5 176
5 33
5 70
5 95
5 74
5 157
5 59
5 145
5 86
5 91
5 162
5 114
5 30
5 166
5 155
5 63
5 19
5 102
5 178
5 136
5 163
5 8
5 100
5 53
5 197
5 75
5 186
5 104
5 94
5 138
5 170
5 133
5 152
5 81
5 106
5 13
5 4
5 62
5 115
5 44
5 14
5 71
5 108
5 147
5 172
5 123
5 105
5 198
5 25
5 55
5 199
5 161
5 149
5 103
5 125
5 73
5 32
5 84
5 50
5 24
5 119
5 46
5 6
5 110
5 139
5 182
5 89
5 174
173 192
173 107
173 120
173 31
173 27
173 21
173 15
173 142
173 52
173 196
173 43
173 176
173 2
173 33
173 70
173 82
173 74
173 37
173 148
173 157
173 59
173 145
173 86
173 91
173 162
173 30
173 166
173 109
173 63
173 19
173 160
173 102
173 178
173 16
173 151
173 136
173 163
173 8
173 11
173 48
173 100
173 1
173 53
173 69
173 116
173 188
173 197
173 75
173 186
173 104
173 94
173 138
173 141
173 170
173 77
173 190
173 96
173 184
173 38
173 133
173 152
173 90
173 81
173 106
173 13
173 4
173 62
173 115
173 14
173 195
173 137
173 108
173 147
173 172
173 23
173 127
173 123
173 105
173 79
173 158
173 25
173 55
173 199
173 149
173 57
173 39
173 103
173 125
173 73
173 32
173 112
173 183
173 51
173 24
173 119
173 88
173 46
173 6
173 129
173 110
173 139
173 154
173 182
173 89
173 174
173 66
192 107
192 120
192 12
192 41
192 27
192 142
192 52
192 196
192 43
192 176
192 33
192 70
192 95
192 74
192 157
192 59
192 145
192 86
192 91
192 162
192 30
192 166
192 63
192 19
192 102
192 178
192 136
192 163
192 8
192 48
192 100
192 53
192 69
192 197
192 75
192 186
192 104
192 94
192 138
192 170
192 184
192 133
192 152
192 81
192 106
192 13
192 4
192 62
192 115
192 14
192 108
192 147
192 172
192 127
192 123
192 105
192 198
192 25
192 55
192 199
192 149
192 39
192 103
192 125
192 73
192 32
192 84
192 50
192 51
192 24
192 119
192 46
192 6
192 129
192 110
192 139
192 182
192 89
192 174
107 120
107 12
107 41
107 27
107 142
107 52
107 196
107 43
107 176
107 33
107 70
107 95
107 74
107 157
107 59
107 145
107 86
107 91
107 162
107 114
107 30
107 166
107 63
107 19
107 102
107 178
107 136
107 163
107 8
107 48
107 100
107 53
107 69
107 197
107 75
107 186
107 104
107 94
107 138
107 170
107 133
107 152
107 81
107 106
107 13
107 4
107 62
107 115
107 44
107 14
107 108
107 147
107 172
107 127
107 123
107 105
107 198
107 25
107 55
107 199
107 161
107 149
107 103
107 125
107 73
107 32
107 84
107 50
107 51
107 24
107 119
107 46
107 6
107 110
107 139
107 182
107 89
107 174
120 12
120 31
120 41
120 27
120 21
120 15
120 142
120 52
120 196
120 43
120 176
120 33
120 70
120 95
120 74
120 148
120 157
120 59
120 145
120 86
120 91
120 162
120 114
120 30
120 166
120 155
120 63
120 19
120 160
120 102
120 178
120 151
120 136
120 163
120 8
120 11
120 48
120 100
120 53
120 69
120 197
120 75
120 186
120 104
120 94
120 138
120 170
120 77
120 96
120 184
120 133
120 152
120 90
120 81
120 106
120 13
120 4
120 62
120 115
120 44
120 14
120 71
120 195
120 137
120 108
120 147
120 172
120 127
120 123
120 105
120 79
120 198
120 25
120 55
120 199
120 161
120 149
120 57
120 39
120 103
120 125
120 73
120 32
120 112
120 84
120 50
120 183
120 51
120 24
120 119
120 46
120 6
120 129
120 110
120 139
120 154
120 182
120 89
120 174
12 41
12 27
12 142
12 43
12 95
12 74
12 145
12 86
12 162
12 114
12 30
12 166
12 63
12 19
12 102
12 178
12 136
12 163
12 8
12 197
12 75
12 186
12 104
12 94
12 138
12 133
12 152
12 106
12 13
12 4
12 62
12 115
12 44
12 147
12 172
12 123
12 105
12 198
12 25
12 199
12 161
12 149
12 103
12 32
12 84
12 50
12 24
12 119
12 46
12 6
12 110
12 139
12 182
31 27
31 21
31 15
31 142
31 61
31 196
31 2
31 36
31 82
31 74
31 37
31 148
31 157
31 59
31 86
31 91
31 109
31 63
31 160
31 102
31 178
31 16
31 151
31 136
31 163
31 11
31 117
31 1
31 53
31 116
31 188
31 75
31 186
31 104
31 94
31 141
31 170
31 77
31 190
31 184
31 38
31 133
31 152
31 90
31 81
31 106
31 13
31 4
31 115
31 14
31 169
31 137
31 67
31 172
31 23
31 127
31 123
31 105
31 79
31 158
31 25
31 55
31 199
31 57
31 39
31 103
31 125
31 32
31 112
31 183
31 51
31 24
31 88
31 46
31 6
31 76
31 129
31 139
31 122
31 154
31 182
31 89
31 66
41 27
41 142
41 43
41 95
41 74
41 145
41 86
41 162
41 114
41 30
41 166
41 155
41 63
41 19
41 102
41 178
41 136
41 163
41 8
41 197
41 75
41 186
41 104
41 94
41 138
41 133
41 152
41 106
41 13
41 4
41 62
41 115
41 44
41 71
41 147
41 172
41 123
41 105
41 198
41 25
41 199
41 161
41 149
41 103
41 32
41 84
41 50
41 24
41 119
41 46
41 6
41 110
41 139
41 182
27 21
27 189
27 15
27 142
27 52
27 61
27 196
27 43
27 176
27 2
27 36
27 33
27 70
27 95
27 82
27 74
27 37
27 148
27 157
27 59
27 145
27 86
27 91
27 162
27 114
27 30
27 166
27 109
27 63
27 19
27 160
27 102
27 178
27 16
27 151
27 136
27 163
27 8
27 11
27 48
27 117
27 100
27 1
27 53
27 69
27 116
27 188
27 197
27 75
27 186
27 104
27 94
27 101
27 138
27 141
27 170
27 77
27 190
27 96
27 184
27 38
27 133
27 152
27 90
27 81
27 106
27 13
27 4
27 62
27 115
27 44
27 14
27 169
27 195
27 137
27 108
27 67
27 147
27 172
27 23
27 127
27 123
27 105
27 181
27 79
27 158
27 118
27 198
27 25
27 55
27 199
27 161
27 149
27 111
27 57
27 39
27 103
27 125
27 73
27 32
27 112
27 84
27 50
27 183
27 51
27 24
27 119
27 88
27 46
27 6
27 76
27 129
27 110
27 139
27 122
27 154
27 182
27 89
27 174
27 66
21 15
21 142
21 196
21 176
21 74
21 148
21 157
21 59
21 86
21 91
21 162
21 109
21 63
21 160
21 102
21 178
21 16
21 151
21 136
21 163
21 11
21 1
21 53
21 116
21 75
21 186
21 104
21 94
21 170
21 77
21 96
21 184
21 133
21 152
21 90
21 81
21 106
21 13
21 4
21 62
21 115
21 14
21 195
21 137
21 172
21 23
21 127
21 123
21 105
21 79
21 25
21 55
21 199
21 57
21 39
21 103
21 125
21 73
21 32
21 112
21 183
21 51
21 24
21 46
21 6
21 129
21 139
21 154
21 182
21 89
189 142
189 61
189 2
189 74
189 157
189 59
189 86
189 109
189 160
189 102
189 16
189 136
189 117
189 53
189 188
189 186
189 104
189 94
189 101
189 141
189 170
189 190
189 184
189 133
189 152
189 13
189 4
189 115
189 169
189 181
189 118
189 55
189 111
189 57
189 39
189 6
189 76
189 122
189 154
189 66
15 142
15 52
15 196
15 176
15 74
15 37
15 148
15 157
15 59
15 86
15 91
15 162
15 109
15 63
15 19
15 160
15 102
15 178
15 16
15 151
15 136
15 163
15 11
15 100
15 1
15 53
15 116
15 197
15 75
15 186
15 104
15 94
15 170
15 77
15 96
15 184
15 133
15 152
15 90
15 81
15 106
15 13
15 4
15 62
15 115
15 14
15 195
15 137
15 172
15 23
15 127
15 123
15 105
15 79
15 25
15 55
15 199
15 57
15 39
15 103
15 125
15 73
15 32
15 112
15 183
15 51
15 24
15 88
15 46
15 6
15 129
15 139
15 154
15 182
15 89
142 52
142 61
142 196
142 43
142 176
142 2
142 36
142 33
142 70
142 95
142 82
142 74
142 37
142 148
142 157
142 59
142 145
142 86
142 91
142 162
142 114
142 30
142 166
142 155
142 109
142 63
142 19
142 160
142 102
142 178
142 16
142 151
142 136
142 163
142 8
142 11
142 48
142 117
142 100
142 1
142 53
142 69
142 116
142 188
142 197
142 75
142 186
142 104
142 94
142 101
142 138
142 141
142 170
142 77
142 190
142 96
142 184
142 38
142 133
142 152
142 90
142 81
142 106
142 13
142 4
142 62
142 115
142 44
142 14
142 169
142 71
142 195
142 137
142 108
142 67
142 147
142 172
142 23
142 127
142 123
142 105
142 181
142 79
142 158
142 118
142 198
142 25
142 55
142 199
142 161
142 149
142 111
142 57
142 39
142 103
142 125
142 73
142 32
142 112
142 84
142 50
142 183
142 51
142 24
142 119
142 88
142 46
142 6
142 76
142 129
142 110
142 139
142 122
142 154
142 182
142 89
142 174
142 66
52 196
52 43
52 176
52 33
52 70
52 95
52 74
52 148
52 157
52 59
52 145
52 86
52 91
52 162
52 30
52 166
52 63
52 19
52 102
52 178
52 151
52 136
52 163
52 8
52 48
52 100
52 53
52 69
52 197
52 75
52 186
52 104
52 94
52 138
52 170
52 77
52 184
52 133
52 152
52 81
52 106
52 13
52 4
52 62
52 115
52 14
52 195
52 108
52 147
52 172
52 127
52 123
52 105
52 79
52 25
52 55
52 199
52 149
52 57
52 39
52 103
52 125
52 73
52 32
52 51
52 24
52 119
52 46
52 6
52 129
52 110
52 139
52 182
52 89
52 174
61 2
61 36
61 74
61 157
61 59
61 86
61 109
61 160
61 102
61 16
61 136
61 117
61 53
61 188
61 186
61 104
61 94
61 101
61 141
61 170
61 190
61 184
61 133
61 152
61 13
61 4
61 115
61 169
61 172
61 181
61 118
61 55
61 111
61 57
61 39
61 46
61 6
61 76
61 122
61 154
61 66
196 43
196 176
196 33
196 70
196 95
196 74
196 148
196 157
196 59
196 145
196 86
196 91
196 162
196 30
196 166
196 63
196 19
196 160
196 102
196 178
196 16
196 151
196 136
196 163
196 8
196 11
196 48
196 100
196 1
196 53
196 69
196 116
196 197
196 75
196 186
196 104
196 94
196 138
196 170
196 77
196 96
196 184
196 133
196 152
196 90
196 81
196 106
196 13
196 4
196 62
196 115
196 14
196 195
196 137
196 108
196 147
196 172
196 127
196 123
196 105
196 79
196 25
196 55
196 199
196 149
196 57
196 39
196 103
196 125
196 73
196 32
196 112
196 183
196 51
196 24
196 119
196 46
196 6
196 129
196 110
196 139
196 154
196 182
196 89
196 174
43 176
43 33
43 70
43 95
43 74
43 148
43 157
43 59
43 145
43 86
43 91
43 162
43 114
43 30
43 166
43 155
43 63
43 19
43 102
43 178
43 136
43 163
43 8
43 48
43 100
43 53
43 69
43 197
43 75
43 186
43 104
43 94
43 138
43 170
43 184
43 133
43 152
43 81
43 106
43 13
43 4
43 62
43 115
43 44
43 14
43 71
43 108
43 147
43 172
43 127
43 123
43 105
43 198
43 25
43 55
43 199
43 161
43 149
43 39
43 103
43 125
43 73
43 32
43 84
43 50
43 51
43 24
43 119
43 46
43 6
43 129
43 110
43 139
43 182
43 89
43 174
176 33
176 74
176 148
176 157
176 59
176 145
176 86
176 91
176 162
176 166
176 63
176 19
176 102
176 178
176 151
176 136
176 163
176 48
176 100
176 53
176 69
176 197
176 75
176 186
176 104
176 94
176 138
176 170
176 77
176 184
176 133
176 152
176 81
176 106
176 13
176 4
176 62
176 115
176 14
176 195
176 137
176 108
176 172
176 127
176 123
176 105
176 79
176 25
176 55
176 199
176 149
176 57
176 39
176 103
176 125
176 73
176 32
176 112
176 51
176 24
176 46
176 6
176 129
176 110
176 139
176 154
176 182
176 89
2 36
2 82
2 74
2 37
2 157
2 59
2 86
2 109
2 160
2 102
2 178
2 16
2 136
2 117
2 53
2 188
2 75
2 186
2 104
2 94
2 101
2 141
2 170
2 190
2 184
2 38
2 133
2 152
2 81
2 13
2 4
2 115
2 169
2 67
2 172
2 105
2 181
2 158
2 118
2 25
2 55
2 199
2 111
2 57
2 39
2 103
2 46
2 6
2 76
2 122
2 154
2 89
2 66
36 74
36 157
36 59
36 86
36 109
36 160
36 102
36 16
36 136
36 117
36 53
36 188
36 186
36 104
36 94
36 141
36 170
36 190
36 184
36 133
36 152
36 13
36 4
36 115
36 169
36 172
36 55
36 57
36 39
36 46
36 6
36 76
36 122
36 154
36 66
33 74
33 157
33 59
33 145
33 86
33 91
33 162
33 30
33 166
33 63
33 19
33 102
33 178
33 136
33 163
33 48
33 100
33 53
33 69
33 197
33 75
33 186
33 104
33 94
33 138
33 170
33 184
33 133
33 152
33 81
33 106
33 13
33 4
33 62
33 115
33 14
33 108
33 147
33 172
33 127
33 123
33 105
33 25
33 55
33 199
33 149
33 39
33 103
33 125
33 73
33 32
33 51
33 24
33 46
33 6
33 110
33 139
33 182
33 89
70 74
70 157
70 145
70 86
70 162
70 30
70 166
70 63
70 19
70 102
70 178
70 136
70 163
70 8
70 100
70 197
70 75
70 186
70 104
70 94
70 138
70 133
70 152
70 81
70 106
70 13
70 4
70 62
70 115
70 14
70 108
70 147
70 172
70 123
70 105
70 25
70 199
70 149
70 103
70 125
70 73
70 32
70 24
70 119
70 46
70 6
70 110
70 139
70 182
70 89
70 174
95 74
95 157
95 145
95 86
95 162
95 114
95 30
95 166
95 63
95 19
95 102
95 178
95 136
95 163
95 8
95 100
95 197
95 75
95 186
95 104
95 94
95 138
95 133
95 152
95 106
95 13
95 4
95 62
95 115
95 44
95 14
95 108
95 147
95 172
95 123
95 105
95 198
95 25
95 199
95 161
95 149
95 103
95 125
95 73
95 32
95 84
95 50
95 24
95 119
95 46
95 6
95 110
95 139
95 182
95 174
82 74
82 37
82 148
82 157
82 59
82 86
82 109
82 160
82 102
82 178
82 16
82 136
82 163
82 11
82 53
82 116
82 188
82 75
82 186
82 104
82 94
82 141
82 170
82 77
82 190
82 184
82 38
82 133
82 152
82 81
82 13
82 4
82 115
82 14
82 137
82 172
82 127
82 105
82 158
82 25
82 55
82 199
82 57
82 39
82 103
82 88
82 46
82 6
82 76
82 139
82 154
82 182
82 89
82 66
74 37
74 148
74 157
74 59
74 145
74 86
74 91
74 162
74 30
74 166
74 109
74 63
74 19
74 160
74 102
74 178
74 16
74 151
74 136
74 163
74 8
74 11
74 48
74 117
74 100
74 1
74 53
74 69
74 116
74 188
74 197
74 75
74 186
74 104
74 94
74 101
74 138
74 141
74 170
74 77
74 190
74 96
74 184
74 38
74 133
74 152
74 90
74 81
74 106
74 13
74 4
74 62
74 115
74 14
74 169
74 195
74 137
74 108
74 67
74 147
74 172
74 23
74 127
74 123
74 105
74 181
74 79
74 158
74 118
74 198
74 25
74 55
74 199
74 149
74 111
74 57
74 39
74 103
74 125
74 73
74 32
74 112
74 84
74 183
74 51
74 24
74 119
74 88
74 46
74 6
74 76
74 129
74 110
74 139
74 122
74 154
74 182
74 89
74 174
74 66
37 148
37 157
37 59
37 86
37 109
37 63
37 160
37 102
37 178
37 16
37 151
37 136
37 163
37 11
37 1
37 53
37 116
37 188
37 75
37 186
37 104
37 94
37 141
37 170
37 77
37 190
37 184
37 38
37 133
37 152
37 90
37 81
37 106
37 13
37 4
37 115
37 14
37 169
37 137
37 172
37 23
37 127
37 105
37 79
37 158
37 25
37 55
37 199
37 57
37 39
37 103
37 125
37 32
37 112
37 183
37 51
37 88
37 46
37 6
37 76
37 129
37 139
37 154
37 182
37 89
37 66
148 157
148 59
148 86
148 91
148 162
148 109
148 63
148 19
148 160
148 102
148 178
148 16
148 151
148 136
148 163
148 11
148 100
148 1
148 53
148 116
148 197
148 75
148 186
148 104
148 94
148 141
148 170
148 77
148 190
148 96
148 184
148 38
148 133
148 152
148 90
148 81
148 106
148 13
148 4
148 62
148 115
148 14
148 195
148 137
148 172
148 23
148 127
148 123
148 105
148 79
148 158
148 25
148 55
148 199
148 57
148 39
148 103
148 125
148 73
148 32
148 112
148 183
148 51
148 24
148 88
148 46
148 6
148 129
148 139
148 154
148 182
148 89
148 66
157 59
157 145
157 86
157 91
157 162
157 30
157 166
157 109
157 63
157 19
157 160
157 102
157 178
157 16
157 151
157 136
157 163
157 8
157 11
157 48
157 117
157 100
157 1
157 53
157 69
157 116
157 188
157 197
157 75
157 186
157 104
157 94
157 101
157 138
157 141
157 170
157 77
157 190
157 96
157 184
157 38
157 133
157 152
157 90
157 81
157 106
157 13
157 4
157 62
157 115
157 14
157 169
157 195
157 137
157 108
157 67
157 147
157 172
157 23
157 127
157 123
157 105
157 79
157 158
157 25
157 55
157 199
157 149
157 57
157 39
157 103
157 125
157 73
157 32
157 112
157 183
157 51
157 24
157 119
157 88
157 46
157 6
157 76
157 129
157 110
157 139
157 122
157 154
157 182
157 89
157 174
157 66
59 145
59 86
59 91
59 162
59 30
59 166
59 109
59 63
59 19
59 160
59 102
59 178
59 16
59 151
59 136
59 163
59 11
59 48
59 117
59 100
59 1
59 53
59 69
59 116
59 188
59 197
59 75
59 186
59 104
59 94
59 101
59 138
59 141
59 170
59 77
59 190
59 96
59 184
59 38
59 133
59 152
59 90
59 81
59 106
59 13
59 4
59 62
59 115
59 14
59 169
59 195
59 137
59 108
59 67
59 172
59 23
59 127
59 123
59 105
59 181
59 79
59 158
59 118
59 25
59 55
59 199
59 149
59 111
59 57
59 39
59 103
59 125
59 73
59 32
59 112
59 183
59 51
59 24
59 88
59 46
59 6
59 76
59 129
59 110
59 139
59 122
59 154
59 182
59 89
59 66
145 86
145 91
145 162
145 114
145 30
145 166
145 155
145 63
145 19
145 102
145 178
145 136
145 163
145 8
145 48
145 100
145 53
145 69
145 197
145 75
145 186
145 104
145 94
145 138
145 170
145 184
145 133
145 152
145 81
145 106
145 13
145 4
145 62
145 115
145 44
145 14
145 71
145 108
145 147
145 172
145 127
145 123
145 105
145 198
145 25
145 55
145 199
145 161
145 149
145 103
145 125
145 73
145 32
145 84
145 50
145 51
145 24
145 119
145 46
145 6
145 110
145 139
145 182
145 89
145 174
86 91
86 162
86 114
86 30
86 166
86 155
86 109
86 63
86 19
86 160
86 102
86 178
86 16
86 151
86 136
86 163
86 8
86 11
86 48
86 117
86 100
86 1
86 53
86 69
86 116
86 188
86 197
86 75
86 186
86 104
86 94
86 101
86 138
86 141
86 170
86 77
86 190
86 96
86 184
86 38
86 133
86 152
86 90
86 81
86 106
86 13
86 4
86 62
86 115
86 44
86 14
86 169
86 71
86 195
86 137
86 108
86 67
86 147
86 172
86 23
86 127
86 123
86 105
86 181
86 79
86 158
86 118
86 198
86 25
86 55
86 199
86 161
86 149
86 111
86 57
86 39
86 103
86 125
86 73
86 32
86 112
86 84
86 50
86 183
86 51
86 24
86 119
86 88
86 46
86 6
86 76
86 129
86 110
86 139
86 122
86 154
86 182
86 89
86 174
86 66
91 162
91 30
91 166
91 63
91 19
91 160
91 102
91 178
91 16
91 151
91 136
91 163
91 11
91 48
91 100
91 1
91 53
91 69
91 116
91 197
91 75
91 186
91 104
91 94
91 138
91 170
91 77
91 96
91 184
91 133
91 152
91 90
91 81
91 106
91 13
91 4
91 62
91 115
91 14
91 195
91 137
91 108
91 147
91 172
91 127
91 123
91 105
91 79
91 25
91 55
91 199
91 149
91 57
91 39
91 103
91 125
91 73
91 32
91 112
91 183
91 51
91 24
91 46
91 6
91 129
91 110
91 139
91 154
91 182
91 89
162 30
162 166
162 63
162 19
162 102
162 178
162 151
162 136
162 163
162 8
162 48
162 100
162 53
162 69
162 197
162 75
162 186
162 104
162 94
162 138
162 170
162 77
162 96
162 184
162 133
162 152
162 81
162 106
162 13
162 4
162 62
162 115
162 14
162 195
162 137
162 108
162 147
162 172
162 127
162 123
162 105
162 79
162 198
162 25
162 55
162 199
162 161
162 149
162 57
162 39
162 103
162 125
162 73
162 32
162 112
162 84
162 50
162 183
162 51
162 24
162 119
162 46
162 6
162 129
162 110
162 139
162 154
162 182
162 89
162 174
114 30
114 166
114 155
114 63
114 102
114 163
114 8
114 197
114 75
114 186
114 104
114 94
114 138
114 152
114 106
114 13
114 4
114 62
114 115
114 44
114 71
114 123
114 105
114 25
114 161
114 149
114 103
114 32
114 84
114 50
114 24
114 119
114 46
114 6
114 110
114 139
114 182
30 166
30 63
30 19
30 102
30 178
30 136
30 163
30 8
30 100
30 53
30 197
30 75
30 186
30 104
30 94
30 138
30 170
30 133
30 152
30 81
30 106
30 13
30 4
30 62
30 115
30 44
30 14
30 108
30 147
30 172
30 123
30 105
30 198
30 25
30 55
30 199
30 161
30 149
30 103
30 125
30 73
30 32
30 84
30 50
30 24
30 119
30 46
30 6
30 110
30 139
30 182
30 89
30 174
166 63
166 19
166 102
166 178
166 136
166 163
166 8
166 48
166 100
166 53
166 69
166 197
166 75
166 186
166 104
166 94
166 138
166 170
166 184
166 133
166 152
166 81
166 106
166 13
166 4
166 62
166 115
166 44
166 14
166 108
166 147
166 172
166 127
166 123
166 105
166 198
166 25
166 55
166 199
166 161
166 149
166 103
166 125
166 73
166 32
166 84
166 50
166 51
166 24
166 119
166 46
166 6
166 110
166 139
166 182
166 89
166 174
155 8
155 197
155 75
155 104
155 94
155 106
155 13
155 4
155 62
155 115
155 44
155 123
155 105
155 25
155 149
155 103
155 32
155 84
155 50
155 24
155 119
155 6
155 110
109 63
109 160
109 102
109 178
109 16
109 151
109 136
109 163
109 11
109 117
109 1
109 53
109 116
109 188
109 75
109 186
109 104
109 94
109 101
109 141
109 170
109 77
109 190
109 184
109 38
109 133
109 152
109 90
109 81
109 106
109 13
109 4
109 115
109 14
109 169
109 137
109 67
109 172
109 23
109 127
109 105
109 181
109 79
109 158
109 118
109 25
109 55
109 199
109 111
109 57
109 39
109 103
109 125
109 32
109 112
109 183
109 51
109 24
109 88
109 46
109 6
109 76
109 129
109 139
109 122
109 154
109 182
109 89
109 66
63 19
63 160
63 102
63 178
63 16
63 151
63 136
63 163
63 8
63 11
63 48
63 100
63 1
63 53
63 69
63 116
63 197
63 75
63 186
63 104
63 94
63 138
63 170
63 77
63 96
63 184
63 133
63 152
63 90
63 81
63 106
63 13
63 4
63 62
63 115
63 44
63 14
63 195
63 137
63 108
63 147
63 172
63 23
63 127
63 123
63 105
63 79
63 198
63 25
63 55
63 199
63 161
63 149
63 57
63 39
63 103
63 125
63 73
63 32
63 112
63 84
63 50
63 183
63 51
63 24
63 119
63 88
63 46
63 6
63 129
63 110
63 139
63 154
63 182
63 89
63 174
19 102
19 178
19 151
19 136
19 163
19 8
19 48
19 100
19 53
19 69
19 197
19 75
19 186
19 104
19 94
19 138
19 170
19 77
19 184
19 133
19 152
19 81
19 106
19 13
19 4
19 62
19 115
19 14
19 195
19 108
19 147
19 172
19 127
19 123
19 105
19 79
19 198
19 25
19 55
19 199
19 161
19 149
19 57
19 39
19 103
19 125
19 73
19 32
19 84
19 50
19 51
19 24
19 119
19 46
19 6
19 129
19 110
19 139
19 182
19 89
19 174
160 102
160 178
160 16
160 151
160 136
160 163
160 11
160 117
160 1
160 53
160 116
160 188
160 75
160 186
160 104
160 94
160 101
160 141
160 170
160 77
160 190
160 96
160 184
160 38
160 133
160 152
160 90
160 81
160 106
160 13
160 4
160 115
160 14
160 169
160 137
160 67
160 172
160 23
160 127
160 123
160 105
160 181
160 79
160 158
160 118
160 25
160 55
160 199
160 111
160 57
160 39
160 103
160 125
160 32
160 112
160 183
160 51
160 24
160 88
160 46
160 6
160 76
160 129
160 139
160 122
160 154
160 182
160 89
160 66
102 178
102 16
102 151
102 136
102 163
102 8
102 11
102 48
102 117
102 100
102 1
102 53
102 69
102 116
102 188
102 197
102 75
102 186
102 104
102 94
102 138
102 141
102 170
102 77
102 190
102 96
102 184
102 38
102 133
102 152
102 90
102 81
102 106
102 13
102 4
102 62
102 115
102 44
102 14
102 169
102 71
102 195
102 137
102 108
102 67
102 147
102 172
102 23
102 127
102 123
102 105
102 79
102 158
102 198
102 25
102 55
102 199
102 161
102 149
102 57
102 39
102 103
102 125
102 73
102 32
102 112
102 84
102 50
102 183
102 51
102 24
102 119
102 88
102 46
102 6
102 76
102 129
102 110
102 139
102 122
102 154
102 182
102 89
102 174
102 66
178 16
178 151
178 136
178 163
178 8
178 11
178 48
178 100
178 1
178 53
178 69
178 116
178 188
178 197
178 75
178 186
178 104
178 94
178 138
178 141
178 170
178 77
178 190
178 96
178 184
178 38
178 133
178 152
178 90
178 81
178 106
178 13
178 4
178 62
178 115
178 14
178 195
178 137
178 108
178 147
178 172
178 23
178 127
178 123
178 105
178 79
178 158
178 198
178 25
178 55
178 199
178 161
178 149
178 57
178 39
178 103
178 125
178 73
178 32
178 112
178 84
178 50
178 183
178 51
178 24
178 119
178 88
178 46
178 6
178 76
178 129
178 110
178 139
178 154
178 182
178 89
178 174
178 66
16 151
16 136
16 163
16 11
16 117
16 1
16 53
16 116
16 188
16 75
16 186
16 104
16 94
16 101
16 141
16 170
16 77
16 190
16 184
16 38
16 133
16 152
16 90
16 81
16 106
16 13
16 4
16 115
16 14
16 169
16 137
16 67
16 172
16 23
16 127
16 123
16 105
16 181
16 79
16 158
16 118
16 25
16 55
16 199
16 111
16 57
16 39
16 103
16 125
16 32
16 112
16 183
16 51
16 24
16 88
16 46
16 6
16 76
16 129
16 139
16 122
16 154
16 182
16 89
16 66
151 136
151 163
151 11
151 100
151 1
151 53
151 116
151 197
151 75
151 186
151 104
151 94
151 170
151 77
151 96
151 184
151 133
151 152
151 90
151 81
151 106
151 13
151 4
151 62
151 115
151 14
151 195
151 137
151 172
151 23
151 127
151 123
151 105
151 79
151 25
151 55
151 199
151 57
151 39
151 103
151 125
151 73
151 32
151 112
151 183
151 51
151 24
151 88
151 46
151 6
151 129
151 139
151 154
151 182
151 89
136 163
136 8
136 11
136 48
136 117
136 100
136 1
136 53
136 69
136 116
136 188
136 197
136 75
136 186
136 104
136 94
136 101
136 138
136 141
136 170
136 77
136 190
136 96
136 184
136 38
136 133
136 152
136 90
136 81
136 106
136 13
136 4
136 62
136 115
136 14
136 169
136 195
136 137
136 108
136 67
136 147
136 172
136 23
136 127
136 123
136 105
136 79
136 158
136 198
136 25
136 55
136 199
136 149
136 57
136 39
136 103
136 125
136 73
136 32
136 112
136 84
136 50
136 183
136 51
136 24
136 119
136 88
136 46
136 6
136 76
136 129
136 110
136 139
136 122
136 154
136 182
136 89
136 174
136 66
163 8
163 11
163 48
163 100
163 1
163 53
163 69
163 116
163 197
163 75
163 186
163 104
163 94
163 138
163 141
163 170
163 77
163 190
163 96
163 184
163 38
163 133
163 152
163 90
163 81
163 106
163 13
163 4
163 62
163 115
163 44
163 14
163 71
163 195
163 137
163 108
163 147
163 172
163 23
163 127
163 123
163 105
163 79
163 158
163 198
163 25
163 55
163 199
163 161
163 149
163 57
163 39
163 103
163 125
163 73
163 32
163 112
163 84
163 50
163 183
163 51
163 24
163 119
163 88
163 46
163 6
163 129
163 110
163 139
163 154
163 182
163 89
163 174
163 66
8 100
8 197
8 75
8 186
8 104
8 94
8 138
8 133
8 152
8 81
8 106
8 13
8 4
8 62
8 115
8 44
8 14
8 71
8 108
8 147
8 172
8 123
8 105
8 198
8 25
8 199
8 161
8 149
8 103
8 125
8 73
8 32
8 84
8 50
8 24
8 119
8 46
8 6
8 110
8 139
8 182
8 89
8 174
11 1
11 53
11 116
11 75
11 186
11 104
11 94
11 141
11 170
11 77
11 190
11 96
11 184
11 38
11 133
11 152
11 90
11 81
11 106
11 13
11 4
11 115
11 14
11 137
11 172
11 23
11 127
11 123
11 105
11 79
11 158
11 25
11 55
11 199
11 57
11 39
11 103
11 125
11 32
11 112
11 183
11 51
11 24
11 88
11 46
11 6
11 129
11 139
11 154
11 182
11 89
11 66
48 100
48 53
48 69
48 197
48 75
48 186
48 104
48 94
48 138
48 170
48 184
48 133
48 152
48 81
48 106
48 13
48 4
48 62
48 115
48 14
48 172
48 127
48 123
48 105
48 25
48 55
48 199
48 149
48 103
48 125
48 73
48 32
48 51
48 24
48 46
48 6
48 139
48 182
48 89
117 53
117 188
117 186
117 104
117 94
117 141
117 170
117 190
117 184
117 133
117 152
117 13
117 4
117 115
117 169
117 172
117 55
117 57
117 39
117 46
117 6
117 76
117 122
117 154
117 66
100 53
100 69
100 197
100 75
100 186
100 104
100 94
100 138
100 170
100 184
100 133
100 152
100 81
100 106
100 13
100 4
100 62
100 115
100 14
100 108
100 147
100 172
100 127
100 123
100 105
100 198
100 25
100 55
100 199
100 149
100 57
100 39
100 103
100 125
100 73
100 32
100 84
100 51
100 24
100 119
100 46
100 6
100 129
100 110
100 139
100 182
100 89
100 174
1 53
1 116
1 75
1 186
1 104
1 94
1 170
1 77
1 184
1 133
1 152
1 90
1 81
1 106
1 13
1 4
1 115
1 14
1 137
1 172
1 23
1 127
1 123
1 105
1 79
1 25
1 55
1 199
1 57
1 39
1 103
1 125
1 32
1 112
1 183
1 51
1 24
1 88
1 46
1 6
1 129
1 139
1 154
1 182
1 89
53 69
53 116
53 188
53 197
53 75
53 186
53 104
53 94
53 101
53 138
53 141
53 170
53 77
53 190
53 96
53 184
53 38
53 133
53 152
53 90
53 81
53 106
53 13
53 4
53 62
53 115
53 14
53 169
53 195
53 137
53 108
53 67
53 147
53 172
53 23
53 127
53 123
53 105
53 181
53 79
53 158
53 118
53 25
53 55
53 199
53 149
53 111
53 57
53 39
53 103
53 125
53 73
53 32
53 112
53 183
53 51
53 24
53 88
53 46
53 6
53 76
53 129
53 110
53 139
53 122
53 154
53 182
53 89
53 66
69 197
69 75
69 186
69 104
69 94
69 138
69 170
69 184
69 133
69 152
69 81
69 106
69 13
69 4
69 62
69 115
69 14
69 172
69 127
69 123
69 105
69 25
69 55
69 199
69 149
69 103
69 125
69 73
69 32
69 51
69 24
69 46
69 6
69 139
69 182
69 89
116 75
116 186
116 104
116 94
116 170
116 77
116 190
116 184
116 133
116 152
116 90
116 81
116 106
116 13
116 4
116 115
116 14
116 137
116 172
116 23
116 127
116 123
116 105
116 79
116 158
116 25
116 55
116 199
116 57
116 39
116 103
116 125
116 32
116 112
116 183
116 51
116 24
116 88
116 46
116 6
116 129
116 139
116 154
116 182
116 89
116 66
188 75
188 186
188 104
188 94
188 101
188 141
188 170
188 190
188 184
188 38
188 133
188 152
188 81
188 13
188 4
188 115
188 169
188 67
188 172
188 105
188 158
188 25
188 55
188 199
188 57
188 39
188 103
188 46
188 6
188 76
188 122
188 154
188 89
188 66
197 75
197 186
197 104
197 94
197 138
197 170
197 77
197 184
197 133
197 152
197 81
197 106
197 13
197 4
197 62
197 115
197 44
197 14
197 71
197 108
197 147
197 172
197 127
197 123
197 105
197 79
197 198
197 25
197 55
197 199
197 161
197 149
197 57
197 39
197 103
197 125
197 73
197 32
197 84
197 50
197 51
197 24
197 119
197 46
197 6
197 129
197 110
197 139
197 182
197 89
197 174
75 186
75 104
75 94
75 138
75 141
75 170
75 77
75 190
75 96
75 184
75 38
75 133
75 152
75 90
75 81
75 106
75 13
75 4
75 62
75 115
75 44
75 14
75 169
75 71
75 195
75 137
75 108
75 67
75 147
75 172
75 23
75 127
75 123
75 105
75 79
75 158
75 198
75 25
75 55
75 199
75 161
75 149
75 57
75 39
75 103
75 125
75 73
75 32
75 112
75 84
75 50
75 183
75 51
75 24
75 119
75 88
75 46
75 6
75 76
75 129
75 110
75 139
75 154
75 182
75 89
75 174
75 66
186 104
186 94
186 101
186 138
186 141
186 170
186 77
186 190
186 96
186 184
186 38
186 133
186 152
186 90
186 81
186 106
186 13
186 4
186 62
186 115
186 44
186 14
186 169
186 195
186 137
186 108
186 67
186 147
186 172
186 23
186 127
186 123
186 105
186 181
186 79
186 158
186 118
186 198
186 25
186 55
186 199
186 161
186 149
186 111
186 57
186 39
186 103
186 125
186 73
186 32
186 112
186 84
186 50
186 183
186 51
186 24
186 119
186 88
186 46
186 6
186 76
186 129
186 110
186 139
186 122
186 154
186 182
186 89
186 174
186 66
104 94
104 138
104 141
104 170
104 77
104 190
104 96
104 184
104 38
104 133
104 152
104 90
104 81
104 106
104 13
104 4
104 62
104 115
104 44
104 14
104 169
104 71
104 195
104 137
104 108
104 67
104 147
104 172
104 23
104 127
104 123
104 105
104 79
104 158
104 198
104 25
104 55
104 199
104 161
104 149
104 57
104 39
104 103
104 125
104 73
104 32
104 112
104 84
104 50
104 183
104 51
104 24
104 119
104 88
104 46
104 6
104 76
104 129
104 110
104 139
104 122
104 154
104 182
104 89
104 174
104 66
94 138
94 141
94 170
94 77
94 190
94 96
94 184
94 38
94 133
94 152
94 90
94 81
94 106
94 13
94 4
94 62
94 115
94 44
94 14
94 169
94 71
94 195
94 137
94 108
94 67
94 147
94 172
94 23
94 127
94 123
94 105
94 79
94 158
94 198
94 25
94 55
94 199
94 161
94 149
94 57
94 39
94 103
94 125
94 73
94 32
94 112
94 84
94 50
94 183
94 51
94 24
94 119
94 88
94 46
94 6
94 76
94 129
94 110
94 139
94 122
94 154
94 182
94 89
94 174
94 66
101 141
101 170
101 190
101 184
101 152
101 4
101 115
101 169
101 55
101 57
101 39
101 6
101 76
101 154
138 170
138 184
138 133
138 152
138 81
138 106
138 13
138 4
138 62
138 115
138 44
138 14
138 108
138 147
138 172
138 127
138 123
138 105
138 198
138 25
138 55
138 199
138 161
138 149
138 39
138 103
138 125
138 73
138 32
138 84
138 50
138 51
138 24
138 119
138 46
138 6
138 110
138 139
138 182
138 89
138 174
141 170
141 190
141 184
141 38
141 133
141 152
141 81
141 13
141 4
141 115
141 169
141 67
141 172
141 127
141 105
141 158
141 25
141 55
141 199
141 57
141 39
141 103
141 46
141 6
141 76
141 139
141 122
141 154
141 89
141 66
170 77
170 190
170 96
170 184
170 38
170 133
170 152
170 90
170 81
170 106
170 13
170 4
170 62
170 115
170 14
170 169
170 195
170 137
170 108
170 67
170 172
170 23
170 127
170 123
170 105
170 181
170 79
170 158
170 118
170 25
170 55
170 199
170 149
170 111
170 57
170 39
170 103
170 125
170 73
170 32
170 112
170 183
170 51
170 24
170 88
170 46
170 6
170 76
170 129
170 110
170 139
170 122
170 154
170 182
170 89
170 66
77 190
77 96
77 184
77 133
77 152
77 90
77 81
77 106
77 13
77 4
77 62
77 115
77 14
77 195
77 137
77 172
77 23
77 127
77 123
77 105
77 79
77 158
77 25
77 55
77 199
77 57
77 39
77 103
77 125
77 73
77 32
77 112
77 183
77 51
77 24
77 88
77 46
77 6
77 129
77 139
77 154
77 182
77 89
77 66
190 184
190 38
190 133
190 152
190 81
190 13
190 4
190 115
190 14
190 169
190 137
190 67
190 172
190 127
190 105
190 181
190 158
190 118
190 25
190 55
190 199
190 111
190 57
190 39
190 103
190 183
190 88
190 46
190 6
190 76
190 139
190 122
190 154
190 182
190 89
190 66
96 184
96 133
96 152
96 90
96 81
96 106
96 13
96 4
96 115
96 14
96 137
96 172
96 127
96 123
96 105
96 79
96 25
96 55
96 199
96 57
96 39
96 103
96 125
96 32
96 112
96 183
96 51
96 24
96 46
96 6
96 129
96 139
96 154
96 182
96 89
184 38
184 133
184 152
184 90
184 81
184 106
184 13
184 4
184 62
184 115
184 14
184 169
184 195
184 137
184 67
184 172
184 23
184 127
184 123
184 105
184 79
184 158
184 25
184 55
184 199
184 149
184 57
184 39
184 103
184 125
184 73
184 32
184 112
184 183
184 51
184 24
184 88
184 46
184 6
184 76
184 129
184 139
184 122
184 154
184 182
184 89
184 66
38 133
38 152
38 81
38 13
38 4
38 115
38 14
38 137
38 172
38 127
38 105
38 158
38 25
38 55
38 199
38 57
38 39
38 103
38 88
38 46
38 6
38 76
38 139
38 154
38 89
38 66
133 152
133 90
133 81
133 106
133 13
133 4
133 62
133 115
133 14
133 169
133 195
133 137
133 108
133 67
133 147
133 172
133 23
133 127
133 123
133 105
133 79
133 158
133 198
133 25
133 55
133 199
133 161
133 149
133 57
133 39
133 103
133 125
133 73
133 32
133 112
133 84
133 50
133 183
133 51
133 24
133 119
133 88
133 46
133 6
133 76
133 129
133 110
133 139
133 122
133 154
133 182
133 89
133 174
133 66
152 90
152 81
152 106
152 13
152 4
152 62
152 115
152 44
152 14
152 169
152 71
152 195
152 137
152 108
152 67
152 147
152 172
152 23
152 127
152 123
152 105
152 79
152 158
152 198
152 25
152 55
152 199
152 161
152 149
152 57
152 39
152 103
152 125
152 73
152 32
152 112
152 84
152 50
152 183
152 51
152 24
152 119
152 88
152 46
152 6
152 76
152 129
152 110
152 139
152 122
152 154
152 182
152 89
152 174
152 66
90 81
90 106
90 13
90 4
90 115
90 14
90 137
90 172
90 23
90 127
90 123
90 105
90 79
90 25
90 55
90 199
90 57
90 39
90 103
90 125
90 32
90 112
90 183
90 51
90 24
90 46
90 6
90 129
90 139
90 154
90 182
90 89
81 106
81 13
81 4
81 62
81 115
81 14
81 195
81 137
81 108
81 147
81 172
81 23
81 127
81 123
81 105
81 79
81 158
81 25
81 55
81 199
81 149
81 57
81 39
81 103
81 125
81 73
81 32
81 112
81 183
81 51
81 24
81 119
81 88
81 46
81 6
81 129
81 110
81 139
81 154
81 182
81 89
81 174
81 66
106 13
106 4
106 62
106 115
106 44
106 14
106 71
106 195
106 137
106 108
106 147
106 172
106 23
106 127
106 123
106 105
106 79
106 198
106 25
106 55
106 199
106 161
106 149
106 57
106 39
106 103
106 125
106 73
106 32
106 112
106 84
106 50
106 183
106 51
106 24
106 119
106 88
106 46
106 6
106 129
106 110
106 139
106 154
106 182
106 89
106 174
13 4
13 62
13 115
13 44
13 14
13 169
13 71
13 195
13 137
13 108
13 67
13 147
13 172
13 23
13 127
13 123
13 105
13 79
13 158
13 198
13 25
13 55
13 199
13 161
13 149
13 57
13 39
13 103
13 125
13 73
13 32
13 112
13 84
13 50
13 183
13 51
13 24
13 119
13 88
13 46
13 6
13 76
13 129
13 110
13 139
13 122
13 154
13 182
13 89
13 174
13 66
4 62
4 115
4 44
4 14
4 169
4 71
4 195
4 137
4 108
4 67
4 147
4 172
4 23
4 127
4 123
4 105
4 79
4 158
4 198
4 25
4 55
4 199
4 161
4 149
4 57
4 39
4 103
4 125
4 73
4 32
4 112
4 84
4 50
4 183
4 51
4 24
4 119
4 88
4 46
4 6
4 76
4 129
4 110
4 139
4 122
4 154
4 182
4 89
4 174
4 66
62 115
62 44
62 14
62 71
62 195
62 108
62 147
62 172
62 127
62 123
62 105
62 79
62 198
62 25
62 55
62 199
62 161
62 149
62 57
62 39
62 103
62 125
62 73
62 32
62 84
62 50
62 51
62 24
62 119
62 46
62 6
62 129
62 110
62 139
62 182
62 89
62 174
115 44
115 14
115 169
115 71
115 195
115 137
115 108
115 67
115 147
115 172
115 23
115 127
115 123
115 105
115 181
115 79
115 158
115 118
115 198
115 25
115 55
115 199
115 161
115 149
115 111
115 57
115 39
115 103
115 125
115 73
115 32
115 112
115 84
115 50
115 183
115 51
115 24
115 119
115 88
115 46
115 6
115 76
115 129
115 110
115 139
115 122
115 154
115 182
115 89
115 174
115 66
44 71
44 123
44 105
44 25
44 161
44 149
44 103
44 32
44 84
44 50
44 24
44 119
44 46
44 6
44 110
44 139
44 182
14 195
14 137
14 108
14 147
14 172
14 23
14 127
14 123
14 105
14 79
14 158
14 25
14 55
14 199
14 149
14 57
14 39
14 103
14 125
14 73
14 32
14 112
14 183
14 51
14 24
14 119
14 88
14 46
14 6
14 129
14 110
14 139
14 154
14 182
14 89
14 174
14 66
169 67
169 172
169 25
169 55
169 57
169 39
169 103
169 46
169 6
169 76
169 122
169 154
169 89
169 66
71 123
71 105
71 25
71 149
71 103
71 32
71 84
71 50
71 24
71 119
71 6
71 110
195 172
195 127
195 123
195 105
195 79
195 25
195 55
195 199
195 57
195 39
195 103
195 125
195 73
195 32
195 112
195 51
195 24
195 46
195 6
195 129
195 139
195 154
195 182
195 89
137 172
137 23
137 127
137 123
137 105
137 79
137 158
137 25
137 55
137 199
137 57
137 39
137 103
137 125
137 32
137 112
137 183
137 51
137 24
137 88
137 46
137 6
137 129
137 139
137 154
137 182
137 89
137 66
108 147
108 172
108 123
108 105
108 25
108 55
108 199
108 149
108 103
108 125
108 73
108 32
108 84
108 24
108 119
108 46
108 6
108 110
108 139
108 182
108 89
108 174
67 172
67 25
67 55
67 57
67 39
67 103
67 46
67 6
67 76
67 154
67 89
67 66
147 172
147 123
147 105
147 198
147 25
147 55
147 199
147 149
147 103
147 125
147 73
147 32
147 84
147 50
147 24
147 119
147 46
147 6
147 110
147 139
147 182
147 89
147 174
172 23
172 127
172 123
172 105
172 79
172 158
172 198
172 25
172 55
172 199
172 149
172 57
172 39
172 103
172 125
172 73
172 32
172 112
172 84
172 50
172 183
172 51
172 24
172 119
172 88
172 46
172 6
172 76
172 129
172 110
172 139
172 154
172 182
172 89
172 174
172 66
23 127
23 105
23 79
23 25
23 55
23 199
23 57
23 39
23 103
23 125
23 32
23 112
23 183
23 51
23 24
23 88
23 46
23 6
23 129
23 139
23 154
23 182
23 89
127 123
127 105
127 79
127 158
127 25
127 55
127 199
127 149
127 57
127 39
127 103
127 125
127 73
127 32
127 112
127 183
127 51
127 24
127 88
127 46
127 6
127 129
127 139
127 154
127 182
127 89
127 66
123 105
123 79
123 198
123 25
123 55
123 199
123 161
123 149
123 57
123 39
123 103
123 125
123 73
123 32
123 112
123 84
123 50
123 183
123 51
123 24
123 119
123 46
123 6
123 129
123 110
123 139
123 154
123 182
123 89
123 174
105 79
105 158
105 198
105 25
105 55
105 199
105 161
105 149
105 57
105 39
105 103
105 125
105 73
105 32
105 112
105 84
105 50
105 183
105 51
105 24
105 119
105 88
105 46
105 6
105 76
105 129
105 110
105 139
105 154
105 182
105 89
105 174
105 66
181 118
181 111
181 57
181 39
181 6
181 154
79 25
79 55
79 199
79 57
79 39
79 103
79 125
79 73
79 32
79 112
79 183
79 51
79 24
79 88
79 46
79 6
79 129
79 139
79 154
79 182
79 89
158 25
158 55
158 199
158 57
158 39
158 103
158 183
158 88
158 46
158 6
158 139
158 154
158 182
158 89
158 66
118 111
118 57
118 39
118 6
118 154
198 25
198 199
198 161
198 149
198 103
198 32
198 84
198 50
198 24
198 119
198 46
198 6
198 110
198 139
198 182
25 55
25 199
25 161
25 149
25 57
25 39
25 103
25 125
25 73
25 32
25 112
25 84
25 50
25 183
25 51
25 24
25 119
25 88
25 46
25 6
25 76
25 129
25 110
25 139
25 154
25 182
25 89
25 174
25 66
55 199
55 149
55 57
55 39
55 103
55 125
55 73
55 32
55 112
55 183
55 51
55 24
55 88
55 46
55 6
55 76
55 129
55 110
55 139
55 122
55 154
55 182
55 89
55 66
199 149
199 57
199 39
199 103
199 125
199 73
199 32
199 112
199 84
199 50
199 183
199 51
199 24
199 119
199 88
199 46
199 6
199 76
199 129
199 110
199 139
199 154
199 182
199 89
199 174
199 66
161 149
161 103
161 32
161 84
161 50
161 24
161 119
161 46
161 6
161 110
161 139
161 182
149 39
149 103
149 125
149 73
149 32
149 84
149 50
149 51
149 24
149 119
149 46
149 6
149 110
149 139
149 182
149 89
149 174
111 39
111 6
111 154
57 39
57 103
57 125
57 73
57 32
57 112
57 183
57 51
57 24
57 88
57 46
57 6
57 76
57 129
57 139
57 122
57 154
57 182
57 89
57 66
39 103
39 125
39 73
39 32
39 112
39 183
39 51
39 24
39 88
39 46
39 6
39 76
39 129
39 139
39 122
39 154
39 182
39 89
39 66
103 125
103 73
103 32
103 112
103 84
103 50
103 183
103 51
103 24
103 119
103 88
103 46
103 6
103 76
103 129
103 110
103 139
103 154
103 182
103 89
103 174
103 66
125 73
125 32
125 112
125 84
125 183
125 51
125 24
125 119
125 88
125 46
125 6
125 129
125 110
125 139
125 154
125 182
125 89
125 174
73 32
73 112
73 51
73 24
73 119
73 46
73 6
73 129
73 110
73 139
73 154
73 182
73 89
73 174
32 112
32 84
32 50
32 183
32 51
32 24
32 119
32 88
32 46
32 6
32 129
32 110
32 139
32 154
32 182
32 89
32 174
112 183
112 51
112 24
112 88
112 46
112 6
112 129
112 139
112 154
112 182
112 89
84 50
84 24
84 119
84 46
84 6
84 110
84 139
84 182
50 24
50 119
50 46
50 6
50 110
50 139
50 182
183 51
183 24
183 88
183 46
183 6
183 129
183 139
183 154
183 182
183 89
51 24
51 88
51 46
51 6
51 129
51 139
51 154
51 182
51 89
24 119
24 46
24 6
24 129
24 110
24 139
24 154
24 182
24 89
24 174
119 46
119 6
119 110
119 139
119 182
119 89
119 174
88 46
88 6
88 139
88 154
88 182
88 89
88 66
46 6
46 76
46 129
46 110
46 139
46 122
46 154
46 182
46 89
46 174
46 66
6 76
6 129
6 110
6 139
6 122
6 154
6 182
6 89
6 174
6 66
76 122
76 154
76 89
76 66
129 139
129 154
129 182
129 89
110 139
110 182
110 89
110 174
139 154
139 182
139 89
139 174
139 66
122 154
122 66
154 182
154 89
154 66
182 89
182 174
182 66
89 66
