1000
170
72
28
80
152
177
172
35
61
142
110
125
28
192
55
4
30
137
147
123
162
108
143
35
135
76
64
114
40
54
7
2
21
87
110
86
113
110
12
39
11
11
2
121
31
61
49
97
92
11
191
45
60
149
6
83
112
116
59
24
95
175
37
62
164
185
76
56
165
27
88
111
114
175
52
16
98
81
24
18
79
162
139
25
11
99
69
56
58
170
10
83
181
47
194
19
46
161
134
178
107
69
72
60
27
167
193
25
53
65
77
157
27
143
114
5
76
85
96
87
133
159
18
135
104
187
124
167
73
50
19
147
88
181
20
131
14
193
51
156
102
175
173
11
34
183
115
195
145
136
62
14
61
43
165
154
51
6
56
10
2
155
199
146
140
156
171
106
56
7
33
44
4
140
173
21
50
15
26
41
115
44
199
189
28
10
153
88
198
125
194
11
51
64
156
168
189
103
172
83
17
109
198
70
93
16
148
172
166
59
136
57
167
27
34
139
112
66
100
95
73
166
143
172
177
169
93
86
69
80
132
131
184
47
132
197
13
145
162
70
57
38
115
103
137
4
127
128
138
141
108
41
122
174
50
105
67
27
118
153
112
90
113
111
90
1
25
153
155
41
198
55
171
181
77
73
14
9
171
190
187
48
91
36
141
191
80
63
32
45
130
9
197
153
18
54
30
192
44
30
76
21
126
143
4
29
18
129
132
71
67
161
17
156
12
7
187
183
105
40
9
37
57
29
185
7
150
39
122
106
139
101
150
180
78
139
9
48
149
166
158
103
109
85
37
80
154
83
84
13
45
15
80
141
50
192
144
65
170
136
136
79
167
49
130
12
97
13
70
47
145
10
81
13
140
152
140
137
3
63
176
54
188
168
111
183
55
122
148
100
98
136
81
131
160
193
54
56
139
95
101
159
144
110
53
42
187
78
97
79
112
145
53
35
120
106
102
41
13
99
38
179
109
15
75
186
58
129
120
116
184
100
113
19
30
95
136
103
89
134
146
130
77
105
56
155
139
22
180
191
121
57
69
141
102
185
124
177
27
109
170
163
119
16
177
4
159
116
132
174
130
185
145
168
46
113
34
144
67
166
7
84
146
94
149
50
44
144
32
14
119
46
163
187
16
111
55
170
186
155
188
112
28
32
179
187
109
141
122
134
191
95
6
120
13
119
117
89
113
5
37
115
81
10
144
19
69
163
146
72
118
117
104
171
54
16
65
22
198
125
167
138
4
65
71
162
129
43
59
54
101
119
178
176
190
187
52
91
130
132
101
117
147
167
81
16
57
38
19
3
79
31
127
65
107
198
64
92
87
5
8
66
183
119
81
31
189
141
92
177
190
154
77
6
70
160
118
28
11
137
129
162
125
28
144
15
41
163
63
65
77
191
105
194
82
69
62
128
40
99
174
121
71
59
194
130
141
117
147
162
126
158
162
169
151
160
121
19
71
57
135
57
36
105
5
116
12
63
95
31
194
49
169
8
5
167
186
182
170
199
84
66
95
125
64
157
30
5
21
173
179
154
182
36
133
17
190
37
83
138
19
65
87
71
138
104
83
103
93
53
163
143
20
194
133
56
4
184
26
14
26
90
64
10
77
167
69
145
151
172
11
36
135
17
197
177
60
152
126
191
176
118
76
193
140
194
127
51
165
8
57
89
87
7
38
180
146
134
169
41
39
86
186
18
141
98
78
169
23
57
62
143
104
105
13
121
92
158
139
24
93
195
118
117
184
84
141
22
67
8
21
75
156
41
173
65
142
102
22
68
8
136
130
47
88
48
184
85
79
104
37
61
49
30
161
127
47
86
108
137
150
14
56
79
91
15
78
21
160
108
2
85
176
166
55
164
144
118
136
64
60
69
25
19
83
115
146
168
186
122
85
156
7
129
51
162
127
112
143
191
86
167
190
42
50
132
114
140
182
64
41
7
115
143
12
133
24
99
47
2
97
51
184
79
135
93
113
44
36
61
81
58
106
183
153
194
176
177
165
25
155
158
134
6
75
189
151
69
108
174
151
185
72
8
139
67
33
199
169
44
75
64
173
138
126
99
66
105
127
114
82
121
148
65
134
34
73
44
56
62
90
69
50
122
120
175
17
171
67
62
175
156
174
44
182
126
119
178
82
85
154
83
8
147
137
78
8
97
178
11
1
7
130
171
2
7
34
154
124
60
42
199
28
126
82
62
35
189
126
49
197
94
109
153
74
137
172
190
103
138
145
34
48
22
191
142
37
125
105
162
101
74
11
149
180
3
30
14
178
194
