1000
142
193
165
9
70
97
174
41
166
173
197
90
131
186
5
70
165
174
190
100
182
67
71
110
163
141
31
110
66
156
162
51
58
131
50
60
118
30
117
5
185
26
123
178
71
112
141
46
199
48
104
94
133
166
33
144
179
70
91
100
48
189
25
1
52
47
114
124
67
22
110
160
1
44
1
124
10
69
30
32
180
42
179
167
62
192
140
102
141
196
60
150
171
38
193
153
104
153
108
7
155
119
67
115
51
11
164
88
40
34
71
189
44
138
103
44
46
2
187
170
162
15
80
88
114
80
121
199
94
61
171
43
82
10
64
89
181
42
84
82
121
172
59
87
175
73
77
89
163
187
83
197
75
71
9
50
180
184
70
162
118
189
11
76
145
161
123
132
7
196
177
196
17
145
18
138
121
47
14
189
196
151
59
90
44
77
97
83
152
169
30
67
96
9
103
116
52
65
175
94
66
97
158
75
108
74
148
18
190
145
66
144
5
166
166
180
130
95
123
38
164
147
33
153
181
38
6
185
98
149
21
16
138
181
171
15
105
103
18
63
172
100
27
81
169
44
156
105
98
39
51
24
156
21
177
133
157
92
68
9
9
61
99
45
99
100
133
117
24
164
149
175
84
138
103
75
82
81
22
47
69
172
44
53
59
147
126
54
120
43
94
34
179
176
199
57
28
103
113
70
167
92
123
78
115
106
89
107
189
79
103
131
16
86
152
18
106
160
65
82
51
97
100
60
141
92
77
45
95
114
4
84
13
26
54
98
130
150
33
133
72
81
50
44
15
56
47
109
113
164
28
188
62
127
88
59
66
82
123
119
37
2
55
142
161
53
60
163
49
71
83
157
138
44
82
20
177
32
134
60
19
197
181
107
194
22
88
54
126
129
160
161
41
29
17
92
148
71
65
105
47
106
129
53
143
51
45
163
77
24
90
169
194
164
18
152
75
188
59
80
161
74
102
64
167
100
174
176
31
146
111
121
81
188
173
89
90
5
70
61
145
64
97
17
137
60
91
183
69
10
107
22
177
86
146
195
67
18
90
111
40
19
126
86
10
157
33
56
147
131
110
46
1
36
87
103
32
159
89
180
192
34
186
131
180
151
43
157
100
72
39
113
105
89
75
197
159
34
69
158
100
42
141
79
1
124
100
88
191
170
179
82
82
97
123
86
8
136
178
197
86
80
51
98
1
118
168
70
105
195
140
92
147
182
102
33
113
50
155
12
76
15
125
129
157
60
28
40
16
90
165
19
37
189
100
54
145
29
76
61
156
84
116
108
141
178
87
26
105
92
54
99
142
21
140
8
163
129
37
37
105
2
188
165
2
96
17
62
63
191
133
105
123
108
152
60
128
143
53
83
86
116
142
129
165
39
160
14
80
152
86
24
43
17
166
5
107
18
199
54
40
173
147
29
196
57
23
198
38
163
127
94
178
52
143
180
88
92
87
166
198
86
100
182
40
45
134
3
37
22
93
170
65
85
140
101
52
136
87
160
128
40
67
160
138
83
58
69
149
197
165
115
139
62
184
73
1
194
147
56
60
7
136
155
121
162
197
72
96
90
176
162
83
67
119
188
89
56
93
112
190
12
89
62
27
85
136
138
6
47
65
79
48
12
83
197
115
109
82
163
190
30
109
108
81
150
94
56
127
10
24
171
119
167
1
101
68
168
5
70
11
123
164
37
178
103
185
92
16
192
160
23
69
178
145
164
198
65
9
50
147
59
7
157
161
11
160
104
83
87
140
45
41
147
112
41
192
181
92
190
44
76
136
62
163
99
152
35
120
134
166
176
75
52
91
128
179
34
91
146
115
114
5
158
125
39
162
180
169
51
6
190
144
126
40
166
30
91
189
172
31
106
1
173
38
115
25
157
45
133
13
187
20
170
108
115
78
65
69
146
49
175
123
189
134
73
104
164
197
162
58
19
197
50
155
28
129
17
12
51
45
109
124
96
191
39
144
22
184
131
162
135
102
140
49
127
37
90
32
3
58
198
178
147
124
44
94
8
111
90
108
191
68
170
125
146
4
65
23
199
34
193
36
134
153
65
138
190
185
3
110
196
111
43
41
58
167
71
182
141
147
105
51
53
188
194
35
140
159
101
16
19
74
128
190
148
192
154
84
25
134
36
114
34
114
48
75
98
86
5
48
145
83
18
161
98
55
48
99
13
116
7
181
53
10
117
71
76
51
53
148
26
49
156
35
58
2
74
55
13
19
124
99
179
107
6
62
158
105
155
100
75
6
184
18
188
173
44
11
44
