100
498 478
485 486
514 519
486 487
491 518
483 494
492 484
503 485
497 482
487 485
479 507
501 480
489 479
480 494
486 512
483 510
491 520
482 492
516 486
481 505
495 521
502 477
513 517
481 489
494 518
514 488
540 589
387 791
434 125
979 220
909 831
622 800
869 415
219 125
50 971
973 205
84 924
943 57
30 775
952 921
363 88
432 750
878 866
226 856
437 134
38 410
285 259
824 855
383 225
826 707
429 261
630 723
669 915
80 50
689 32
970 52
471 753
153 348
618 378
556 406
815 796
851 990
2 585
214 179
292 995
439 921
69 459
835 149
508 876
532 829
927 354
582 79
53 551
456 608
957 318
553 123
465 755
113 467
340 678
645 631
672 436
903 741
894 90
241 402
965 124
582 891
477 163
321 529
489 22
93 41
144 910
795 256
376 134
286 372
116 957
807 19
49 701
108 641
116 35
314 944
