250
289 517
405 277
396 551
545 444
440 380
297 578
590 306
483 357
488 404
432 360
424 308
495 322
484 477
406 402
493 327
464 543
490 557
459 579
353 497
480 418
390 465
538 274
409 441
352 478
477 303
371 480
346 449
526 296
296 465
409 382
522 331
437 355
541 540
528 524
511 373
334 505
527 440
492 367
521 371
559 403
546 445
555 268
522 308
513 427
394 454
410 377
530 322
527 421
493 402
445 265
536 257
445 287
308 495
291 555
472 416
548 340
384 500
583 337
514 320
480 406
340 525
428 330
481 499
319 557
438 356
532 344
411 404
432 362
596 264
587 419
353 483
462 377
582 346
511 288
311 495
594 273
466 276
582 313
308 310
525 403
416 263
386 499
482 439
413 276
554 369
566 303
557 416
530 316
585 386
501 588
554 384
585 279
333 528
537 470
407 559
486 326
407 510
365 454
360 513
367 467
538 484
411 474
363 474
375 560
366 547
550 389
558 433
556 371
490 527
310 431
320 487
704 562
209 658
505 650
793 451
142 521
135 312
621 143
422 840
959 985
178 996
952 660
988 965
955 817
581 658
378 208
274 938
587 9
229 205
923 722
385 698
551 807
537 862
209 95
725 196
365 991
198 315
32 414
93 618
175 697
394 900
105 131
937 485
221 79
550 429
525 627
977 935
658 341
926 698
889 456
435 14
710 874
860 167
171 502
533 180
842 810
285 241
740 525
134 600
401 345
152 643
399 147
740 121
692 265
767 251
61 271
883 697
221 559
500 110
87 986
709 839
595 834
468 993
980 207
465 23
824 535
237 590
786 630
197 198
246 114
758 818
673 609
927 111
594 988
813 543
461 633
888 792
32 152
925 635
935 170
987 420
252 831
873 65
725 333
476 239
668 642
633 427
61 644
726 809
687 712
976 462
936 580
292 808
980 967
961 238
256 4
797 888
783 858
444 843
854 169
3 540
232 935
396 165
138 39
406 815
134 810
735 94
399 990
877 231
405 672
192 428
149 423
334 109
895 471
499 219
956 905
993 870
292 728
963 691
69 764
994 641
321 771
898 513
935 912
777 620
373 23
91 871
241 46
495 820
510 619
925 746
268 270
739 589
41 636
101 591
34 387
854 162
7 226
449 777
494 927
