240
64 639
273 177
755 214
182 343
483 5
209 282
389 39
707 145
4 831
318 113
64 640
483 999
497 1
585 26
601 34
420 18
800 296
33 738
241 223
600 33
558 10
49 692
797 295
78 600
571 17
16 778
842 385
165 368
395 36
800 295
246 228
239 223
693 122
793 290
589 26
244 224
590 27
735 187
438 13
244 222
748 214
93 558
363 65
44 684
328 94
421 24
182 336
48 687
658 89
711 142
46 684
434 10
574 19
529 3
451 7
999 833
169 375
334 93
631 61
167 375
238 226
465 6
485 3
336 99
30 730
381 54
646 74
63 639
425 22
420 17
842 391
210 279
123 476
810 323
5 829
748 207
845 389
810 322
375 49
179 339
306 136
303 136
439 11
617 45
66 640
425 20
574 14
739 188
32 738
433 14
708 140
121 479
711 141
139 442
34 736
246 222
999 829
793 291
785 267
238 225
179 336
751 208
21 781
511 1
389 44
782 261
484 999
813 324
781 267
274 175
124 476
513 1000
772 472
524 12
338 965
239 272
243 235
340 858
370 525
259 751
399 966
601 162
445 973
519 76
291 922
809 439
662 848
651 243
757 526
606 447
718 84
431 409
941 800
517 854
845 313
826 363
285 197
906 298
44 908
540 152
433 498
693 20
710 475
626 713
554 879
396 70
732 240
382 910
955 122
377 591
670 283
888 713
217 327
276 166
953 321
147 965
16 773
677 569
664 372
996 970
493 372
654 447
227 548
226 795
874 853
313 826
525 849
839 672
165 207
796 842
775 798
618 765
884 281
488 879
603 332
846 256
961 425
803 186
219 28
390 883
205 915
84 396
586 248
602 733
441 728
492 766
691 331
644 293
663 246
806 508
502 766
932 656
303 503
684 693
385 240
607 468
635 544
68 236
276 508
316 157
566 159
922 608
900 152
515 705
11 368
471 943
24 773
797 59
298 775
1 285
872 297
927 187
454 844
346 727
451 835
338 511
407 348
878 229
642 253
1 438
663 170
971 961
944 971
390 468
262 668
655 715
512 1000
794 962
186 141
664 523
3 70
650 864
485 650
593 408
80 334
875 341
354 529
408 865
880 553
45 841
