230
61 178
910 892
254 42
128 76
919 877
312 34
329 30
86 117
911 894
331 30
220 46
924 871
88 118
772 958
709 968
60 180
224 44
74 141
619 978
814 945
501 981
604 974
813 945
280 37
728 969
923 877
606 976
686 969
620 976
251 40
327 33
70 142
533 983
608 974
84 113
254 38
593 981
195 55
59 177
920 871
323 29
994 499
713 970
941 848
819 948
725 963
860 927
135 74
148 68
966 708
129 75
729 967
196 57
166 61
711 967
280 35
862 933
265 35
165 67
787 955
999 503
727 962
101 101
893 908
1000 505
831 942
860 930
75 141
696 973
590 975
59 179
701 965
11 500
1 504
832 944
907 892
609 977
859 927
532 982
965 706
148 70
60 181
999 499
903 891
918 872
195 49
53 177
327 32
814 944
940 845
909 894
221 48
910 891
889 910
680 972
311 32
936 848
1000 498
786 955
58 175
995 501
923 874
996 506
785 957
895 908
941 842
996 498
91 117
981 502
952 797
952 799
965 705
969 707
537 36
111 3
507 524
284 438
530 130
844 370
202 829
191 740
332 794
239 523
756 536
225 106
309 962
255 267
319 792
654 105
89 116
459 596
639 743
224 228
538 425
56 80
516 387
225 754
909 980
290 485
446 692
216 116
835 869
573 923
336 31
493 348
124 184
461 639
745 183
16 34
668 453
335 113
496 550
229 330
770 801
252 105
183 122
430 308
7 504
304 131
39 764
121 961
801 865
250 163
972 584
275 467
796 606
7 400
710 542
521 139
201 895
398 716
689 789
479 810
749 631
26 244
799 276
406 770
859 681
589 696
887 736
301 246
135 363
787 7
902 265
193 651
980 234
791 811
43 540
441 68
783 591
695 541
713 554
573 301
601 459
36 901
704 523
615 842
732 373
785 712
606 575
114 314
67 249
667 361
269 267
171 304
519 227
826 134
68 707
601 896
488 684
268 624
747 873
199 620
872 664
286 938
764 778
433 854
339 228
475 156
974 742
780 73
966 978
993 329
127 905
246 72
6 589
137 518
551 475
97 867
765 572
