235
651 529
406 367
555 421
418 411
329 593
513 644
588 479
557 608
418 676
630 378
379 563
617 555
647 413
436 647
461 648
540 391
473 627
452 675
475 698
486 391
373 617
399 386
570 459
581 527
369 629
474 360
463 575
465 628
535 593
561 474
654 455
470 380
605 573
668 486
645 587
514 671
379 400
683 342
349 588
459 639
618 428
443 658
661 342
615 557
598 368
463 389
505 600
461 392
579 410
523 659
471 311
488 647
385 603
464 442
613 376
454 554
473 392
601 534
381 413
645 371
523 661
654 341
633 481
627 621
399 547
535 629
324 618
668 503
450 552
554 551
543 559
496 336
546 497
353 622
667 335
543 328
572 569
530 668
683 384
331 630
332 655
610 388
641 358
579 446
641 371
444 407
498 602
384 375
381 368
623 548
459 621
446 356
550 652
566 558
400 670
510 313
363 622
514 642
623 628
642 432
642 335
555 370
462 657
545 308
658 373
635 668
398 541
610 396
627 457
503 660
468 676
330 654
336 636
526 332
647 500
493 663
626 405
597 502
665 388
572 401
625 467
576 581
348 550
395 568
529 685
477 655
457 333
444 500
393 587
385 653
411 571
648 337
393 399
653 508
377 566
609 667
329 570
344 513
649 369
392 608
545 601
650 462
505 336
453 347
652 541
448 354
547 355
688 82
933 488
247 108
389 654
116 340
633 826
310 145
180 65
85 219
58 745
750 592
170 606
204 12
747 686
950 983
740 583
160 868
364 352
62 544
866 820
617 111
933 402
822 102
7 25
466 753
87 801
349 246
21 249
66 384
601 127
624 393
985 490
564 346
809 468
921 939
43 67
801 481
219 501
750 144
622 605
69 246
87 264
751 269
736 728
188 657
19 193
542 830
695 619
420 444
981 51
618 419
315 369
39 110
927 775
783 207
131 870
616 707
368 889
730 34
609 768
495 887
894 684
353 28
337 277
373 787
44 856
8 606
100 623
664 431
940 286
742 660
21 484
871 725
792 66
973 128
694 3
896 357
433 188
847 520
726 26
773 948
60 894
131 984
912 824
338 159
533 123
346 527
648 544
