1000
-48 97 773
20 34 1000
4 -37 768
-97 -25 402
29 -64 114
-100 -55 285
99 -71 812
22 -89 465
3 23 742
1 -78 202
-74 -34 806
-67 -96 577
-31 39 447
20 -40 920
23 -20 128
-45 11 104
73 34 17
-10 75 951
-23 -47 50
-89 -58 331
-81 -15 87
89 -51 903
91 -71 639
-93 61 164
-74 23 989
-93 -64 341
22 -37 292
-85 55 517
84 -29 485
-5 38 750
3 9 492
57 -37 795
-84 -47 617
4 -97 987
90 75 517
-48 81 745
-92 21 630
-66 -4 559
-7 31 145
-20 57 933
77 65 124
87 -43 223
-2 -26 800
34 -39 817
-36 21 722
76 -95 522
-72 -37 337
13 -90 782
-75 6 310
-29 82 355
-32 67 825
99 22 183
86 95 965
48 -19 753
92 -38 462
16 -6 374
67 69 685
-38 -77 838
100 -51 969
36 10 875
39 -27 622
21 -59 977
27 -46 255
-3 25 18
-75 -27 707
-35 0 910
-14 49 2
59 5 474
-91 52 852
74 -68 959
-56 72 942
-53 -80 994
-4 60 101
-67 -42 290
10 -30 883
-67 -66 112
59 -96 150
64 19 285
28 33 453
-46 -97 237
-15 -75 13
81 -38 198
51 8 380
67 -68 414
-85 95 107
-99 79 390
-67 -75 882
-71 -74 960
-6 55 837
-13 50 963
-84 -66 316
-4 51 272
-80 -39 825
29 84 993
-90 11 149
3 2 780
-65 26 19
61 90 292
-71 -9 109
43 -49 593
64 7 62
-98 45 891
28 -51 783
40 24 524
73 -96 491
-11 -22 273
-18 0 728
36 0 572
-98 12 375
-89 -24 792
-84 -15 627
89 65 751
-59 -92 30
-76 -19 879
-43 2 621
-4 45 425
-29 100 967
-30 29 22
67 -90 743
95 -30 54
-14 -99 615
-54 85 833
-91 -58 656
-78 81 524
-66 7 742
84 -1 871
-16 -1 629
-28 -49 780
-6 -31 649
56 -14 618
-25 -29 290
-50 -94 836
64 75 559
-12 -53 155
88 42 980
-68 84 447
-26 13 286
81 -54 533
-8 -36 303
-18 -41 774
-3 68 788
-12 -64 279
8 5 881
54 -10 443
85 7 910
-20 -68 27
29 -67 485
11 39 290
82 0 947
-73 -45 38
12 -53 23
81 -95 898
-92 -39 40
-46 90 585
81 -29 136
18 65 445
-99 70 505
-54 -46 542
-12 -98 284
-32 -16 293
-83 72 65
-43 78 721
55 65 763
-100 26 413
79 -34 383
-64 -22 942
37 9 711
5 21 52
45 29 595
-30 -100 457
-77 29 408
92 -52 239
56 82 996
-68 -51 906
-42 4 435
35 -19 10
-38 46 783
-53 76 355
78 96 532
2 84 822
34 -51 464
-88 -89 957
28 -36 636
72 -74 303
54 -65 780
98 -27 383
16 62 410
-77 47 527
-32 100 729
-93 -65 332
75 42 228
50 -66 701
40 -21 859
91 -62 396
29 39 576
-91 25 211
-44 42 325
68 -16 356
-56 -78 884
2 68 942
-58 -25 847
-4 -61 982
-21 96 874
-36 12 964
-58 -79 148
58 -13 955
-74 -84 438
8 45 517
-96 58 692
62 71 802
71 -53 298
-41 -46 510
-45 -84 154
-32 6 947
-9 -15 952
11 69 188
-97 87 82
35 -22 145
-31 51 754
65 -19 263
-7 59 40
-97 -10 749
27 25 913
-27 -45 220
87 -81 996
-37 73 257
-31 58 340
-37 -74 117
-45 -64 393
-98 -83 900
6 61 541
76 69 819
-39 45 378
-16 -3 540
-99 -34 362
37 -38 879
26 63 349
-87 -80 365
12 -63 236
-4 68 806
-97 79 264
-1 -94 595
49 -29 678
92 -65 581
44 -67 928
9 -78 573
-40 56 479
-48 35 514
-19 33 108
95 -54 817
-3 42 683
27 32 561
32 6 548
-77 46 425
70 -39 517
62 -69 116
-79 -5 762
35 9 146
-72 6 703
11 -88 695
8 27 608
-98 -13 933
-86 0 450
68 -5 697
55 87 643
50 -45 851
66 10 302
-68 91 924
-91 -30 714
-28 96 202
22 6 577
-60 24 355
-99 31 243
45 46 250
-11 95 330
-10 48 731
85 -17 913
-90 -8 52
18 38 452
-75 1 877
-55 88 74
-17 6 156
86 20 70
-80 -16 327
-69 19 108
-27 -40 653
-99 -21 150
-5 6 286
62 69 886
-7 50 458
81 -40 871
21 32 715
47 25 471
67 5 530
17 -4 783
4 -6 223
77 76 942
46 -70 655
-54 -73 951
19 -36 710
-20 -25 574
27 -7 982
-62 84 402
68 91 216
-95 92 279
29 85 41
-58 100 278
24 17 600
34 44 987
61 -52 258
-3 33 505
46 -32 181
-54 4 633
23 90 888
-72 -53 824
86 3 410
66 -40 58
30 18 847
-89 27 591
5 13 936
74 -54 148
66 -55 875
30 37 617
32 -18 215
98 -27 232
-22 -23 364
-71 7 638
44 50 828
-52 -38 695
-62 -10 720
38 93 865
-27 19 793
39 -15 275
-73 20 76
65 -9 588
47 98 752
-23 -10 79
-99 72 265
-62 -65 781
-96 -75 33
-86 -22 507
-21 -76 454
-22 -73 941
61 94 436
-89 -96 497
96 -36 289
-74 -18 883
-56 20 602
-96 -88 487
-51 -65 342
-83 0 544
-63 69 111
-57 62 713
72 -64 572
-38 -28 483
71 -5 116
7 95 890
-47 36 24
86 -36 313
50 -12 833
-46 29 962
35 26 568
8 -11 164
-32 46 259
99 60 909
94 98 254
-65 -70 673
-66 -3 691
72 92 261
-33 -36 506
85 -91 454
89 24 350
90 -46 109
-30 93 29
25 -34 786
-68 -75 224
-36 -87 283
67 85 925
4 75 282
-47 -39 959
-28 -60 224
-13 -21 395
29 90 649
-75 50 963
-43 -61 649
-22 53 749
-21 29 368
-52 -44 868
98 71 657
-86 13 495
-37 -76 507
30 43 82
-59 15 656
-80 -97 275
57 20 2
64 -11 343
-73 -68 48
-20 60 202
44 -87 394
34 -34 339
-63 0 290
-33 -45 842
59 47 421
-83 -75 74
46 -73 648
70 87 824
-68 53 204
83 38 440
76 -87 463
-49 28 116
-47 77 90
87 -79 215
77 -63 853
-52 -91 858
43 88 475
-5 33 214
-12 78 83
-50 -92 156
13 18 940
-52 -33 333
-55 1 290
49 99 676
94 -57 378
67 -14 49
26 -65 539
-61 -9 411
46 -8 628
23 -46 749
41 -37 752
-38 32 260
-65 -26 154
-71 86 841
78 83 277
63 45 638
19 98 161
49 13 201
87 -68 192
-84 100 537
-75 57 555
-92 -83 875
-23 93 620
2 8 681
-77 77 674
25 -50 783
20 79 169
-75 87 502
-34 62 523
-100 -92 164
-81 8 789
80 -59 305
65 88 431
-35 -17 111
51 -12 500
-9 20 597
-47 1 751
-18 -26 783
-99 16 282
-36 6 833
-74 60 790
-2 -99 919
72 -35 824
-6 -66 898
-25 -73 287
-5 -23 913
-90 86 655
66 -32 814
14 -16 188
60 -32 670
-96 32 355
70 -78 525
94 -89 395
-73 94 98
40 -28 454
-80 -6 251
80 63 963
-98 -11 604
-97 -39 985
91 -59 285
79 100 224
28 -83 952
-22 -9 443
-72 86 196
-11 39 636
-40 78 9
-11 65 477
-6 -38 676
12 62 117
-57 90 171
63 -80 879
40 92 420
-18 86 333
-41 37 235
-95 -91 344
-7 89 972
-50 -55 586
-91 -39 377
7 14 763
-19 -13 779
-98 60 784
-36 -12 889
-11 -87 968
-9 -9 799
-34 67 680
-62 -52 788
-36 -31 43
-56 -23 484
-16 -22 185
-58 13 769
80 -55 592
-77 97 762
59 15 676
86 75 81
-47 -92 255
-79 -25 652
-20 -40 119
25 53 39
32 69 425
38 56 986
13 63 431
7 42 678
-38 19 964
-56 22 342
-6 -3 401
81 48 290
-62 65 82
-72 -12 790
53 -6 719
-8 49 368
98 -13 527
93 31 970
20 -11 590
69 97 739
100 -74 341
-75 -26 495
-61 -97 298
-43 52 457
12 53 582
-11 100 530
35 36 398
91 7 632
45 -29 295
37 -20 403
67 16 908
-49 -19 842
12 6 135
-89 -24 513
0 -43 803
33 -20 423
48 70 560
-73 -93 787
81 51 779
89 34 868
65 73 23
5 -65 523
65 -88 906
78 -53 409
97 46 85
98 -50 255
75 -49 75
-30 13 384
-21 -59 784
-6 -37 842
52 -74 279
72 50 781
-39 -42 801
-75 -78 937
87 4 599
-58 14 723
75 -60 113
62 -98 825
42 -26 428
58 -41 963
-6 0 617
-23 -25 339
-91 54 675
-62 -24 888
-81 37 313
82 53 854
21 50 644
-86 2 849
-95 49 51
93 12 934
-41 58 975
-75 -43 882
56 79 454
43 -49 383
95 63 380
24 -6 862
-34 -81 880
-53 -63 930
-92 -79 715
-42 -45 235
-73 -67 688
-1 -77 142
-76 -37 826
-30 53 572
33 62 889
-64 0 569
95 -45 332
-41 13 251
-18 73 62
-60 -32 94
74 50 930
94 47 529
-92 -13 91
-54 -61 90
-51 41 336
7 68 978
47 7 399
88 -62 826
-12 32 366
-18 24 216
-44 -80 79
-94 94 466
-100 77 501
-6 -13 702
90 -56 973
-16 0 689
38 94 601
27 81 859
-37 38 479
67 -23 556
16 -81 626
-53 -11 837
-49 54 775
-68 4 638
-19 67 766
-75 -65 614
-11 -10 425
-67 -29 497
13 93 443
-82 67 808
-74 86 231
-47 38 559
52 -21 591
20 -10 779
52 19 207
-18 -25 565
96 92 982
79 65 917
-12 96 118
-100 -50 549
15 -100 54
15 -93 631
14 -28 838
-73 -89 550
57 4 974
93 61 881
63 71 409
-64 68 907
-12 -70 433
83 83 346
93 39 904
35 -78 475
85 29 463
55 -94 676
52 -8 225
88 -53 592
-27 -2 934
-97 -6 616
-4 -71 181
35 3 948
-55 -52 280
64 87 529
-33 -63 273
-48 -78 988
-60 50 192
9 17 629
-40 47 257
-66 87 330
-51 -68 363
65 -89 877
53 -84 312
18 29 958
-74 -73 559
-49 -73 403
-72 37 942
-67 -79 742
-21 27 265
-79 69 812
47 -73 770
-63 92 317
-79 -5 779
-91 -55 743
55 -37 396
-56 61 212
-71 73 78
-19 11 81
5 -73 538
-66 -25 82
46 47 465
22 75 758
92 -75 207
9 20 336
97 16 652
99 -85 330
-21 68 222
-89 -15 912
51 67 286
2 34 735
61 -35 224
-13 -14 605
-50 -78 429
66 -79 341
66 37 199
-37 -16 8
-92 53 560
-66 19 582
87 -1 343
0 75 47
-9 2 120
80 47 258
36 54 850
23 39 964
-13 95 102
11 -55 410
-39 -22 473
-10 -21 950
41 48 255
44 86 956
-7 63 655
-25 83 947
-34 56 320
90 -28 425
-44 -20 768
10 48 465
-68 -84 32
-16 -13 497
24 34 961
78 72 882
-68 60 249
20 -42 428
-61 -24 101
36 83 2
22 -88 531
-18 -4 896
81 19 850
-26 -83 155
-74 -24 774
58 25 892
-9 -48 418
-82 -35 805
-48 66 214
93 18 762
-38 -33 619
-49 -10 173
95 0 431
51 77 916
96 -33 606
24 -25 727
29 -53 705
37 -75 568
76 -52 38
-42 44 514
54 41 496
89 16 211
79 10 409
-32 88 1
-18 98 92
22 66 152
7 -69 486
12 -76 740
-80 82 230
42 -45 511
-70 -95 895
80 33 53
-62 24 480
29 46 967
73 10 714
-48 4 136
-96 94 742
-50 54 795
45 100 555
20 87 802
70 27 948
95 32 765
88 -90 898
-90 -45 768
58 13 829
17 3 33
-33 -88 541
-50 24 772
-62 74 278
-2 48 500
-46 37 595
-67 20 670
28 95 287
6 -81 654
-61 -27 95
57 -23 324
-94 60 904
-98 -46 996
-82 77 442
86 -19 819
47 -26 470
62 -64 258
-88 58 298
48 12 886
-30 -49 224
-28 64 553
69 -17 355
3 41 714
81 38 39
41 -80 695
-28 10 888
94 45 685
74 -26 857
74 -62 220
-30 -26 622
64 -49 123
12 70 183
23 23 538
40 39 243
54 44 172
89 1 79
-68 -92 906
77 64 813
60 -59 584
91 -45 817
96 -9 816
-35 -58 867
47 30 880
-62 -20 733
-63 85 563
19 -34 585
10 48 3
-1 -81 242
65 -99 888
-38 66 549
-56 11 811
78 -38 701
41 -35 496
72 46 188
-96 72 202
-64 28 543
-75 -92 731
-74 75 298
96 56 288
-99 -77 677
14 -82 249
51 48 841
7 33 637
100 51 420
71 -59 617
66 2 425
60 -24 202
55 -99 823
28 71 309
-85 -57 296
-87 31 922
81 -35 240
81 93 384
74 -12 713
38 -98 93
72 89 780
-52 -25 968
71 -43 993
-61 -71 205
-29 14 387
-27 51 352
-59 -72 99
92 49 63
-72 0 722
-91 -4 206
-56 73 537
94 -72 881
85 89 956
87 27 721
-51 76 888
-91 53 572
59 27 70
-67 -62 486
-23 -74 720
23 79 199
-41 46 26
-32 -95 195
-36 -3 547
-63 -93 523
-26 91 208
62 65 543
-79 46 295
-49 57 368
36 100 544
17 2 572
15 93 107
-10 29 988
8 64 174
-35 -38 425
-48 97 917
94 -36 826
11 98 304
-97 72 281
58 53 681
56 -89 472
-95 -76 821
52 -84 468
-78 -34 782
75 26 110
97 40 544
-83 -15 217
59 -45 31
86 -98 884
66 27 369
8 -70 198
26 93 537
3 100 519
54 41 53
-18 91 404
51 26 815
69 7 926
64 46 812
26 -23 545
-73 85 643
-38 -69 900
-12 74 483
97 12 271
2 -50 537
-12 18 239
93 -3 713
94 17 990
83 -68 460
-54 27 84
-9 -59 165
-9 -3 307
67 -34 710
-65 55 315
26 80 671
68 14 108
38 47 740
-49 -38 479
11 -70 78
48 20 717
63 40 324
27 39 495
-97 -88 98
-39 -60 962
85 -7 218
-48 93 533
-22 -75 585
-38 -12 580
77 37 918
88 12 382
96 -56 197
93 -32 827
-57 28 818
28 -48 779
78 43 902
-20 0 847
27 12 968
-19 85 446
-84 -13 386
4 -15 25
82 -90 309
-11 67 430
74 -89 234
7 34 739
-31 -22 884
32 84 733
55 100 140
-4 61 322
-88 -61 286
63 -11 129
30 47 424
38 -65 715
-100 20 844
53 -45 64
20 -21 453
-42 50 460
2 -35 538
23 -91 731
76 97 535
19 74 532
37 -95 293
12 -25 465
-54 79 66
-24 -67 2
-83 -2 885
-95 -56 763
5 16 684
-87 24 869
23 3 117
10 -53 596
-51 -58 855
55 7 3
28 -62 61
97 41 864
72 -97 73
33 -44 90
-22 -26 380
-59 15 256
35 -44 557
55 -90 881
9 20 939
-55 -52 962
-94 -55 9
-1 -7 857
73 69 943
-37 -94 645
-90 87 820
81 32 948
