5000
10000000
9813170
9604101
9117810
9027227
9126614
9928102
9817399
9269896
9269075
9552198
9011686
9667434
9603073
9769419
9573146
9974664
9012426
9886993
9713584
9233279
9314682
9094746
9768020
9830039
9008349
9508855
9603319
9579983
9455242
9598550
9453333
9871791
9774116
9423572
9383941
9243612
9673640
9988584
9236477
9971882
9728890
9564160
9317948
9861704
9838288
9790507
9102890
9160413
9431365
9177890
9255692
9724503
9828011
9233490
9797760
9207168
9562793
9557089
9977216
9659818
9742693
9591033
9726635
9469152
9494024
9521563
9109557
9531592
9899879
9040425
9048237
9309372
9082785
9533372
9145953
9226516
9005859
9575906
9895929
9391185
9764619
9608537
9780869
9864058
9769749
9799955
9070793
9285777
9338132
9761097
9130739
9816215
9488660
9308230
9573962
9638182
9833827
9860444
9080853
9492705
9384559
9764457
9437745
9011816
9564623
9656915
9473825
9567084
9942941
9333022
9080719
9868416
9028971
9020229
9487627
9768670
9074123
9965407
9868213
9494534
9429960
9681459
9589616
9242487
9952704
9155781
9221201
9502874
9238608
9493628
9493116
9217872
9988148
9689035
9642403
9040822
9981075
9099313
9722619
9735643
9091871
9511292
9412572
9684876
9456232
9327452
9924883
9965816
9876166
9489502
9297130
9843860
9450170
9346356
9311551
9612453
9157233
9979681
9991218
9782333
9125517
9858184
9794687
9955623
9829803
9184150
9457358
9379017
9018008
9362082
9472516
9036082
9770769
9014685
9621017
9853296
9447739
9907170
9527593
9778028
9546254
9671356
9915526
9590095
9674444
9872784
9797252
9160404
9467956
9118860
9373851
9934550
9308130
9704674
9160796
9651965
9538184
9282826
9295856
9502114
9722582
9825219
9187044
9326134
9630770
9763673
9484929
9178213
9851186
9177678
9072391
9351321
9569528
9278243
9975300
9659745
9354193
9795430
9400237
9993986
9677698
9800275
9758930
9368863
9732609
9570350
9299073
9856506
9522156
9031026
9208259
9248963
9895949
9908157
9118681
9103583
9383646
9369263
9125761
9875862
9599208
9212868
9710697
9723195
9293993
9951926
9904182
9914872
9282211
9421868
9253142
9578992
9963586
9644818
9560446
9432093
9326806
9534223
9080187
9506652
9105593
9460932
9126646
9699612
9751220
9830681
9030186
9827258
9139099
9180913
9505322
9736902
9434344
9993223
9952134
9609663
9963380
9537374
9544414
9700722
9329905
9593165
9260407
9762047
9779237
9624253
9557621
9998675
9943485
9414954
9403091
9885441
9746961
9617604
9567001
9601698
9210910
9617877
9139184
9975828
9618832
9660084
9895871
9310835
9431943
9634448
9582538
9879828
9566104
9523275
9129571
9797089
9099843
9038364
9774355
9076192
9486711
9392590
9295709
9422222
9048878
9381108
9721239
9368674
9424753
9367221
9314213
9774322
9622629
9941425
9812157
9770329
9455587
9260123
9457200
9255952
9202443
9376103
9662487
9804932
9140912
9188446
9578506
9252400
9433295
9147573
9075470
9673187
9889812
9583867
9524796
9045202
9963256
9045170
9852770
9768429
9500008
9598184
9494239
9452647
9099331
9905719
9707267
9587677
9063970
9540833
9218532
9393977
9447073
9742380
9809416
9873713
9367794
9772190
9154788
9249498
9626603
9115535
9275470
9486027
9441313
9117094
9211536
9688484
9073770
9084812
9386820
9080575
9605403
9325954
9254197
9097846
9766355
9761380
9066298
9766977
9173001
9407459
9214529
9744223
9557421
9797818
9048656
9040481
9255265
9352198
9374484
9270294
9211855
9971362
9665007
9083379
9055569
9132719
9319142
9547518
9318857
9435399
9779350
9222978
9973573
9418941
9326599
9352773
9268931
9843803
9586594
9114729
9416929
9799697
9568641
9864406
9063320
9003204
9990820
9206802
9271367
9315567
9151019
9432697
9381606
9645392
9346239
9999089
9308327
9643630
9755297
9270800
9737819
9002642
9655885
9386708
9697834
9317428
9392758
9777907
9685916
9970711
9080565
9735616
9787175
9438009
9472924
9834105
9146952
9961844
9685746
9348708
9000752
9401615
9076314
9858799
9823396
9438713
9022918
9638559
9218054
9504119
9884256
9555538
9700190
9145687
9562733
9280526
9220414
9834796
9802429
9995054
9814064
9246052
9685534
9765704
9457372
9653881
9015131
9932769
9824438
9235511
9194357
9198392
9535813
9042695
9673600
9375356
9905813
9777942
9015669
9199714
9515545
9269844
9321766
9169835
9919284
9995954
9470220
9522495
9813394
9433334
9552077
9178121
9822483
9975541
9622973
9367018
9251258
9786247
9118212
9630105
9199700
9974808
9613630
9081736
9795903
9851688
9269799
9268265
9039202
9429106
9165810
9077585
9636268
9116766
9185326
9662307
9315500
9323489
9769754
9238791
9613520
9728955
9788876
9509598
9721314
9698473
9338273
9910376
9091501
9054758
9317559
9693514
9105291
9288128
9674402
9398754
9365151
9296702
9603438
9260513
9101307
9467480
9624955
9181575
9578018
9862828
9833098
9979637
9722111
9388667
9837124
9885699
9230253
9868724
9586841
9690575
9309065
9488505
9671476
9782866
9351004
9490115
9906038
9323689
9561851
9220363
9144454
9443657
9298035
9385202
9899683
9682057
9780091
9266508
9196577
9816805
9932913
9843657
9095773
9282904
9690830
9297705
9041383
9281554
9946149
9100138
9230125
9872639
9793867
9033399
9578882
9822628
9007794
9957882
9343150
9565980
9494263
9212275
9017885
9295026
9400556
9374029
9269396
9720134
9285925
9522047
9986701
9256333
9813398
9882656
9087246
9674579
9474714
9878244
9650084
9819383
9873203
9384576
9595722
9255889
9346181
9494819
9664702
9832894
9386471
9278618
9056472
9005918
9564377
9566006
9548708
9168608
9357661
9783902
9292583
9564952
9659697
9684265
9390725
9573579
9013252
9422043
9703781
9664627
9505267
9621114
9533727
9818973
9759652
9138123
9670646
9519940
9981201
9745628
9675877
9027005
9459667
9029068
9068143
9893880
9893615
9625257
9733676
9228993
9842516
9107496
9057643
9157718
9039179
9916536
9048013
9671938
9236552
9810102
9948228
9413759
9204173
9429670
9387694
9178747
9083527
9445700
9190374
9835936
9780705
9363563
9071402
9232368
9782211
9329015
9737154
9573771
9928707
9600971
9529924
9640326
9554960
9267706
9696386
9970693
9710817
9512707
9970581
9927961
9002595
9208452
9990991
9660909
9994448
9121886
9025734
9007343
9233952
9085507
9504914
9057962
9365914
9531126
9054401
9750922
9550604
9826307
9301093
9249520
9169889
9925803
9963334
9254754
9644435
9987876
9965065
9392724
9528196
9383851
9804940
9867355
9655578
9128027
9142041
9662482
9057004
9586750
9653015
9333702
9972638
9264772
9286902
9198761
9502228
9377971
9511388
9451663
9660201
9583165
9142873
9749782
9772586
9521470
9089529
9863174
9394489
9231846
9066701
9440633
9448197
9006481
9401068
9627891
9487594
9808272
9728442
9654105
9864576
9010100
9912201
9726226
9704407
9935932
9762135
9661825
9865864
9319069
9714083
9734141
9232693
9994469
9564978
9855628
9675897
9391632
9099409
9164285
9192137
9344856
9844306
9603122
9866057
9996409
9805553
9737965
9454596
9771222
9839572
9947145
9461741
9274857
9149732
9652234
9084792
9560735
9711185
9730524
9685556
9221768
9464738
9611260
9224673
9212947
9977293
9194170
9549696
9090538
9740872
9226512
9980752
9354949
9509772
9105876
9220041
9095496
9370383
9370457
9278352
9348011
9864654
9852062
9964406
9802528
9921952
9140214
9474220
9116241
9936546
9700600
9411774
9872575
9121521
9299605
9104545
9263719
9401106
9602344
9942628
9834967
9026599
9949147
9172783
9395173
9680842
9010997
9523547
9631117
9471529
9031580
9015061
9029190
9313315
9912140
9159002
9375668
9139199
9275829
9135140
9729238
9113581
9303254
9835445
9810402
9107343
9074254
9755600
9175457
9345432
9981744
9433550
9973606
9245362
9496005
9478873
9443280
9865562
9502625
9989161
9635323
9371826
9280097
9169105
9030375
9433960
9407428
9280323
9872832
9150799
9526724
9550472
9911669
9826277
9642545
9568721
9457391
9829427
9217938
9676041
9936127
9945709
9135898
9318897
9609230
9390941
9323376
9584941
9557927
9509110
9429800
9034548
9809179
9442699
9612086
9346054
9854049
9449030
9430808
9536713
9711682
9158099
9532517
9470659
9092740
9220034
9528211
9608190
9917602
9930541
9957112
9548033
9732524
9572372
9072019
9216561
9609375
9139871
9044289
9656985
9298784
9007347
9793491
9380733
9877234
9040053
9554929
9084696
9286071
9111006
9040257
9536848
9392483
9125309
9361228
9836463
9956908
9840254
9954773
9715762
9734352
9830155
9460232
9314782
9949948
9422574
9288953
9925747
9999685
9705040
9529099
9079254
9861931
9435238
9427332
9101954
9834759
9931966
9939788
9663040
9763560
9865021
9302927
9875118
9096384
9448781
9233418
9418084
9824217
9200109
9612352
9522769
9869709
9745962
9466082
9726962
9347995
9375130
9641095
9041754
9622591
9205851
9471954
9050744
9287018
9555763
9565370
9625693
9024390
9950045
9159310
9366767
9507691
9658203
9049323
9499233
9550086
9174027
9401015
9178311
9576883
9196770
9025869
9047932
9031482
9486152
9640002
9142548
9278046
9242922
9595261
9909763
9593210
9648243
9828199
9899811
9017879
9919015
9307127
9027472
9212814
9026606
9174908
9599589
9900685
9268263
9798130
9748076
9204263
9211293
9952315
9528993
9523733
9783724
9078382
9005420
9498445
9031477
9134662
9791165
9430053
9259080
9905989
9329870
9269450
9487675
9054587
9479222
9835854
9192852
9647851
9588584
9812964
9544928
9018535
9255627
9845645
9435895
9669259
9683791
9376863
9298190
9134113
9481053
9098843
9426031
9530354
9899326
9161150
9670989
9973161
9125850
9457487
9270435
9145541
9986113
9038052
9080695
9731095
9241226
9135146
9332562
9400477
9188029
9406708
9257075
9335290
9480542
9866704
9627478
9241605
9732932
9378783
9057962
9525860
9604495
9740951
9435490
9350693
9251944
9381980
9956003
9342471
9864370
9092187
9269187
9816406
9273537
9870438
9633845
9300430
9244481
9687990
9210132
9093089
9859831
9449944
9541853
9351842
9500200
9923266
9596080
9094904
9749691
9343790
9752117
9040286
9617770
9846042
9324831
9464648
9488350
9040366
9548332
9799722
9135226
9765383
9022772
9375407
9151995
9312154
9779117
9967328
9172248
9066916
9615180
9880755
9673993
9370343
9790035
9890532
9047445
9053956
9212194
9133321
9766191
9664296
9455449
9073168
9347614
9663900
9868492
9414747
9038545
9419760
9457695
9726117
9777583
9592536
9849053
9429525
9602268
9647496
9943950
9648631
9523289
9807221
9217289
9775674
9339910
9064888
9397888
9573753
9310901
9685989
9907323
9050061
9756445
9861011
9354135
9460107
9926692
9992761
9197779
9666221
9039165
9182551
9711686
9997823
9720831
9938496
9846733
9127710
9592724
9736052
9681031
9918395
9336123
9596321
9579378
9409954
9669679
9802931
9778308
9781787
9977488
9260631
9004482
9809784
9800473
9009920
9894478
9685131
9127405
9112227
9097997
9615942
9486482
9477249
9276257
9910309
9440831
9236692
9723556
9366589
9494778
9357084
9065405
9762677
9256760
9286547
9411938
9392821
9283447
9884259
9337398
9997050
9074596
9353560
9502233
9006411
9916755
9983363
9028203
9240632
9285507
9666645
9185354
9566551
9664364
9518400
9780235
9430703
9891793
9574837
9801433
9049814
9658187
9359162
9599137
9060033
9526054
9087504
9968165
9770042
9419146
9226248
9095458
9661578
9744820
9889889
9894140
9384523
9096077
9405148
9796234
9898295
9439017
9260090
9134943
9424536
9901303
9880348
9686451
9023784
9282675
9634238
9802480
9473463
9671047
9473007
9847939
9428130
9209282
9810088
9470319
9000400
9832229
9011480
9055666
9837020
9616749
9191569
9464707
9133616
9756474
9312598
9478024
9601675
9433123
9792128
9005763
9905923
9571919
9094545
9671063
9403624
9051852
9011751
9553521
9553385
9641629
9469824
9884678
9870509
9500904
9869874
9678270
9817460
9738413
9785452
9131378
9890928
9099013
9585798
9865260
9526680
9453987
9421493
9005907
9758037
9040917
9575846
9658738
9077994
9824065
9078832
9230760
9188783
9770202
9522433
9954892
9370603
9825874
9025081
9293954
9637784
9461898
9822486
9899589
9410737
9180513
9698626
9107082
9598121
9041765
9066454
9492295
9620960
9671829
9002943
9779944
9752629
9459896
9492367
9837495
9055690
9250565
9108715
9172086
9868178
9355896
9444333
9402742
9524867
9085505
9340592
9859090
9724008
9151516
9762184
9086503
9748640
9806586
9592924
9915666
9791175
9985384
9382082
9021811
9893954
9026407
9481159
9016610
9732066
9503788
9019219
9969900
9532084
9361602
9175961
9564970
9640503
9501626
9738061
9569100
9887324
9384039
9369929
9930026
9070280
9946605
9351899
9848629
9370496
9998100
9035515
9871244
9030714
9586374
9918869
9470649
9409878
9317336
9490303
9806748
9362129
9474360
9599045
9175885
9546661
9973740
9742162
9817982
9797048
9001729
9405477
9487062
9422360
9224838
9233402
9570868
9097905
9158509
9800715
9530611
9327921
9101707
9675066
9801989
9953043
9857056
9832982
9451640
9829610
9182721
9429970
9443210
9616843
9743960
9138371
9397157
9980812
9896978
9231491
9185810
9410610
9806489
9487499
9742240
9245663
9735379
9062613
9981665
9008406
9284041
9753658
9962401
9668630
9901062
9834489
9840518
9979000
9684578
9051564
9023541
9828253
9311490
9414289
9484698
9009991
9605296
9652965
9185263
9219533
9572285
9739864
9823821
9430405
9625823
9727950
9930106
9111785
9706567
9008070
9110604
9356258
9038627
9628984
9350652
9805217
9521672
9831056
9456633
9702611
9046738
9206545
9801951
9751148
9950357
9491782
9099298
9060266
9863353
9260063
9539749
9853848
9428243
9695240
9071732
9262560
9204923
9140291
9019656
9357151
9680389
9839061
9942714
9595778
9468833
9646216
9894484
9104404
9050232
9981390
9075625
9350034
9160366
9960972
9549266
9951702
9175040
9094630
9246487
9061871
9874370
9794557
9138502
9983546
9077684
9314148
9640656
9656813
9228732
9658521
9160698
9106213
9414941
9722955
9705880
9971880
9590818
9123078
9674916
9043900
9335002
9585625
9734688
9692652
9545687
9943298
9121133
9682883
9421369
9215375
9479917
9809323
9170133
9123454
9690615
9130716
9125916
9128227
9188301
9075314
9612235
9812032
9717883
9397154
9779109
9874013
9371063
9086218
9468683
9693731
9000625
9835207
9009479
9494180
9227063
9179108
9193494
9045623
9724344
9837306
9997338
9901775
9437816
9962494
9620478
9027926
9463732
9442083
9447528
9952036
9380372
9826853
9346731
9419513
9050652
9435625
9281595
9587635
9212793
9917060
9573040
9867379
9185696
9528845
9440668
9226267
9285720
9843179
9386838
9136731
9273328
9983333
9637519
9504353
9390487
9597361
9213382
9025901
9487404
9999628
9529026
9439214
9536065
9544100
9214389
9234189
9150716
9489544
9521590
9340441
9421597
9228333
9779246
9134639
9424630
9335763
9217145
9775517
9991892
9157476
9723049
9121337
9277623
9013690
9032091
9383393
9200104
9708213
9038102
9926958
9068967
9087365
9153252
9461170
9570544
9433332
9037519
9421600
9699996
9555054
9264430
9609388
9598980
9836954
9046428
9804716
9110673
9867677
9674190
9480290
9596777
9248873
9512357
9055235
9040607
9403658
9123642
9472295
9877435
9852780
9256074
9579084
9668501
9245855
9772522
9636340
9445824
9585234
9369601
9615701
9279597
9630615
9878279
9810021
9723575
9442180
9199605
9882472
9050885
9379746
9467485
9269410
9566218
9104093
9557843
9507038
9969795
9509446
9496136
9967739
9343392
9517737
9342729
9457539
9263816
9832374
9380313
9018839
9689782
9497475
9313101
9897086
9821496
9955546
9726879
9273674
9391497
9608062
9347345
9070879
9838437
9641456
9777550
9614085
9258022
9659117
9915114
9339057
9806956
9087013
9679195
9740890
9475292
9189388
9472544
9442251
9030600
9008237
9786446
9245921
9904405
9036840
9446114
9912130
9311895
9525865
9587454
9300810
9266570
9889110
9261198
9553894
9365660
9528521
9029331
9861794
9939395
9099634
9978281
9291288
9581019
9407504
9408639
9300537
9664387
9502287
9258676
9259394
9131508
9806176
9377278
9125218
9045656
9935168
9581221
9833904
9569342
9826375
9249567
9822313
9197864
9294607
9868670
9225714
9490243
9988180
9050259
9282043
9522202
9245413
9464291
9040951
9688004
9106883
9236841
9016072
9890097
9538474
9173690
9471232
9125377
9744035
9334291
9638528
9910634
9207692
9326154
9112050
9014465
9827378
9359976
9527085
9931101
9163934
9262612
9943208
9623734
9642878
9256987
9866071
9007994
9433421
9881340
9773354
9079291
9895006
9429986
9723893
9501377
9870830
9064220
9619835
9283445
9295019
9739946
9425000
9347181
9030312
9944481
9390223
9678094
9647130
9265291
9748494
9481549
9966857
9079892
9726627
9513239
9619662
9910806
9611051
9189591
9350196
9383317
9502567
9153442
9143271
9584326
9639157
9965024
9122185
9027776
9906689
9206869
9894284
9475108
9373548
9659972
9452342
9934532
9167124
9657306
9728916
9345936
9472112
9499081
9025097
9802550
9097971
9996214
9655569
9797881
9515166
9212383
9035818
9927671
9654371
9736203
9945927
9204001
9067086
9191582
9585513
9203316
9298063
9200772
9156695
9238592
9929313
9863411
9000176
9853493
9098266
9884851
9327592
9083176
9906965
9302502
9733416
9816062
9051795
9621159
9717643
9755203
9149295
9011394
9158563
9025926
9858394
9096004
9817562
9145959
9414854
9317817
9138511
9820765
9739947
9135306
9397748
9362290
9168761
9050673
9212474
9154592
9994131
9315608
9028392
9041541
9229859
9458135
9639765
9718438
9969481
9055750
9449686
9225313
9745444
9141134
9521128
9060120
9465204
9646387
9101469
9962082
9191669
9460302
9953857
9067188
9637647
9045338
9578967
9239472
9568535
9102111
9483815
9130566
9384949
9815021
9442006
9267841
9802012
9835144
9296872
9616397
9071863
9811525
9495028
9387057
9493757
9023303
9248685
9830558
9458556
9756684
9665357
9730472
9253149
9121262
9009679
9122487
9008690
9559088
9219040
9085080
9628322
9002819
9623013
9694256
9367766
9314473
9703411
9985462
9157956
9514943
9790861
9524824
9886855
9568133
9355064
9126247
9019287
9743235
9157466
9624405
9804068
9183788
9522549
9776472
9518568
9243277
9052237
9624206
9013933
9333709
9405072
9914226
9713022
9404794
9823180
9593111
9390499
9759306
9437329
9636592
9246272
9000069
9409448
9508471
9787698
9235035
9281409
9767427
9428365
9628488
9363946
9834045
9672526
9095627
9339276
9464036
9570107
9286113
9909236
9986964
9349250
9325556
9428487
9759176
9012857
9233505
9623750
9940572
9985228
9977497
9721275
9648845
9543054
9279446
9625591
9091099
9547008
9930503
9186946
9437667
9279430
9821731
9829072
9399726
9541370
9372193
9961426
9636850
9856749
9633782
9047489
9620952
9987239
9705640
9301787
9107745
9607059
9512955
9956759
9522046
9898274
9634497
9045298
9429365
9155706
9680764
9171610
9831502
9478315
9300260
9808442
9115189
9045341
9484529
9990952
9378139
9653767
9629980
9193842
9644629
9159645
9429591
9528564
9818803
9268255
9209515
9195382
9501862
9593287
9419246
9665408
9371969
9487658
9077532
9980018
9226688
9169470
9473400
9750033
9301138
9351899
9796025
9954319
9372575
9517273
9471132
9735185
9488988
9836878
9826027
9579057
9938519
9463026
9433390
9632565
9988646
9458591
9546939
9857577
9549915
9218160
9599387
9217457
9236524
9049082
9661332
9095363
9556450
9487394
9274582
9061328
9046327
9607644
9384724
9512823
9262390
9023001
9327020
9275398
9102062
9675528
9148795
9389272
9437164
9064348
9731791
9496404
9331520
9572003
9892665
9110501
9990225
9006363
9186734
9873736
9560522
9990367
9801395
9190568
9340720
9632223
9429174
9266504
9377920
9562098
9513748
9342434
9730086
9756085
9946689
9524628
9938043
9349952
9262657
9193238
9617625
9387728
9872068
9388257
9383248
9816070
9835052
9430710
9132531
9784080
9531110
9966183
9530369
9137215
9745342
9254008
9169121
9669674
9934798
9963678
9318660
9140588
9499565
9336607
9491610
9856581
9895424
9156204
9638231
9888942
9839757
9906007
9794755
9550354
9477525
9782041
9475204
9660970
9618146
9654357
9080145
9274327
9752787
9316071
9009103
9271876
9508855
9120698
9356368
9268544
9783008
9146166
9695600
9841742
9854876
9392841
9372898
9988202
9001006
9783231
9244452
9388822
9633206
9159723
9942398
9348576
9028698
9227828
9780642
9504671
9211095
9947568
9119530
9950599
9048411
9191357
9888543
9135217
9419137
9034738
9208734
9907122
9628776
9419188
9660782
9289056
9917359
9258603
9216597
9387295
9335335
9689059
9898501
9234911
9438046
9350709
9221640
9686711
9380429
9829300
9604849
9776700
9036614
9879854
9588465
9090202
9244025
9317526
9434318
9718090
9453791
9632152
9677643
9829448
9154560
9187930
9586700
9134246
9565179
9889173
9183779
9357928
9547209
9491695
9782104
9865124
9308800
9757227
9785575
9481454
9278932
9648733
9106813
9337224
9912256
9459320
9257777
9456398
9434401
9264504
9610266
9625878
9878481
9270746
9355439
9933798
9953210
9227607
9097327
9281310
9085538
9929825
9842590
9180852
9706202
9285614
9796846
9787606
9255681
9475599
9583062
9488884
9459754
9677896
9266475
9023380
9364473
9893408
9189578
9079275
9091352
9560916
9132476
9706746
9681566
9229718
9009619
9049488
9801884
9530789
9079806
9446259
9257045
9544912
9863735
9542817
9093849
9528596
9802956
9423879
9556734
9569498
9582363
9848177
9423710
9502919
9900777
9457552
9386064
9671659
9746240
9875879
9051220
9337570
9164729
9557237
9227877
9294870
9146309
9498501
9534125
9391613
9051837
9948565
9905211
9199211
9318526
9091131
9937952
9538402
9836218
9854787
9875054
9356408
9952012
9214951
9026185
9295459
9824357
9780340
9637918
9367599
9992374
9949257
9848210
9113871
9253283
9737191
9180717
9930832
9641414
9327339
9168142
9751858
9322734
9840129
9252587
9463039
9423433
9097303
9771126
9000774
9850913
9293835
9913740
9661991
9844335
9930171
9838667
9119101
9095149
9354175
9148263
9431266
9613195
9233162
9720309
9118439
9969194
9469173
9352862
9838793
9219705
9488131
9478831
9179919
9843085
9001610
9092620
9189444
9860823
9198290
9211533
9206722
9548637
9845085
9933710
9131637
9347394
9169666
9107056
9685095
9785425
9726494
9816486
9710828
9843230
9987291
9549988
9782830
9664653
9303138
9263775
9341222
9994987
9282289
9152938
9563013
9872223
9456499
9141196
9591565
9938319
9207401
9937817
9277697
9355391
9092837
9472273
9304745
9708828
9035737
9352150
9040411
9947005
9779286
9580643
9737164
9929668
9264813
9203680
9439466
9908923
9113004
9897035
9701036
9878718
9866295
9165130
9672994
9021853
9527672
9341887
9867020
9715092
9592694
9823622
9954630
9294141
9334189
9391951
9300170
9660655
9762595
9032910
9087411
9435542
9053272
9337511
9565501
9400384
9528074
9053400
9348842
9818225
9719537
9018964
9269635
9038534
9170645
9780246
9858819
9761677
9707628
9270890
9247749
9577019
9667278
9176881
9378254
9946733
9580417
9008071
9795090
9584002
9501739
9394987
9148328
9214388
9217218
9102045
9767057
9793218
9174003
9337553
9682243
9537770
9758049
9687289
9689702
9586249
9775609
9099872
9644196
9951949
9928347
9054425
9135500
9620408
9980853
9599564
9841491
9494534
9202538
9948917
9966154
9851280
9789463
9339099
9981954
9031702
9257431
9049145
9383974
9239016
9688553
9174815
9773725
9058715
9926184
9069274
9546928
9264486
9004185
9144378
9789705
9294607
9029379
9371120
9268619
9394606
9826844
9500418
9121603
9009227
9359852
9161956
9054826
9669380
9292422
9955472
9210254
9241572
9945541
9005299
9981103
9278743
9708967
9332891
9879769
9421975
9487102
9115962
9001645
9943601
9100169
9067439
9509976
9065638
9948111
9748491
9074552
9329862
9927506
9945961
9764942
9090155
9898172
9532184
9233276
9424306
9508579
9292791
9773961
9527902
9845071
9452246
9127073
9682980
9061050
9977535
9454404
9675858
9320537
9468846
9814897
9836416
9844545
9217152
9269609
9471118
9637655
9117605
9442742
9196052
9053343
9403665
9069451
9684462
9340331
9476153
9269981
9333508
9411702
9091842
9819355
9726202
9611467
9312092
9315233
9005318
9961954
9975082
9747857
9111806
9783296
9793463
9958277
9410089
9804846
9917409
9672205
9891267
9652209
9879938
9220789
9838291
9903274
9942577
9193218
9013893
9800583
9135973
9492153
9462615
9058429
9691609
9952070
9898301
9479746
9519677
9649392
9207810
9205458
9785261
9155926
9292517
9621264
9908880
9541472
9340748
9859566
9966231
9077076
9389048
9823501
9937326
9188308
9775607
9125168
9411809
9198315
9390149
9072088
9150136
9770598
9336218
9720133
9732941
9492936
9951400
9170378
9564349
9259482
9673495
9408330
9759405
9511050
9108770
9924132
9102588
9723211
9753911
9364487
9106508
9205747
9458162
9728850
9052089
9097070
9937824
9164308
9374863
9439878
9318732
9009577
9538067
9334697
9122202
9979544
9454628
9021963
9530276
9547632
9008669
9541422
9923235
9284359
9172427
9121076
9781463
9183493
9335106
9029314
9574056
9466661
9088890
9581649
9744701
9110359
9765293
9853399
9202999
9391606
9244256
9099886
9746963
9775192
9040661
9852322
9554536
9591658
9287873
9703860
9266318
9342188
9222754
9098065
9514793
9760140
9175757
9066800
9697471
9427488
9164113
9154087
9823647
9174924
9389123
9918910
9341115
9613104
9534123
9665483
9020372
9404179
9869400
9912220
9971291
9810218
9426555
9539395
9563538
9565818
9272723
9016875
9003002
9670885
9093453
9480687
9239293
9905982
9264233
9015443
9399898
9112262
9149703
9515828
9625761
9640879
9620845
9693881
9165549
9613804
9475505
9552862
9094770
9863192
9547099
9374205
9844154
9942810
9221772
9153899
9178838
9436261
9202382
9469085
9409154
9678777
9512184
9627796
9471455
9559986
9333034
9913677
9091697
9505110
9793968
9559827
9250093
9647419
9464271
9737956
9590420
9059532
9290609
9507043
9550708
9347195
9347248
9681148
9759516
9562908
9324676
9793639
9696519
9502448
9839866
9447195
9953927
9299459
9378598
9030558
9665779
9999311
9584558
9613336
9916971
9933968
9821988
9973073
9778506
9120301
9165218
9836164
9663420
9575770
9376988
9382182
9161091
9662747
9097456
9439771
9754600
9257602
9476408
9584098
9275098
9903964
9626788
9405181
9265031
9845389
9454884
9084990
9011379
9884004
9412313
9774646
9677063
9315590
9874424
9605851
9253041
9859922
9840302
9591637
9524947
9310133
9343072
9221902
9727497
9439862
9831645
9653118
9526069
9208381
9406521
9756655
9802037
9947925
9620637
9958629
9760952
9518760
9208108
9063966
9587688
9885669
9605904
9244231
9207559
9453806
9889299
9709538
9135797
9294162
9028611
9273226
9765752
9591674
9112073
9870174
9183247
9537225
9999813
9344560
9458069
9993353
9807589
9810398
9544306
9900261
9420865
9614098
9686839
9613593
9838992
9896024
9094116
9391247
9668757
9369217
9525476
9854641
9592466
9915715
9876793
9685017
9060773
9133192
9958649
9943371
9626444
9385433
9567549
9970745
9963394
9072239
9884220
9952706
9243672
9865851
9643598
9509961
9721597
9561058
9097433
9293658
9676555
9511003
9070972
9299898
9825671
9852763
9281054
9504693
9299743
9443116
9952156
9215954
9367705
9001242
9284848
9555690
9478889
9743172
9362758
9897348
9089558
9835026
9490551
9232460
9082651
9974696
9863147
9134729
9076062
9124564
9923467
9607747
9813780
9777511
9807549
9529475
9605116
9296108
9063976
9053655
9842690
9420211
9356905
9405561
9778645
9762279
9148488
9331372
9322930
9526317
9189722
9937607
9889027
9331230
9238977
9632994
9850475
9409086
9077901
9775852
9695849
9100953
9018882
9853708
9147378
9364990
9703267
9282994
9575748
9225918
9923569
9286942
9522505
9340013
9901017
9475006
9686724
9842820
9243867
9702379
9875259
9581346
9374709
9957355
9769219
9735989
9976418
9146335
9329336
9493954
9722894
9254796
9274098
9026968
9456184
9026027
9477877
9612760
9644246
9652235
9061403
9991556
9596799
9326937
9382664
9981566
9197175
9345422
9304816
9649596
9243336
9730849
9883147
9437284
9305761
9264190
9460613
9655381
9612864
9573551
9256389
9431428
9680808
9926729
9572829
9762196
9107902
9231224
9238306
9352529
9331667
9190666
9865679
9097819
9252952
9960482
9558673
9444325
9617843
9504968
9876901
9532826
9113879
9851241
9944491
9096536
9132630
9494529
9673540
9755881
9542825
9736601
9306766
9677516
9650371
9189988
9135388
9115826
9263786
9221222
9751907
9408706
9334733
9698258
9390556
9593348
9108033
9464139
9676170
9047175
9498900
9771745
9947017
9252901
9785190
9630283
9134607
9330060
9984694
9757183
9255394
9074403
9250739
9060901
9457786
9616160
9171475
9681652
9954951
9465167
9092371
9111535
9195977
9440019
9815675
9535395
9798595
9704441
9056660
9176375
9244169
9129943
9069756
9950999
9416632
9539946
9028740
9836500
9888639
9087006
9892522
9485297
9102564
9880052
9577872
9703853
9345017
9476475
9578591
9757255
9180396
9319646
9428314
9120680
9141176
9009710
9715210
9265947
9316222
9834220
9293911
9485502
9724259
9121121
9791897
9805498
9915465
9683716
9767772
9060020
9713972
9465674
9340172
9154316
9541419
9631528
9970636
9349136
9604946
9914293
9679354
9908813
9741911
9836087
9680782
9314130
9706780
9536684
9412735
9851911
9968275
9633169
9924843
9366771
9460955
9503387
9838791
9471488
9264583
9577472
9338654
9519205
9323689
9768376
9209520
9853029
9845580
9372990
9937094
9191593
9970083
9160867
9700837
9153688
9530768
9150181
9927625
9434777
9107046
9865319
9512963
9713700
9898959
9249446
9090759
9439587
9844790
9216572
9622096
9550491
9989858
9435867
9897219
9826906
9304075
9649410
9423613
9615062
9860382
9116074
9036863
9042844
9433287
9966478
9858653
9737313
9597796
9281532
9059226
9746700
9634336
9000751
9237695
9055931
9348100
9295481
9093934
9865848
9980837
9303376
9743043
9418532
9834151
9412425
9459445
9587925
9680607
9210714
9341229
9117536
9397077
9477060
9902668
9883348
9936091
9782959
9531080
9162059
9751963
9043553
9367761
9268154
9028272
9809360
9151503
9733060
9367756
9002147
9353147
9705933
9024452
9635175
9707746
9931592
9906112
9340979
9758475
9114666
9432792
9984104
9739031
9646732
9648255
9125338
9643356
9619948
9291754
9251687
9028868
9074710
9592065
9393926
9856228
9414324
9594288
9508879
9899337
9068187
9304665
9424891
9471385
9339088
9326678
9072986
9968211
9125976
9369907
9416659
9632315
9542900
9755307
9326096
9907032
9918445
9806734
9171263
9099572
9998031
9220928
9351683
9122113
9191504
9965718
9900080
9323439
9270476
9101063
9071739
9340880
9489054
9004030
9840947
9867477
9422835
9145232
9469980
9031571
9238199
9312162
9461886
9191439
9945970
9208462
9142071
9751322
9468060
9818714
9797594
9485182
9737023
9132189
9530054
9918242
9638384
9952595
9313510
9055599
9323847
9451349
9226711
9891800
9712127
9588844
9578207
9718853
9388933
9518343
9907631
9723463
9269775
9281729
9536818
9826508
9824175
9103124
9105125
9129201
9890317
9841929
9895190
9025249
9202048
9315359
9921339
9767489
9484751
9206593
9667503
9478429
9394121
9378134
9869802
9599539
9900792
9171748
9386517
9882568
9007640
9742688
9984707
9016650
9147581
9506584
9644034
9719349
9640438
9278105
9288167
9972663
9737310
9067583
9131694
9412028
9447252
9042694
9362959
9806354
9421547
9004247
9891823
9489844
9471343
9685607
9865649
9817804
9415862
9005801
9975986
9431950
9820067
9583189
9265557
9645341
9903762
9229733
9433429
9897048
9320174
9204804
9546595
9641345
9183378
9531489
9991557
9739905
9619968
9479589
9333047
9977663
9815503
9200702
9791127
9045246
9156239
9733266
9220407
9946885
9346553
9781817
9841133
9669441
9750819
9514699
9716721
9425143
9903530
9191405
9286956
9982045
9679302
9215259
9295449
9117822
9788474
9044148
9922423
9056737
9007565
9010021
9372378
9400679
9473583
9503071
9245908
9303785
9954546
9337013
9053307
9040817
9309177
9742382
9850347
9843427
9539880
9164678
9467709
9088989
9112642
9745920
9291244
9917432
9349418
9271834
9378062
9975910
9150163
9684179
9969924
9024283
9166942
9530879
9736062
9853231
9320811
9323295
9219993
9193930
9327719
9590006
9259046
9658061
9235388
9255101
9277556
9090072
9095695
9032146
9270045
9834215
9837919
9146342
9987978
9435446
9297513
9012091
9463764
9604441
9818209
9969421
9751763
9503007
9582759
9718493
9594045
9268280
9476033
9403581
9293348
9515174
9148216
9983147
9088446
9249321
9680330
9900208
9752011
9132989
9107342
9615677
9585116
9676302
9739108
9205468
9011609
9253202
9870649
9712662
9417265
9643698
9949624
9842151
9261778
9666983
9052948
9328888
9183650
9974695
9687818
9306117
9934309
9643626
9132707
9443643
9496449
9257217
9289667
9359197
9708277
9223077
9425013
9673274
9062767
9568400
9299654
9671333
9002008
9729264
9426016
9990323
9746724
9945200
9588780
9307041
9577213
9803770
9004277
9238134
9659057
9501188
9272635
9908404
9044564
9195955
9904808
9289820
9959890
9282665
9355661
9147641
9443405
9653623
9199940
9078644
9455201
9250891
9086669
9385075
9578879
9577871
9087674
9730760
9765267
9157904
9894189
9368407
9671776
9438059
9040670
9194231
9879838
9976411
9924181
9667418
9614017
9216910
9810148
9220312
9288779
9060031
9516405
9911015
9640848
9696683
9600810
9841661
9646588
9242971
9605243
9907237
9189804
9441830
9426577
9172072
9656511
9992998
9539658
9407959
9818307
9726839
9677426
9182379
9122497
9421282
9658818
9135978
9176293
9126450
9867633
9104424
9298636
9567251
9395973
9809579
9568757
9152103
9924602
9377561
9903453
9647482
9336620
9741635
9165436
9145631
9758395
9722154
9771214
9818987
9709617
9228363
9418645
9214317
9762350
9534217
9607365
9366005
9541777
9653679
9435502
9282727
9141236
9053467
9998056
9563237
9885096
9146839
9808602
9686693
9199765
9711095
9379843
9351820
9600901
9449479
9309722
9584532
9609925
9470860
9891282
9871196
9190455
9945397
9879550
9546702
9822128
9020864
9689796
9596439
9065657
9681050
9955922
9585084
9564404
9854933
9900356
9202902
9943597
9839686
9902127
9973160
9023958
9268665
9600165
9866102
9353165
9517914
9853547
9815835
9404877
9724688
9012038
9126716
9704423
9959423
9464721
9421074
9956090
9523787
9091897
9693841
9797635
9250716
9033179
9842979
9833598
9082607
9318094
9033193
9022729
9455551
9844809
9909851
9256746
9795175
9545399
9131717
9814462
9541697
9358500
9816480
9233152
9702044
9917269
9903558
9323658
9152202
9898624
9875492
9535743
9917664
9446527
9557319
9688398
9388977
9283343
9484064
9473818
9840346
9147355
9258800
9169449
9348905
9571884
9707527
9595699
9293498
9945888
9342367
9460216
9729902
9746994
9778881
9701628
9645148
9823138
9823214
9084173
9792503
9298079
9479861
9081562
9938719
9005449
9724357
9272948
9181073
9897215
9022407
9837395
9935007
9225330
9965546
9767709
9149098
9252590
9626291
9725264
9541015
9951429
9095418
9340195
9350794
9543693
9604915
9668529
9657175
9977651
9319300
9542749
9236644
9924834
9230803
9795145
9140439
9513350
9607961
9663422
9692226
9794307
9239366
9041633
9923591
9620563
9831539
9786105
9731042
9627497
9411638
9932716
9685128
9893167
9797041
9380652
9894844
9146932
9861239
9383659
9821786
9160499
9051393
9890132
9458654
9077969
9394164
9512520
9869565
9559799
9334979
9692596
9705528
9806932
9894444
9733674
9284090
9193536
9238028
9718932
9424274
9090494
9098393
9960895
9792825
9270769
9278227
9524724
9919430
9896886
9438480
9514138
9875260
9894335
9116994
9322929
9775519
9832301
9195244
9547548
9414158
9715937
9858412
9232335
9944618
9955724
9429651
9999400
9795106
9980293
9519337
9303191
9127067
9354959
9652818
9720080
9383480
9593492
9393196
9490290
9246984
9805540
9184163
9018224
9426670
9551361
9678589
9404449
9063959
9604913
9624503
9789974
9277914
9326645
9877256
9458286
9015590
9644478
9085139
9328788
9018691
9886685
9075421
9417897
9388059
9849436
9905157
9966614
9874123
9971996
9900015
9963853
9094270
9848454
9326546
9657160
9132813
9854394
9225110
9986354
9940927
9310812
9795374
9367598
9825010
9495918
9508930
9562366
9343978
9611568
9238758
9194102
9460375
9213128
9973639
9478245
9297703
9294169
9459333
9310048
9422844
9244982
9785547
9436215
9809362
9603016
9755973
9662965
9640993
9552191
9812065
9112285
9700641
9529769
9046921
9360600
9297559
9894312
9911269
9328536
9268546
9938274
9436290
9515602
9743420
9224423
9759407
9283268
9705328
9928534
9883581
9221748
9243269
9753896
9644879
9858463
9378264
9551447
9690205
9041465
9015904
9690902
9224059
9604707
9443423
9802740
9322415
9456482
9484529
9490696
9687882
9883751
9224613
9984925
9847708
9966389
9969517
9599756
9995536
9278572
9742259
9818540
9239179
9026175
9270102
9366915
9503077
9097587
9334287
9663063
9464576
9190680
9113108
9006772
9729065
9525117
9758346
9190603
9738433
9948765
9064295
9316238
9526285
9769485
9571990
9979187
9116623
9081893
9171177
9523271
9837607
9590089
9117776
9794353
9874838
9674733
9793682
9756291
9003955
9063697
9637060
9681649
9371656
9034153
9440216
9499957
9537901
9825103
9040467
9453063
9546975
9104778
9490167
9576181
9322581
9558657
9223782
9994787
9645615
9693733
9471579
9115166
9305348
9689825
9992219
9610758
9535100
9545540
9064970
9802575
9670489
9733715
9494385
9990358
9932233
9071700
9182974
9538807
9018495
9638766
9802787
9391589
9365955
9563646
9484090
9470215
9140052
9939829
9815754
9237106
9677121
9624367
9855812
9173741
9551911
9941136
9543513
9269068
9452186
9216467
9062419
9260456
9126379
9650667
9704932
9233344
9646849
9348416
9752647
9649361
9814444
9175319
9330061
9687577
9026687
9153642
9291741
9472383
9115678
9399059
9773787
9563929
9834418
9676476
9409559
9869526
9868065
9043541
9712959
9138027
9831224
9513311
9020759
9977753
9435070
9162330
9163387
9419816
9790878
9162611
9523772
9459660
9054127
9710425
9591315
9863447
9094283
9951187
9827584
9010710
9321031
9650826
9793610
9073868
9940516
9416382
9683102
9288927
9630548
9665655
9312895
9013825
9798229
9378434
9432312
9545784
9087001
9304345
9839457
9417828
9653079
9461589
9918530
9973230
9534772
9958190
9858137
9000629
9051338
9068249
9239903
9742747
9136967
9466030
9180199
9779732
9780483
9921320
9286546
9366590
9137941
9653484
9490739
9548888
9368656
9336559
9111457
9002745
9240658
9705814
9182764
9064319
9669905
9434752
9105427
9368375
9071087
9181706
9491077
9946276
9935404
9595629
9471105
9594732
9891934
9616742
9716874
9843024
9695159
9572892
9680274
9211486
9018746
9021587
9856976
9911491
9630914
9296271
9874286
9168267
9986467
9913844
9583966
9961233
9291055
9110077
9193509
9068428
9082701
9323991
9168414
9505003
9983800
9340864
9145086
9085253
9769492
9748544
9722538
9878621
9611818
9786359
9158793
9979127
9714046
9576744
9296064
9525986
9138925
9253910
9074816
9418298
9800643
9215852
9034393
9932572
9832648
9501491
9047162
9071576
9950181
9964824
9587150
9617276
9730070
9030337
9994440
9537965
9483509
9563029
9327858
9228097
9519884
9008871
9742470
9476330
9509114
9003291
9940417
9968619
9896850
9543180
9358529
9810025
9356688
9780294
9015204
9563848
9058144
9067153
9349883
9356723
9932047
9959104
9315471
9546821
9099775
9465435
9168941
9930058
9636157
9057812
9278373
9489476
9662490
9382887
9210009
9906631
9768052
9301085
9807962
9727150
9696031
9112562
9965120
9617985
9602214
9553837
9895801
9103895
9917589
9694741
9401999
9544711
9654912
9218042
9684056
9110218
9754045
9712557
9675327
9691890
9013759
9192444
9419093
9998823
9768415
9333005
9616027
9679827
9892599
9053150
9957284
9601328
9808648
9020837
9702792
9792011
9234481
9314005
9316702
9461276
9775692
9494119
9423510
9886583
9337756
9863227
9256471
9228739
9055904
9435616
9101545
9868908
9731778
9705026
9905608
9423077
9420074
9325755
9759930
9275650
9046385
9526968
9597576
9822315
9272373
9715159
9436086
9037607
9754310
9975967
9339567
9477845
9497821
9746688
9288224
9965718
9964358
9482836
9389201
9123483
9253621
9159880
9904279
9561275
9929443
9649696
9379654
9283722
9205211
9217674
9898172
9096245
9887967
9661348
9169840
9026252
9468506
9045860
9147764
9496036
9332376
9529093
9453364
9302406
9563150
9630902
9934706
9291994
9317121
9731230
9148588
9344355
9003493
9661305
9749912
9539359
9034954
9372199
9189585
9077053
9482589
9441569
9192975
9376004
9667082
9155665
9535840
9802431
9476940
9427502
9622567
9645711
9992535
9706098
9650579
9493855
9829426
9776544
9198136
9231192
9673283
9752339
9851631
9251333
9881074
9769987
9959754
9696423
9068472
9209447
9943682
9989486
9340732
9048093
9862618
9257639
9636807
9726933
9735559
9683340
9871402
9409736
9188342
9100868
9826457
9429223
9541133
9234622
9256644
9079093
9484881
9529257
9843248
9685947
9083396
9674882
9428171
9053174
9208176
9459603
9852710
9586539
9159413
9009427
9626120
9807998
9018814
9392597
9839126
9927305
9241117
9351867
9999725
9611893
9969913
9575304
9082406
9392954
9668024
9950765
9290658
9947730
9720453
9179920
9310838
9888948
9626540
9386869
9194144
9317797
9389270
9191792
9620506
9629182
9892825
9315059
9663007
9442690
9121865
9233307
9466710
9666886
9989010
9207350
9863762
9582019
9245439
9907527
9136690
9506553
9816987
9765221
9737588
9220045
9367541
9268746
9651617
9538769
9899878
9597697
9404034
9458241
9866362
9015839
9771690
9288179
9906518
9506487
9899060
9483917
9275002
9154743
9162902
9949235
9289401
9903747
9447097
9701983
9606867
9592828
9551698
9771204
9085307
9311043
9338715
9985465
9754006
9668446
9629407
9022720
9156973
9589437
9128193
9427066
9953787
9956685
9174580
9098434
9010985
9860917
9130539
9681348
9749428
9402566
9692831
9462324
9878198
9362127
9939579
9951816
9246149
9391165
9935969
9426991
9220870
9879515
9999920
9858385
9778292
9950384
9160154
9677393
9015709
9121958
9894557
9168950
9937495
9623803
9323269
9533143
9035344
9739575
9190655
9349520
9660475
