5 5 500
6407435 3293303
7667584 -28726709
12981947 3232993
-4728920 -20310419
11417244 -21375059
-9897535 1003568
11250465 -455741
-212338 27421583
-8617310 23838234
1170809 22010017
9475604 -55467994
-4050339 3741774
-837777 3712301
21965125 2292518
15461481 -52915993
6607803 -55284619
4978498 3464677
16664345 2658296
16653096 -51843040
-4213332 -47937884
22551228 -3625460
-1649114 -49678797
12969300 -53978501
-2287871 -49245129
12054452 2976402
20398049 -39496616
20196147 -42671922
15891026 -52732863
-13760914 -23699432
-9676551 -6495700
-5781059 -44656817
-9259031 -36198455
-2318482 3725885
7564532 -55934168
-3901838 -48149365
-15854510 -20158373
17226392 -50719026
21810288 2303207
-7363730 -40807788
9603869 -55413308
-10939976 -32110425
2901683 -52768444
13448585 -53774166
19028737 2495145
10636986 -54972857
-6153393 -43751307
-11996073 -29542019
17344773 2611345
6902864 -55484941
-7690499 -2286223
-1926570 -33676469
22835645 1447528
15465730 -52914182
-1243 -50797576
-1023650 3714006
16009146 2703508
14019875 -53530603
22020183 -13097419
16457146 2672598
2404897 -52431163
-12488370 -12455406
-15059145 -22092683
3123226 3592699
-7602111 -40228054
-835361 -50231273
5376777 3437194
16921805 -51316203
7681743 -56013745
-7089569 -1012539
5730400 -54688930
-14543190 -16810635
-5937184 -44277126
-6325171 607615
-14231903 -30775232
18669287 2519948
5915871 3399990
-3332310 -48536035
-12614049 -12721781
-8786965 -37346507
-4906518 -46783682
17736501 2584313
12874004 -54019131
9404833 -55498167
5545864 3425526
-12959085 -27199992
3720362 3551491
-12635180 -27987723
6428967 3364586
11765013 -54491936
8629638 -55828659
8277507 3237027
-9461328 -35706472
-15101287 -17993535
-6029199 1234934
-2374884 -49186052
-14061231 -15789116
516493 3699881
7078007 3319802
7727967 -53950631
4000116 3532189
12889819 2918756
6852198 3335381
17341157 2611595
14538902 -39410402
-4903322 -42222944
22006334 2289679
8928908 -55701069
20653131 -35484948
-3303328 -48555710
-9388584 -55137431
7685979 3277847
-6231869 -43560457
10858519 3058927
17656630 2589825
-14707869 -17159675
16183132 2691503
-4016573 3741462
-7629169 -2156232
19742781 -45785347
-2123031 3724092
-10824464 -8928724
22327125 -7622663
854062 -51378262
1088314 3694632
141639 3703321
-7820625 -2562028
21306586 -25208072
-13021189 -13584722
-10976652 -9251288
7119496 -55632021
11499131 -54605292
-8335244 -38445084
-12491184 -28337916
-13845078 -15330971
2354912 3645714
22853782 1771029
10655002 -18500514
-5104985 -46301014
-10949093 -32088253
-12826441 -27522579
15966266 -52700787
5734511 -54691718
22547655 -3689192
-7284060 -1424766
1017537 3695282
16526974 2667780
-15636364 -20688897
-14632739 -23129697
-11165466 -31562040
-798276 3711940
11186817 3036275
17322816 -50529977
6450053 -55177516
-10232872 -7674832
-15188966 -18179372
-8719681 -4467594
-3608024 3737716
-3921305 -48136150
-14582436 -23252033
-11276465 -9886750
11343052 -54671831
-2961494 3731783
-5586602 -45129731
19409870 -46438059
-1729466 -49624244
-11811133 -11019985
20262152 -41633866
13980430 -53547421
14557409 -53301434
-6414280 -43116837
-5531858 -45262868
8369409 3230687
-3266248 3734579
12751389 -54071406
1432677 3691477
-6057868 -43983624
11405751 3021165
-14705983 -22951569
20652929 -35488124
4557658 3493713
7332793 3302217
-13557749 -14721975
-9637557 -6413051
6475075 3361403
15273364 -52996197
115567 3703558
3201406 3587303
-10668127 -8597363
9940768 -55269678
11892218 2987595
22041998 2287215
-7124984 -41388418
4796876 -54055138
9703390 3138634
-6083989 -43920098
-10589595 -32962547
-1346079 -49884536
1324182 3692470
-1560878 3718934
-8742660 -4516298
6282774 3374672
-488381 -50466845
-1923283 -22020924
-6779401 -42228866
105713 3703650
-8791875 -4620609
-237011 -50637507
-2008979 3723049
-8614143 2370664
471923 -29755087
5316779 -37141085
-3466516 3736416
9602237 3145614
-4031463 -48061359
1303720 -51683547
22467342 2257864
5006308 -54197327
3052648 -31900119
-11858684 -29876148
5845326 -54766956
12765651 2927324
-13163144 -26703724
6343529 3370481
6690411 -46569038
19994313 2428514
-9309487 -5717701
13910590 2848319
-7656139 -40096657
22758209 66347
1979035 3671650
21000772 2359066
-8713740 -4455003
-8951766 -36945717
-12245226 -28936083
-1516746 3718529
347672 3701428
10373735 -55085086
-4648703 -35872335
-6527414 -42841695
5812276 -54744516
11219248 -54724615
19473227 -46313841
15433262 2743251
-2021100 -2387500
3938776 -53472551
13454585 -42333451
22215984 -30255108
1670568 -51932610
11204586 3035047
6446590 -55175165
3515358 -53185083
7047121 -55582883
11069128 -54788615
14901988 -53154525
201148 3702773
17691802 2587400
14161285 2831019
11821264 2992495
7585674 -55948521
-4522569 -47717440
1581374 3690109
-11950868 -11316158
4083807 -53571016
10181733 -55166948
21350598 -24515898
783276 -51330207
22196556 -9951550
18970886 2499138
-11697783 -10779737
-13976163 -15608809
9272584 3168366
14218264 2827088
5673950 -54650605
8576779 3216380
13114087 2903281
19466409 -46327210
20039366 2425408
11146805 -54755500
1818064 3682758
-15066253 -17919278
11150696 -4386399
-3152008 3733531
-13281344 -26416263
9735125 -7447677
357746 -51041301
-15946164 -19935471
14265328 2823844
321775 -51016881
-15524679 -20960516
-10947379 -32092421
17086498 -50993305
4748092 3480574
-6774134 -42241678
-10933255 -9159307
2149782 -52257958
8244041 3239336
-5950009 1402778
2127976 3661375
-9949364 -34519577
-7700792 -2308040
3342342 -53067618
-9684692 -35163256
-12754981 -13020493
5798803 -54735371
10695344 -54947975
-14035390 -15734341
18030430 2564031
-12178959 -29097245
8308101 -55965742
6912587 -55491543
7159124 3314203
-10498276 -33184631
21287041 2339309
12732905 2929585
-7355133 -40828699
4805189 3476633
-2104780 -49369435
-11967024 -29612665
21876110 2298664
19984748 2429173
19002919 -47235933
6594454 -55275554
-11840751 -11082762
5759443 -54708646
9158643 3176226
14806524 2786499
20944582 -30901301
-4834422 -46959023
21171643 -27330320
19613373 -46039066
-10748407 -32576321
11562753 3010333
-9816844 -34841863
10847713 -54883014
-5248528 2889581
-1654510 3719793
-2443783 -49139275
-15245897 -21638509
-12797448 -13110500
-1951998 3722522
-10530686 -8306055
-7241426 -41105231
-8029678 -39188218
275564 3702089
5177594 3450939
6870355 3334130
20930888 2363887
-9111757 -5298605
5032661 -54215218
8999119 3187234
-6919618 -652324
16125655 2695470
-9074174 -36648021
11686621 -54525357
16745202 -51662456
1445018 3691360
22666504 -1569344
12350494 2955973
-14675661 -17091412
-3411163 -29870044
-6751860 -296758
17996554 -6543518
-5390811 2588012
-14444180 -23588269
9790217 -20775158
18625988 2522937
-5706124 -44839058
-13872683 -24978138
-8601160 -37798386
-1962274 3722619
-2748840 -48932165
15180982 2760659
-12145310 -11728281
-6750382 -43586227
3522879 3565121
21107246 -28343088
8222110 -56002406
1709028 3688938
-1260383 -49942716
11262650 -34633900
-2342787 3726107
21230244 2343232
-3815200 -48208188
-3234221 3734286
15333411 2750137
-9690625 -35148826
-9229360 -36270611
-8148402 -3256759
-9706494 -35110231
16963254 2637671
79553 3703886
15159460 2762141
-2191925 3724724
-2659709 3729018
1006298 3695388
7490446 -55883867
6251131 3376858
-5500218 -45339817
6557453 3355722
-7814459 -2548957
11555064 -54581444
2260934 -52333421
6557995 -55250802
-9144894 -5368839
-9170299 -5422686
-7688099 -2281135
4202243 3518241
-653432 3710612
-9431958 -5977277
13321831 2888947
16475240 2671346
22105991 -11566908
-407798 3708357
16256481 2686444
9021439 -55661622
18971987 -47296582
-9499766 -35612990
3056782 -52873745
-7025405 -41630591
-10897747 -46408306
4673841 -53971606
12862329 2920657
11252498 3031740
-8641808 -4302543
9449641 3156145
17954529 -49291425
-13250829 -26490477
155169 -50903767
844642 -51371870
-14683478 -17107977
-2275387 3725492
-10831571 -32374064
226774 -50952380
-15255985 -21613974
411555 -51077832
887719 3696473
-10290896 -7797817
18395327 2819203
21853417 -16071929
-4524537 -47712657
-6059360 -43979993
20110855 2420475
2499550 3635733
-13503487 -14606964
9252311 3169761
-7423234 -1719750
17504718 -50173333
-13361327 -26221746
7879239 3264513
-7888515 -2705921
-7671410 -2245763
-10848063 -8978742
6654901 3348995
5866345 3403412
12651972 -54113790
8040795 3253365
1335627 -52924162
-819411 3712136
2466177 -52472767
4006731 3531732
-3640290 -48326936
-13373064 -26193201
16360107 -52417478
-11249171 -31358469
-15320491 -18458139
1009371 -51483705
12651487 -54114000
1138994 -51571712
-4954928 3511875
21571067 -21048586
1266347 3693001
-9528642 -6182204
-5675693 1984197
-4584389 -14333022
-14812385 -22692802
574260 -51188298
3260366 3583235
7744394 3273816
9485846 3153646
17681366 -49826998
-10408566 -33402805
14726355 2792030
-1315344 3716682
6426686 -55161654
-6064226 -43968161
20660906 2382519
-8359432 -38386262
145453 3703285
7747374 3273612
-2314949 3725855
19413075 2468621
7918274 -56131943
10023196 -55234535
-11047826 -8758203
-13673781 -14967908
19288479 -46676062
-9311304 -36071325
13302654 2890269
-5423031 -45527535
-12326220 -28739109
16306206 -52523158
13466885 -53766364
18403050 -48412050
-517277 -50447226
4194698 3518763
-9344236 -5791352
6114754 3386268
-2383974 3726485
6111167 3386518
9830818 -55316556
