2000 2907187
1014354 3220437
1985817 4036102
299978 3748296
775641 4840707
966374 4415843
676426 4397335
3742347 959231
4951265 640047
4318437 2039173
4346427 919637
215085 2380279
146328 135150
3280713 4538126
3255702 4110828
248725 3310260
715165 101520
4246193 2044179
3773813 3893972
990059 1146683
1775637 4125501
255804 4531434
4541315 1626615
3554228 1727969
3016995 3436450
1352393 3633812
1746313 2767446
3307888 2216263
3573375 562264
769493 4884892
4001935 2116988
2938264 4900134
1923719 1516683
4043896 4905459
3779282 2527354
2102150 396132
4501927 761699
1487524 3594515
1214213 2642321
4533807 439659
3227972 4709316
2229352 3178010
3237885 3044498
1503048 4721262
2823362 820456
53855 1469961
4758377 2460943
2513530 4503105
4284811 1989127
3299970 3123104
2294976 1233321
1082468 2400265
2844718 925270
2881473 4240399
4030152 1901484
4484739 2662462
3775503 707501
1665616 1042234
3209973 1276558
3253538 3877800
3241591 331240
2756106 1680200
1820010 3312211
1306523 2393447
1256393 2104082
2109876 55358
2103826 1883719
106806 2277173
292033 4223447
644379 118918
3303981 1910279
1240525 1868552
3479138 333852
799846 163729
3609090 237570
4178573 4754385
4194001 3847146
995168 928644
2151090 2287199
219759 4006543
3952598 3124908
2898228 2749239
373185 3143987
15803 2732699
3210206 3475566
1688649 4433399
3029861 1650288
1348550 1450369
835722 3682282
4968979 2296342
365081 4086840
1855799 1949612
2851633 2190997
4301781 4255558
1699010 1088203
2977588 3427847
1784995 2703040
2203548 167525
1246795 1615297
3050302 4322808
4746314 3885181
4788312 478600
2675768 2975169
466868 4129866
4860302 2107206
767367 4368089
4494568 3423065
3017077 4532324
1315332 4543720
389728 4817134
4470564 912526
2846165 2681076
4306911 4766782
4953990 2735631
2059696 1419897
1019763 2740099
1825750 2052035
44105 4251313
668062 280409
1433170 3747105
3141139 1866043
2316464 4357113
1219805 3186023
813165 1643895
4520565 2927811
1789730 4474040
3386870 3908233
3712565 3224426
1410451 2383952
1673928 1689930
4833966 1305333
2583649 4358192
3766735 2779125
3436298 4543617
4245306 4089247
4027271 3862705
1096636 963330
1066604 2873228
1672773 178634
628813 160002
1069289 2786268
2641799 3524252
2243994 653257
2063820 1703100
4454765 2852012
2904482 4859540
3531161 3667956
3245109 676986
4816468 2498747
1235756 4571436
747828 365070
390128 4247943
723396 4691124
2355775 1455735
3617350 1771399
2797547 2727230
2308056 2297969
4063393 2963358
2638982 4078598
1506350 3187310
2726074 756730
3469596 4938235
1802902 4932279
4961288 179362
3778630 4042469
2332246 406765
3934547 2077940
1658528 2388174
1877950 3676869
853797 338253
2700709 2957886
501521 2999659
2862632 4623233
2938117 4213949
2309126 699725
1166040 4579767
3962889 2598257
3699202 1556497
250559 3637119
3624695 3966503
1069987 1967610
220908 2483741
3534983 1256956
4511410 2683180
3417652 595695
4247466 3110744
2529790 2615368
2054014 764458
3285547 2936941
4922873 2371825
3396816 2505378
4546330 3622853
4611165 3959942
1114027 995467
2489672 3407832
3429645 323036
549945 3532404
497725 1728132
4762178 985385
4757397 3464486
4246121 77819
3714755 3574934
3253666 4258631
27866 3161450
333355 188367
3354076 3610722
680126 422692
3887280 3090105
3179086 4245105
3971918 4211570
4953006 1367100
1547394 3906040
4922912 1538009
3789710 4417129
4839048 2893029
697268 3764140
373073 1712336
1401240 2925520
2879482 89951
2187521 2009849
582514 4225787
2781780 2426862
4892964 2387540
1085222 831276
3599395 3591338
1710149 615466
1491093 409588
1901110 3559010
4559467 2812132
4855524 3100993
2178667 1405859
1617708 3922824
2859624 3390434
1077149 3218711
2999034 3588469
3919500 1258999
2383169 1527579
2523813 1696341
3148243 303328
1235512 943360
666668 599140
2215002 1004326
367552 456624
4182404 3722612
4747042 4450100
3814212 4595864
2675402 4067104
967280 2499576
3802581 74414
2661442 1000342
4118274 393647
40254 160701
3924483 1711324
4347234 3106340
1695975 4118191
1944777 4300045
2439142 2975600
4924887 1321011
3680185 977011
414224 1047450
4869196 3574008
2523075 1131785
2492052 3035548
3552553 890334
3635009 1536670
4828315 3518831
3492659 3618731
1011178 3543772
338733 2552513
1665362 1515303
1988680 1781599
2014745 2769698
2761532 4193590
4074758 386413
4261118 2131274
3201131 3188342
4282175 3181930
4403625 146088
636758 621271
4576130 4493552
4179397 3342028
3851218 2911516
2606022 1068914
2476877 3294846
1843723 1268779
1868372 1437868
1171780 3051270
3730875 4639740
2028988 3030042
3915124 4110212
4613313 4044921
756088 2838691
2179425 3253343
2204715 3018949
3367295 4584710
1812156 3318600
1214291 4100725
4464738 3964955
2060194 264863
2350647 1205859
2894135 3314675
2132272 4770006
2695791 1340740
615209 4057150
3174347 3414090
4294438 4139837
4665221 2523332
565051 4235857
3722070 1508895
2517835 4689484
4340438 3085514
1692 1179044
3703719 542938
1011977 4759487
4424037 4857926
4204440 2423942
4846513 3356160
2902353 4946436
4286264 4050286
10198 4659788
4256900 1544871
3860267 786782
4850069 2581599
2385241 4399930
4578834 3076323
1658879 3264208
1810969 2872636
1508150 3621198
2835260 2842907
4686215 1927324
4656986 820731
3749967 3815940
974549 1936179
3879138 1438043
3403195 4197953
4197387 1739638
3740587 2395368
1556172 1832929
678822 4827220
1434898 4721503
339238 1446583
2982775 1483999
107220 1671348
44893 1952728
2018181 4917872
3939184 913465
2048005 2343238
3805230 2801345
3727972 1627374
2372520 1590193
2663109 2177477
4688506 4699128
3345069 2160404
2790165 1443754
2198117 4418354
2177113 1572559
35036 881842
232622 3636026
582266 4560472
2742170 616590
3420040 1883234
207045 955490
9534 4942783
1196493 4959371
4699465 3954462
1416401 499022
1146424 1033223
2054764 118074
1104217 3759385
3751620 3008287
491917 1121643
928357 23759
3029124 20909
3785095 1728589
4588634 258202
3176898 3477478
3236934 1778741
2309762 350421
1916741 4351304
1793130 411975
110740 505490
3700553 842687
1330860 1096660
1253955 4592881
1683977 3980317
3973794 212980
3446635 2836087
4689531 4972302
3382981 758888
1952180 1509188
2295952 2964575
4930987 133224
424744 3521578
4310643 987238
154880 1914613
3190965 735592
2265686 2667902
24295 1969131
3075222 3717848
2931252 3934906
4860019 3320836
2191587 2309232
4320277 3935188
1890460 2555893
2841001 506416
2911636 875173
1588905 778715
3297989 4872635
663471 4914284
1763067 188456
2232534 1702082
2437007 345413
2497452 4402146
4003757 3280719
3509768 2841395
2953175 3027912
3137189 3707928
3755756 4789683
2979620 2442581
3676786 994551
232227 4289252
1705679 4097651
499909 2419287
165961 2532690
4166937 2402565
3531484 4403264
376394 2223984
101443 967834
115730 523719
1747057 2483808
247751 1681165
1673711 4814400
1657993 382897
3336816 247045
876078 569028
2657229 2948030
3020839 4398368
743889 1657675
456537 1817605
3907833 2485820
1308980 1633233
1523200 605781
3084401 1249055
4543427 2260089
506678 4040213
2577768 311714
3736848 4982629
4352480 3917574
1789506 609384
142166 1176526
2918304 1385291
739676 963651
705395 1437383
189265 759728
1984381 2848485
1740737 125124
4888722 258201
22324 3314012
1011330 2801480
3974371 1940161
1787478 1603701
2828708 501121
1988917 4985379
313777 4820065
235149 137304
940937 1117829
3328603 2585222
4170348 1401819
3457227 90331
3215216 4068037
3871657 3775222
1909423 2848091
2500290 2520926
1831577 2277291
3956204 3074582
534535 1195380
4728937 428810
3551516 2491464
2036687 1695226
1980481 222949
1030572 3223196
4157908 1070428
3861343 3159056
4951063 4196786
2485531 1902490
4507125 461798
1422998 3397347
3698663 2597412
3244976 2427446
1684352 4052730
309275 3783131
4982320 1710185
1648028 4876118
4314995 4641336
2577426 1585142
1518641 607923
2945427 3044254
3722996 805887
4130893 1205646
1976931 3223034
2045096 3803644
1673965 3677967
2277217 2566152
2148346 4002159
1173300 1485844
1442633 4271791
91641 3109952
4502070 2792156
4670637 795589
1074506 1993754
752316 4397365
4720513 1272351
1033977 574142
2669559 810361
1493167 2748705
1840860 2732072
2784960 3582255
2426913 4070300
1316951 2510509
478648 1415760
1656513 2790160
4475387 1949464
1708276 3243733
4039843 2137533
922865 1231550
18514 4899632
3204305 4658672
2599499 2069998
3628067 3213998
254833 3280382
3837919 3548323
3589735 1203251
2458323 983812
2665866 3840874
1678397 379669
4953943 2419658
1615113 2498514
2219837 1533138
4067346 12475
3988858 4126661
55199 2966571
487450 1540829
926373 4646881
3312941 2513854
1382172 3466101
3138916 4954815
3905128 1662796
3997339 2468406
2761759 956014
419558 4374008
4654792 2671763
4554909 2167717
4073377 2750914
3874631 4223952
270358 1894967
213721 2593298
3651369 651166
3927826 2279083
890135 595939
1372274 2750556
286806 1710124
2576802 555073
2291867 910012
4409601 3620351
4277074 4311656
1997396 4523722
3254030 4811779
2912369 4965169
2856261 2807161
3653360 4159225
1625314 4985277
1545574 4501066
1933261 95389
921300 4012026
1862759 4986987
973255 210020
3687547 220179
4812048 2140784
1174592 39498
2408163 4221350
759065 4362419
1129656 1213894
4617077 2544571
270524 3691695
1775749 2824796
2348527 1354498
4645692 406530
4138002 2809043
1267000 4304908
2445316 3842353
2301450 1553227
4061457 2356908
2642599 3526562
1136709 789973
4397775 3991770
3914421 2218226
4342070 1338215
3054423 661567
1357046 2807918
3216393 1309176
3539128 775637
720267 3942155
4831729 2173463
4211676 2277049
4819241 2097115
2735008 1407647
2197146 2623677
4039566 1284249
4567816 1974356
1512087 4212902
2339930 1276896
2895748 1350179
2111949 2727389
1008557 4086090
4331949 1380902
4387731 3716196
4319188 4196518
4300987 4444734
558628 3032862
1142431 4724450
1686378 4469890
2790920 3117706
2396715 1350102
1404509 3905035
2277869 3251260
2127189 2737993
2896274 3723471
4558323 212427
709074 4806071
2564712 3398123
1998848 2010687
2521123 3180435
2200048 1681015
3250071 3928110
4173581 333439
1737245 3635303
1522126 4294185
1726676 551387
1526155 4186588
1232955 890749
1197737 3203468
4893134 2662319
526326 945094
69083 4948781
944224 1463450
3938599 1691292
1867832 3942021
4984325 3354331
1224806 1312017
1357484 3001628
3176813 1789806
1621495 3395734
1305548 1762878
2473034 2361466
986903 768726
3888623 3707905
1033006 4491523
2604715 3696754
863694 4417608
1896367 4894820
1777276 4664731
2402446 4670342
1378901 4481390
3565674 162670
1373953 3963190
3128872 4702464
1457866 1454489
3658694 2600774
3047066 4371880
3086794 4789509
4613713 2944721
2283365 1223210
1588380 4336551
3658171 536980
4082183 1949977
872768 2488926
3205999 3593318
790711 4350161
4873596 4342843
4293948 3295162
2154735 1617936
3183454 3504981
2340964 3441579
1180074 1533083
1868551 2470221
2273230 252244
997271 2526076
341628 180590
861593 2312413
4396868 327754
3525639 2914715
2249858 1827994
3537855 746504
258259 2417874
876293 221089
174963 1403595
3621226 708342
2166481 2802746
2555755 1560191
992662 4025181
1231453 4372225
3863110 3942027
1687199 390871
1691346 2831100
2429732 4654421
3535577 743135
2946641 118529
3300669 4620240
4269265 4081126
1216768 1815542
1061147 1632509
2591463 3871179
53765 872776
1224737 4701601
4075859 921586
4848140 2372850
2228271 4702996
748911 871897
750818 76623
1084614 2917466
4683660 4763794
2139408 3407125
2991063 4832503
815226 2953699
4949324 4336268
3067745 2488433
4615749 3484629
1841610 373400
619048 4472569
2771551 4873790
3257521 2605649
4372393 4213407
2161176 572389
4597413 2433911
1187383 3428658
3801948 1106160
3980433 4817429
1969329 2984065
2454095 4473083
4378559 3693393
1474578 684595
1999241 1966236
3076002 3012198
285426 1159300
3997989 2126666
617385 134251
1545965 3026604
2405944 1497983
2608463 4521634
3511859 38721
3310568 4403556
3512449 1207162
695122 1545019
3050747 4521424
1088366 412730
1005213 1878517
1671827 1614277
3730162 1800205
3146978 2247661
3255661 812496
2589867 2847661
1404728 3204934
4328809 3187532
4967939 4512663
117773 3777666
2093509 335278
2936862 3176854
2883180 2751147
287164 4094332
1849154 290320
161124 3177253
3552865 2035584
1767704 1484405
2990393 1327392
2145496 2444040
2623231 2130343
3310070 3414057
4182420 4906969
1302385 3906736
2705586 2476693
1026035 3435903
3266065 716722
1056264 3197750
2174697 2988269
2186034 4614230
2627174 271821
4429719 4544478
984901 4692031
4745381 571782
2646074 2282856
4731580 3619499
1141276 4456221
2795836 1893341
1214962 2329975
421157 3134981
4575526 2007059
3622439 2439312
4976646 1101045
1476893 2393701
1066748 600083
2858368 2654910
4658060 4077084
1510161 2160998
1338800 2399707
3804402 3939715
561771 1682064
1637994 3502324
2042376 1836293
4913848 3069037
4270498 1170335
4125244 2346781
4718609 989970
1963826 4952643
988824 2275494
1653690 4282220
1251211 4558351
1270846 3604153
2001210 601720
1907162 1189295
3114710 3835507
2445239 1714169
2095728 552899
526839 4047807
2284990 260852
1586248 3312371
1545587 442222
4172635 3914739
4425085 1953508
926971 3491602
854856 1487264
3210486 3463826
3550792 2330639
4221593 2689389
458225 19388
2603606 3194434
4525886 4998446
3586767 4276554
1428160 1248203
41451 1643734
3554884 22129
3252203 3371233
3074398 1053770
4035547 622372
4851102 2437484
980841 3227200
3429236 2929695
3591208 1579128
3669754 2097917
4273076 1621215
3315706 4955220
1422897 3990707
4095703 1042850
143018 3962603
1333509 4907469
4910396 3043830
3967971 1893962
2115697 4773237
3410708 1789800
2468565 524716
264857 4859050
4913543 730948
2397067 516676
2077723 3225164
3148405 1910841
4037581 203977
2109991 1659417
4519452 2495353
231354 1164207
2995305 4739520
3624913 2754664
3198514 2906790
4993051 4990114
3460199 2194512
4462264 2384437
2963090 920504
680100 1643432
1343881 1757518
4103413 715464
1279236 4897183
3081394 802174
4482081 1295656
4683233 4516859
2356968 254175
3428365 4237586
1178217 1170508
2506811 4431215
1527884 3946457
4134766 4459023
172474 3350004
2608695 1817702
2004178 1873173
3661762 4989451
2735424 962158
4596087 848395
629593 764840
4490942 4365215
336230 2471060
2582416 924904
3141611 983837
4123473 4048774
2905338 1275874
3055183 2756420
2758052 2501166
3381178 3638956
583032 2513547
2292322 3749977
3519298 2683359
83150 412083
3414061 197560
4304794 4376895
1504900 3817160
507954 227992
1790751 1848866
258248 3881475
96836 3583307
1925912 1512201
4662834 688000
705997 4221256
1470074 4602555
3191017 2782954
4980156 3705338
3318071 3314374
63674 2572528
2516090 2438381
1032373 4203537
4942375 423115
4248275 1256874
2897382 3125106
3347324 1641246
45268 4598308
4667155 3243626
4792562 2809816
1809879 2576906
1287668 4697008
4598561 2926092
348553 1659709
2259340 742359
4486143 3876855
1952441 3955793
1326094 2565187
174459 3236142
2160720 1360931
3340091 910260
449214 3231034
2730184 1595845
4587051 4103454
298574 2228380
4763370 3852697
4245503 264937
1991209 765423
1571046 3874136
2133575 2539650
4968011 553210
1240627 657730
2738710 3762003
2538591 488453
2948641 3504795
534594 4117771
551449 72811
4239776 3932335
2068612 4296133
3765022 2951302
3861367 1610671
797175 2912820
3529116 1917254
2555029 1411074
3419313 3986078
2707600 4125768
2802127 1825724
1264208 2594643
499404 4474253
2416370 3849075
2842027 3032698
2912127 2433610
1342231 1071737
182115 545480
2460961 1031612
4548929 1639758
3670274 2461688
2743878 2056426
2950296 3647325
3508459 4338888
3669163 4760246
1966795 1860069
4699492 614116
2246057 539853
3781318 4578650
3428249 447840
2036527 868339
409011 2157025
2317920 194283
4083045 2430845
3574367 1738753
4307881 831470
3439886 3322890
3742707 4765330
495660 4944565
4162347 3508945
894690 1000525
116843 3994056
2695312 1517474
2926056 567178
4915801 3298966
2364097 1018066
210730 766851
1778431 4640292
3588075 740832
684087 696462
1844077 4509324
1968534 3775600
835636 3107003
1144092 3386765
3816323 1282430
508395 3959611
3305365 567334
3181206 3013712
1250502 3139367
436685 2487698
230814 3036339
4680258 1953235
301228 1382301
4335447 215986
3936010 2332193
2380705 2530233
871691 1837843
3391531 1727506
3777408 3649525
3452069 58671
3259373 503802
4450970 4351747
4361742 858418
3736433 2814944
1834508 1348076
1507751 1709570
4823558 1637154
3844191 878626
4760566 2434555
3423715 1435881
4289907 422273
4578627 3186898
1974988 3941778
1633257 3391510
2549081 2222517
1675786 4305613
1674638 4820645
1403953 3407920
4931884 2972802
165421 3930866
4861652 911877
1296033 3209327
1694770 729113
585087 348888
1273597 350244
599624 2718246
3435278 3699234
2308076 2871087
1612551 1820491
1115202 1331515
4464657 1914753
444057 4266468
3673979 1596104
2008162 1993251
942585 2008098
4381868 4376301
1543641 2804345
491927 4946758
4584251 4234833
878557 3431326
1736593 2393715
1462359 2114674
4711354 4392051
2225026 3471605
1513643 3187594
4102418 604899
450482 4373877
3421962 4073545
811468 571348
2123425 1519966
1061411 2479933
3495371 2450949
2445161 53502
2422546 4702996
873146 421905
3775839 3012375
947299 1000442
3936741 3319353
3349560 4312342
2410653 1397278
3785118 4170163
3270425 4583065
3567574 4048847
1131572 4124792
2109429 374873
4539227 3609587
1412525 775604
729112 1980904
2930501 2000560
1166459 2828889
2527855 2668114
3678023 80642
1106350 1663729
4754935 53862
2830677 4916084
2162001 4606597
4115220 4913093
221687 2684849
1659067 4066760
2791306 1636998
747219 4318785
4355199 4648274
391381 2812860
2969263 2188716
4361858 4534297
345666 1671834
3425726 2730136
2392265 1933020
4655501 954104
4288199 68563
812974 1966568
3159871 3963535
1523677 2844365
70188 3620404
1780245 4800568
1702170 1183667
4325368 1315412
2355470 4252488
766008 2656576
469791 2319183
3813403 3548945
114712 4575860
2596250 4823467
2511327 2455185
1008269 2697084
2688879 802777
1456836 1930201
1588857 322824
2415495 1603374
470586 3063383
3451386 4989866
558353 2755693
584685 4133851
4599896 4539760
253628 1607203
4679379 3026782
2238848 823281
4327318 2586918
4423386 350168
2924771 200395
1625017 1911521
2780431 2586463
240466 111169
3957636 225407
2747589 3817281
2496279 4802526
2138121 3028827
310406 4598391
4527525 2453351
4563941 548474
1574130 333980
3852608 2458136
1170326 4876571
1825067 3879054
3820390 1353522
4899782 4348809
3494611 128362
3462888 2502402
1244597 588956
2145636 1659253
1764228 298450
2435179 3164271
1052102 2275881
2098468 4199345
470297 2823972
980958 4292153
3094130 161649
4496306 230021
2189787 4416044
2946408 3538687
4379083 920328
508990 2784130
2792311 4420255
301742 4083555
246159 2869408
957521 646695
410108 1745603
847331 1990689
3132884 3034738
2579471 1238881
92864 1542479
1909557 77006
4813686 3968960
593197 2025478
4976140 4819025
1174812 2926216
2637132 1801882
4933672 1015151
2347525 1918618
2929833 1428728
3052979 240960
3163994 2151695
3617101 4381268
4979812 1939740
4337663 948910
4578663 1400071
637549 2245031
2189894 1350359
1120075 3819849
374355 3565557
4356794 248450
3811446 4879291
2111473 1612713
3719548 2518485
3254622 1692301
4187308 1188338
20720 3951974
706562 2349909
1331262 2266375
2735413 3587426
4144254 1916396
2424813 3401532
1088723 1535940
3384006 1551340
3172573 628014
3255452 3542900
119553 4967412
1548720 3391221
3570101 4307058
1175632 2113367
2757460 4075665
1172863 4604773
299386 401708
408738 4531959
700055 1475372
4119997 1948498
4535170 2613443
1302571 3941517
102097 1280021
4807701 1641067
579993 2474506
4247027 2312404
1571426 1818630
4609641 3321727
1828634 4272236
3235244 249999
2950789 2398
2717164 1854384
3517428 3772870
3035727 1888628
231982 4415281
3068778 673741
1202442 3181869
1246720 1156350
1629293 65518
55049 3659953
227977 263112
4310991 1192561
1561281 2395493
1467192 3309314
1341110 2490167
4063486 542866
4870418 1234596
2365059 979411
2940879 2520339
1842757 2584285
4437522 315431
1955479 2259880
3971239 203227
4358407 3509440
681345 491035
3464501 4421561
3572540 140142
816203 2535128
2713322 2915035
1567443 1668913
508125 809998
720972 3431678
3453111 4716098
208337 2600465
1883692 1324718
1492644 1386601
3963835 4388777
495864 2887506
2521362 547706
1239521 1504588
1351054 4290229
4345962 2675748
4928772 4935261
4368828 1296899
3824844 50233
1397709 2596013
3412251 2563812
2356378 2910088
1482068 1796759
2803223 1428838
3276494 3446981
1215232 2761211
685123 4880103
353346 2114648
4028150 4077547
4665870 1874365
1415207 4461453
606949 3200664
1875208 346530
2400071 4424971
2577086 634908
306676 1129926
1597560 3997755
4786616 157017
1387205 3878285
2735941 3002899
1447189 4669961
1647135 4190124
2151796 2198940
4966414 790667
1183820 4661662
4455585 763629
2648376 498614
4219499 1321009
4798994 3440285
50982 2778039
3536542 4207435
1539939 4906364
232684 2388317
172449 3631519
1749916 1833778
657775 3043168
2300360 2613307
100697 2086857
848080 4442042
4016551 2936533
3279372 2450672
2394579 4671995
4939227 4354813
4661792 1394273
1915029 2913909
1289438 3971442
3592949 4214860
2506436 2565114
2704481 2064824
1737194 2495846
1982594 3592731
1849691 2452322
4131771 1121381
4867201 4074032
2575733 680835
3940887 2528343
2741407 388115
11165 1667289
2489768 3373950
1388849 4623537
1117791 4279114
482268 3760368
2799622 288789
4260050 525477
2546074 3477556
2097824 4177215
1906132 1159708
4096511 3630796
1292255 2332094
2669689 4980615
1327983 3466710
396925 2829878
334868 2807213
2351448 4013022
510086 4997613
2500180 435178
3830126 3801584
2380291 2716668
3234688 2439918
1934401 3408469
579671 1961640
4127986 2303499
4059992 3093618
2617120 1498754
4574550 1504893
3370765 681554
1026244 2873255
883495 1761158
1455415 1412955
3971501 1955705
4378441 3945344
2549885 2970522
4409384 1340534
4038423 3157726
462464 4152195
3855416 1964034
2286832 3454523
852316 3943818
726757 391852
3743613 4550983
1588846 1457679
4136381 4412473
2975057 1034540
2507514 4736272
2951899 3589623
290878 26241
1696975 1648980
968150 4784353
4244086 3393051
1304135 1885387
1638738 703457
569585 2661117
2016988 681554
2932675 3789935
1763981 1643176
2076243 3228817
232087 3698617
1373557 2926784
4077084 4739696
4337400 873425
1240258 257525
2973081 4236532
2220572 4686737
2744099 962429
3257438 3355201
1762341 3561542
4540500 187310
24477 3608385
4166990 2345424
2837323 586094
4991914 812010
1825275 2884944
2398695 420296
3121653 3191443
3814660 1673543
4622168 2092551
882650 3552477
2727546 892801
944778 369117
270290 2592225
3517123 2992615
4742445 279642
3609622 4315984
1836179 425807
935562 4843784
3911725 2547819
323248 1755865
1467776 674546
2294876 4270321
157617 3740173
368725 1063457
2454878 792830
2415374 1926891
462756 187915
3444346 2662944
938933 4828480
4124230 2121394
4744361 2414433
4554794 2265578
2141135 491668
4805022 3682982
480444 4142956
1385688 61887
1951720 967823
891620 2890523
3624248 3102252
133492 2017863
3266369 4788618
3408464 2900370
2711277 2086774
2535176 1794915
1710103 3193866
3566886 273677
2936477 3750804
1279119 4197054
678195 686752
4831873 4830649
3953358 1280416
2224821 2453003
2348927 2648664
4797653 969519
3616813 3233975
152128 1813048
1212357 4846497
1812838 4476575
4557892 3508863
600394 2940135
4620888 2022434
4244266 1901511
1145517 79464
2659903 4828846
1055071 2673043
3144981 2996371
4045183 4955011
1476635 4691994
1627020 3759031
2901830 4316241
1835169 2648035
285581 1518840
2587462 1771582
3987772 1630515
3773906 2692200
2284436 2698140
1383859 2315565
4065208 1652276
3608443 1599742
1289795 4970417
3938087 3346309
1071430 1716166
4146795 4554438
154210 4005445
4370436 4268219
1265150 3458180
169858 1708713
532702 1945983
2220243 4257122
3482337 1368213
1055163 3148264
1120987 3841186
2824771 2616063
1261600 2068187
267702 1408675
3166741 1449047
3820255 2403632
1420355 1694823
3245139 1204419
1287321 206810
1960523 126833
4965208 2268667
4125379 3928015
2317839 3932804
1722684 3129097
4263518 2705052
1945045 3621909
4005558 2940204
3725558 1259787
4870829 4530550
1897005 4465263
2429665 840194
4613421 2326143
4887533 4473100
13999 4761915
4917790 3317266
4457117 2358853
95236 1577116
1457226 3835776
813899 3214733
3331767 3290415
1265929 772478
334963 3130592
527303 516155
815530 1947806
2047458 4157022
73449 3259598
4927766 3501375
583623 4115937
4345223 2523019
2595327 1905872
219199 1265200
3611943 3796739
4675966 945667
3471530 16140
1885270 1320797
2318664 1715825
4599374 3146893
1452211 1410904
3958967 4061590
4241394 1601141
582267 4678291
2619456 3478283
1597012 1345353
3236544 191544
3566826 1431889
2850483 3314804
742094 4695422
3553705 4450420
3221317 3233923
4401275 931938
1935893 1316757
1709251 3636200
3224384 4926202
3603504 4763367
1792585 2809994
3502768 1039295
3227501 755787
2079218 2007550
4134200 984817
2852733 2450286
1357810 2250498
3126975 2401319
3041819 507084
231834 3767979
672377 3086038
1212170 892766
3732402 3440672
3622035 1778484
1875142 107391
629223 1262149
65018 2688981
3250124 3690805
4297794 3161494
1230928 334795
2381880 3397290
2572231 738843
506598 878742
2274778 1199811
2091175 2982828
3143881 3234261
127363 994228
1146521 226301
4162448 1528432
3279804 4711296
134268 2350962
3837377 3173763
2468478 620341
785754 2268074
2069985 1524120
4059654 4886131
3245875 2491617
3670614 772458
993181 4869324
365215 1191520
2135540 2856272
3677501 4560146
4722388 4230567
3783728 1608887
4980566 381329
4118729 773188
3781569 4553463
1949350 4837600
1028648 4824749
3112237 4698629
2026244 264280
3567499 2109855
3900833 3188342
3040232 1971018
2194765 4210490
3212946 4245570
657973 3434087
3353351 4235792
1363325 3024304
3063257 736637
1377591 4709765
3577950 423623
4411486 4095681
2728109 2340486
3478179 1416162
184516 3134264
1601342 2471185
3904936 3354452
853719 2920206
2246228 2117341
3091656 589698
2821618 821337
2637376 1704368
3803920 3572221
4587053 222070
4426329 1745071
166885 2148037
2960772 1985101
2713224 2969869
1763836 1587672
3848695 630566
86261 431016
2140270 3504681
2603263 1460746
3842192 4236558
840643 4472730
3331821 4129448
203632 2417553
2580457 2786236
1562598 2507766
2559012 4697434
3621700 4713416
1329708 3316053
3009571 4339749
566823 1500384
2069848 2991349
4471996 2790295
2285709 3145539
626311 1664921
1584815 3764352
4950366 552653
184204 4989691
3960083 2840301
4567441 1854373
4293318 1139674
4912918 2507072
2634076 2235626
4661436 647959
2952913 699342
621181 512432
772038 1291405
1624276 3905789
774024 3654774
1503579 3285690
4867510 2291295
3237554 1510246
4864003 3203936
1493644 1217501
4010838 4954897
170559 3851633
2231854 4449645
365449 506546
852802 4629497
1331709 3188803
1510924 1586771
3774133 3325424
3363435 2045879
2345713 480344
2111411 3120623
1772455 4371217
3388844 4895396
3398130 4216832
3764384 3548168
2260184 72677
3918416 1606612
2860986 4419335
481691 1520905
499105 3533515
4744146 922238
2769549 2355376
1273985 4557270
1588843 3078959
2823240 4403147
4043120 1105847
536753 1497206
2245702 1344957
3726629 1245428
3426373 3094231
4499744 1759052
4671596 187235
2680074 2727622
4155477 1985324
4812707 3959998
2833574 4462107
4181138 130860
593108 1148821
1479915 2222564
4046772 3952201
3674851 143583
3480657 1619941
651277 512227
677001 2855495
4320829 1202961
2911915 3419793
4772939 3265132
1347403 2308706
2365251 2785611
4714144 1419547
4764369 2062510
1457519 3476803
1892209 4546602
170457 3311841
2501911 4322460
2677634 3579651
2523041 2233172
968126 4357762
2624727 4167191
274022 1048982
1205343 2481477
1521367 713995
3946917 2859220
3743815 4121643
4092418 4557445
3096469 2609865
2724959 878481
483417 1445232
909663 743057
111452 2470950
3511324 2649008
59983 4508579
3973363 2122263
1120109 3093654
1177527 3488676
3935974 3160740
4720117 205726
2611411 265291
2909544 1797683
4857134 2452254
493517 1614198
3938144 1595175
2884872 3319145
3320217 1674187
1256698 2342960
3660052 2174170
3712714 2804657
1208543 4797811
2610816 1403570
2040508 21427
1758088 2973593
435858 3397777
2718237 1254473
26298 3297363
4497787 2410931
2728470 958881
3580880 842655
3661358 3954555
4458373 2599446
1583514 1888077
2337503 136586
1309588 3952224
4693433 1750961
2816036 3821574
3397543 1144811
2005609 1489714
4295868 3601357
4039951 350210
2714096 3236619
232225 3691038
2864104 3944871
3380330 480866
1831453 1705735
2635233 2673435
1595558 1456118
655109 1778884
1384864 717988
616903 789086
527398 2326575
4507569 2662781
2151592 724313
3874055 557329
4430104 2674019
755602 3968799
4590314 2737706
3515278 2737708
4937169 4009751
4473734 984404
3676265 3389403
341920 3284178
4782948 2356518
4361602 3110395
274746 2575985
2297710 4237548
1914973 720406
4316207 3575573
474508 4713470
4345741 2831077
555006 3038399
4234133 557624
267536 650503
3969675 4741880
1234420 2726082
3433010 3626957
1770182 4092918
4099389 4979920
1203828 1140629
2711969 693318
4239847 1051445
4394672 4289705
2379228 1284426
1269369 800512
1335092 3003363
1941915 3442832
941612 2281266
2275417 9830
2084287 567734
4848316 4270227
2822627 780277
330002 889509
3334511 2072634
3450597 4843687
3942779 3831132
3449902 4080
2995105 3759631
1644199 3715572
3242673 673802
3943568 1504032
2083027 3024736
2559058 1859957
490163 252764
155177 4548004
131392 3371641
4694676 1343305
4708030 3753317
2432356 3924422
4885643 427371
4129265 4522317
195551 2538854
4276673 4883891
3138895 1861392
4011141 3872896
2850729 4129147
99403 1521241
4396767 4570039
1466871 47069
555426 820004
4782912 477056
1398138 4491449
460655 4267610
936795 1131415
2434005 148752
2308917 2514684
1777073 4840286
1928506 810125
519272 4747928
4937045 1147328
42985 753971
2777550 3713639
2404344 2415804
3964493 3640116
3926729 1390624
732620 475148
582693 3340217
4361653 3324039
878074 2322112
2567150 1358933
2163315 133161
3341326 1802871
640350 4243649
1126181 1442267
3288862 4004115
4634491 4227311
2944915 1651024
1551870 3760104
3577453 1201545
510724 4660948
1744453 413304
4850853 4528075
4496978 1919368
1145005 1067745
1499394 3727874
781866 1471725
3603223 1620533
2250623 2687150
3333775 1664803
707566 2057505
2596437 3530976
4666439 160890
1594583 1390149
762827 1856196
2461448 2635564
2830017 3868786
4767193 4197856
4248053 2954354
1215862 3982766
180583 1659389
1904323 123824
2835111 1704842
3824327 468792
811290 2084771
3689467 1268651
1657098 1910197
3182530 1295492
3293063 1493530
3467458 4639138
443984 3458947
701415 1410004
648454 2423677
336968 2133026
1450374 2567111
3435816 2085032
4273839 2987010
3316888 1187272
479203 1230456
234135 386997
1060626 2606617
3801435 563759
431246 3027302
855377 3618456
4626908 764497
4078110 1733845
508637 3194214
1890125 4498715
1710194 3333902
3585537 4495042
4922393 4136032
3592152 1069514
3657810 4956464
3369361 763670
4682666 1385935
3503406 1479861
3122653 1974543
1066496 3462806
4759174 1420722
878772 1275720
2564992 4944217
4924787 3952600
4105310 3241856
1647328 4081229
160967 4850843
274326 43089
3303477 4818584
3527071 1485160
1742581 2875966
2485828 2864180
334946 2607895
403892 4641947
4686637 4538032
4722967 1028564
940806 1116335
1501922 2536826
1725564 541147
1093052 118244
2075951 451727
602991 1520493
2682399 3077183
3798809 1068488
3827806 4199422
3231626 4260985
1430554 130838
291899 1484498
2546001 3403068
1171242 2292081
2081001 2471610
1984331 4626624
1869552 1055249
4549468 583740
4854392 4717858
4405345 2226849
140078 2268400
