2000 2470205
1592468 1507832
3254473 1974980
4708788 4515799
1358459 3836708
2393468 1576873
1571547 2440777
906902 918863
4137245 4521544
1977130 4025803
2205809 604229
4258337 1858197
4227774 4406824
2207513 2168493
4190473 4283729
4275661 541266
3384629 1052090
1568898 414412
1824531 526870
1805125 1570451
599114 3199888
2069507 2284509
3427872 1586004
136152 1894040
2894510 4176935
1827228 1396726
2600099 1634920
1386873 161718
1649223 3358451
2636278 4244640
2385751 803744
404359 245271
3724271 2348679
353129 2225586
2713968 1604601
4321186 915795
924891 2402718
1003067 145083
3882813 517858
599518 1287549
3857518 3522560
4957849 2211656
3334505 4475290
952330 127825
1942151 1089552
4125988 1034955
1278355 1026636
3865656 2182258
3904329 3470981
2551442 3293245
1233349 865353
4918910 888795
3411425 2970296
4549223 1930737
971477 892898
4346646 2591803
2846437 3008836
4840947 69723
2926459 659454
1781399 539925
3341820 4891774
3629153 4198756
2251919 169588
1020648 4904037
840495 4276161
4777687 2432747
1906335 2924175
2136300 2797348
1649157 3682788
3136455 2058177
586789 701644
3486094 4456422
1434244 2486658
4805423 1651677
2502494 2768742
463828 610877
3946628 4421617
55109 3111663
4397291 4818626
4965998 73365
1869909 4887592
1334836 394571
4395400 1311446
2583240 1751096
977203 3045225
4354882 2028464
353498 2625791
4995950 3613719
4639205 4233864
3645786 2428731
3280223 907653
188274 2029127
298794 32574
3418006 4210308
2039528 2817534
4358549 499867
4241238 4712282
3645992 2638215
1798675 2025733
1576015 4304918
2758596 4634483
4567935 3204154
416647 2335411
4005207 1963158
1390502 4368753
983162 894416
3944227 1371732
54910 4201346
919139 3821299
987572 3614641
3454314 1865697
2685008 3056970
4202029 840486
2307987 380906
4842736 4267323
763465 1189661
135071 3184296
3085109 1613800
4608370 1045709
224897 2314910
4636556 582244
230398 4722647
4421236 2093808
3160348 965141
3014345 4621689
2867476 1250096
4308282 3800165
461936 1948676
304494 314320
2490568 3398359
842189 3730085
1667733 233252
4949349 4565911
1298852 4100095
852428 3061379
4083571 2523638
2412161 3490600
1961477 618210
82780 3878726
3521449 4615819
4400918 113127
805087 540083
782447 1373682
162501 250593
1591192 2962889
4282543 1182693
1612395 2200400
4244433 150893
4903980 1700531
4279383 3005152
4786192 649338
2471597 1553209
3172232 834371
3438936 3994350
4659116 1518629
3207140 4588140
1209656 4664545
1207122 3533553
1229712 2141904
3676452 66246
2030344 4568023
2551492 3049717
20359 3650147
3464534 76080
1135860 4353074
932722 416980
2344319 2943608
892388 3212277
2323220 1853794
1028131 3303286
4959969 3881052
2806187 2351887
3513729 3047744
157104 1177713
792225 3881638
2823522 4761887
4681924 1265309
2802194 2690468
3006279 3683483
4070308 2580607
94655 1417206
2945903 4485428
304264 2723120
1481796 3827287
1131833 1740954
881822 2300092
636876 4750154
4020004 351938
741259 1462031
2720810 391106
1656324 254902
1302298 4589060
2678185 1191830
3598021 1582398
331688 2781020
2599653 1970118
4710177 694090
1412149 2638137
510952 3424399
1735248 2813324
3601079 642015
2915015 2834459
870913 3105629
2600541 3092479
2266958 1700973
72454 1695822
2653821 126149
2611952 1130591
4194959 344419
80360 2877040
718958 3476403
833897 3269708
1357924 1786109
1143738 1331110
1191756 1980235
3074895 941460
4229423 2572300
3783982 3405710
338358 4579311
620430 1479999
3375275 1108180
524715 4424373
2436980 2846979
3415863 3507674
3718560 211479
2011215 4625878
20365 3841633
3733220 2157455
1667364 421994
293761 1550044
1885632 2372464
4081923 2457046
3789364 1083306
4475964 1479794
4602218 2344646
515485 1677274
2046785 4572178
2010509 3978856
53036 3553052
4445460 502110
1069216 2293514
418420 3814043
3854692 1805457
2646430 2135824
4819315 461019
330792 2089927
719303 3328030
153910 747789
715686 1093144
862910 3125252
2472847 1950913
4244708 3383417
760919 3308395
2272023 1036094
1627393 1720718
2040536 504878
1260892 1252709
3844139 4248406
1755547 2862272
2207659 1889959
4349341 9102
1902680 4631233
836283 2345509
202338 4554074
3280206 552265
1632422 792388
4534823 3972393
3934017 3575641
2281872 383347
1556334 953184
3747970 3106704
1514966 3369366
1603961 3769217
816079 2007770
2480895 2969905
1544087 1744234
1449147 6024
193957 3839817
1204265 2378187
606374 1018038
4189513 1737509
2506627 65441
1004207 128740
3066444 81149
2277331 2674483
2866339 1644482
3462709 3929349
3891477 1698306
1173998 903040
413162 2465383
4335709 2780410
2843438 4794498
3317502 95270
637166 3913250
3461918 3139634
725732 837732
1517564 1659884
201689 890752
1767436 1811696
880048 4323484
3398713 1702347
1923329 4420576
3619677 2079033
2828356 2464871
685203 4148675
2877865 1896575
4406009 2303943
1658266 1145730
2642898 1025134
4872729 2761483
2379061 3691412
3406521 1442114
4238470 3257927
1957136 3811446
603080 1243603
4661153 4344112
2789787 4764210
1444086 2664174
4388097 4677026
4846089 1185794
3876112 626507
3570816 837252
1395191 808120
1651680 2814240
1941278 730454
3619329 4086788
4277667 1964117
3354191 3184115
2629064 2128819
1194058 1493626
983520 1763864
1653981 1158401
2444529 1416822
1965971 1646047
4154618 2875733
2621885 1143744
2548297 3694984
1352282 2411748
2497221 781054
961084 552135
2936124 1947810
2521221 1811741
3657785 844290
4377334 1401774
2090990 4522688
4286415 3642032
4198163 3436667
1897823 810903
1481928 2634988
180975 1452921
3977019 1637877
3827896 4390072
1527896 1585342
4574518 3247568
189612 1219937
4647167 2059088
614542 2824782
183575 3603655
3654547 1512744
1351834 2705212
2059874 4604323
3896779 1815109
1178082 2558608
4440893 2582874
3951256 286490
3444881 3515798
2066295 805047
4967691 2489060
3731870 3835984
42788 3054038
2915338 2192097
3636381 3962729
98545 4427780
1673405 4119713
2333375 4596747
3361759 4600012
259160 4943616
3119612 1361635
431296 3562129
1880612 4003802
2625534 1524575
600862 1471423
344420 560755
4324976 3010045
2419010 793846
3574717 2948825
4793227 4383762
1613046 783469
3175244 2779035
2520735 3011518
2512587 1317915
2278858 4681727
4487817 2081442
3044487 1837449
1159651 1545724
655938 270398
1720347 2227007
1856916 2134531
3561820 3174290
1530278 4138217
3927170 360345
1846052 3663916
1947985 743622
1956451 3145551
3164184 4702636
2678093 548176
2467110 4772898
2217080 409994
4716862 4978539
3390652 4685385
3587436 1159
2626324 1901316
555186 826681
4676306 1684394
2027392 1917004
3985300 1686767
916045 4508599
3844791 1099916
898634 1644944
4340963 2428467
4318255 4463499
2362727 2822919
3917456 900526
359463 398147
3368032 221979
3790238 175557
3271285 3067074
4088502 2329733
630074 1985650
4716821 702076
4380540 3918838
1362977 29811
3821523 2516039
3557324 4540796
298148 3929030
2108176 3436335
730076 4786008
2419760 4436528
4908030 4440135
270678 287863
222135 4968163
626475 3496580
3052912 808691
1348365 722585
3532802 4590521
1782479 1828128
33737 3530271
3405327 4612211
2226651 231235
3532153 1051434
4819717 1112580
2217115 4440405
2868546 4111599
3771522 4769969
3258822 2166710
140161 594159
370812 3803477
4478242 3138637
617631 2336871
2224819 1572489
303637 85920
2836472 945347
3826323 1779263
3205450 3497276
562530 3973865
3910899 809770
4484242 2942081
149186 878689
581305 1423601
1692958 2418238
437331 2520219
1597506 2220054
1782289 1322956
2260898 2706020
4014675 2038622
2817002 3330869
4846207 527308
2563435 2905595
3383319 998165
3377459 3265401
2504109 57257
2464733 3580716
4720806 2091272
4881428 2408866
1317847 1463604
2113576 142047
665782 4341960
3970167 1849257
4775896 2423178
4364253 1976917
1925957 329618
168654 1550874
3003198 1258727
4560031 4934116
2347135 2937055
3045860 331726
3916865 2379089
4681286 3961386
4007913 2170968
4049800 3094307
1386998 4124826
3628779 4095580
4992046 4746433
1053647 243143
790095 3705505
178052 1647593
3604753 618220
1380050 3929723
2276506 3549631
2964046 3049775
1107908 3290524
2973657 1253553
2508845 2387565
1970109 3337946
1146510 348071
3841035 1346445
4864645 2886929
2271978 4841901
1431223 2254088
2312806 2953772
59890 2541241
1516292 4289270
868637 1401487
4694214 4707671
2911260 852250
4427344 1467987
3917548 369658
3515977 784558
4165101 2009625
3093280 4655855
536480 3930317
3466853 3159291
3955274 1993339
199279 4256682
3467644 733450
4178736 912869
4807587 946037
2926651 3558776
1542074 2515576
1203193 1697272
635694 1022724
1420624 3238452
3816010 4906618
4036950 1064826
2946184 3248552
3430744 1061573
4165235 1551506
4077079 2419360
1957472 4764121
841609 1045158
308996 2999732
1708032 4469323
3848050 2860397
1596000 4459780
4055916 2489075
1930086 899119
3238505 2303171
4654397 230296
7656 1225460
2710330 4330411
2179090 4012399
2702012 4170820
3297291 4494672
2065693 3045521
4938552 2819556
1197770 1804098
4841795 2639990
638990 1317584
2020140 902763
4605200 3818930
4378101 2192408
2848025 4202297
4903273 335012
3265300 987890
629844 3279229
2643661 4084729
4030789 936966
3066744 4511079
731786 4585509
2613216 840028
1708468 4438887
142442 3073658
4723691 486575
3597049 2199995
4096444 290525
3360337 135858
1005994 4156760
2859870 2379746
2021118 27043
1337856 3859720
3942397 3143891
1616763 3751143
3206904 1726541
3090786 4286663
947935 3787781
788313 1306499
1210600 475787
1763855 2326395
3795275 2879539
4229915 2184299
3782384 3229069
482784 3234358
3009953 2034433
718679 1329074
4973381 998456
175851 4204653
4513420 2221506
2179287 696999
4830880 2497785
656369 3947814
3498575 759200
784464 3487833
928216 950928
4137578 2431241
3108629 4420186
3621657 358017
4660502 433421
2979371 2942871
3550951 2576119
4426737 3252606
4511309 2735163
2071586 2034606
1132036 2983895
2048085 3259164
1190685 1383548
1332332 1898343
22251 2538958
3100589 681307
3227114 6610
3430459 1408668
294637 4523486
3217679 1806633
1837618 1258434
786879 4891171
855068 2385413
135833 3181085
1567888 2522773
1125740 756647
4974280 4902084
3421835 2062167
1639506 4107288
2263333 2592509
1597635 4015213
279210 3775831
2779155 1917962
2209964 4094359
4233721 1839452
4610317 439515
729975 2692334
3970850 4197437
4465444 4577262
1274655 2284026
3020348 988066
696331 2519926
2518831 1825423
2550504 3710921
1722918 3834648
4993370 3885481
2175845 4923293
3291197 4117459
2000341 2194182
4173907 4301133
2587391 3196774
4587299 4163812
1970657 4050326
2614380 7209
2164141 4659256
2911966 4512804
2532882 790725
4303159 1356073
1713784 3761676
348902 3721973
2892148 2844302
2972791 2667578
516371 4264554
3774149 4914068
1981456 1734009
1041539 4621553
1970001 643423
1434061 19775
3938358 2191196
2554606 2767102
1557393 4057320
161414 356129
4340386 1577281
855636 4428291
4934160 4171645
1123386 4388913
3695937 147031
2614959 2074651
4878161 2859362
2001656 1731464
1055770 3382580
4967193 507451
1300115 4670968
1427251 925318
2885507 4693280
48489 1398590
2663181 3646658
1609355 984009
4983611 2201033
1938277 2559167
812106 2301427
4112777 1967012
4391967 1254727
1315574 1015748
565517 2901964
133656 3195402
2046249 2257426
772860 1360194
2860887 2585885
2977200 3112596
4503254 2828734
2596949 4876636
954277 187243
3740343 3982171
1409506 3691192
1243592 345275
2222731 4707884
575706 4103165
2166494 3891360
3976755 3734316
2134637 1371550
3643390 3174492
149415 2444745
1120644 2649999
471529 2704271
15399 2286750
2559549 1622458
4580875 4547166
688161 443714
150145 2875969
1045836 4978999
2542616 664473
3097853 2734110
344950 2469142
359445 4406786
339759 4446774
2021908 4984394
3408037 1546334
707308 780153
1756645 4973403
3772944 2822623
4042472 903746
1126481 1598234
4050139 4167072
495187 414921
731263 1155537
371060 667891
3139445 2335454
1759698 551017
3648719 1577328
4387165 2815157
796587 536050
2367795 383430
4484802 1407213
4589265 771651
4428131 1014828
2620554 297870
2044730 2131880
4661707 2357557
4350796 1652018
3133793 4249845
4506097 4718813
1075196 2630941
4622346 4168752
4950791 3113894
1861241 4328751
1784092 2991031
684080 4450737
3322526 2580761
4384853 3415996
1306481 3008409
282847 3728368
2618458 1232065
2253375 4381503
4583577 4318415
2074830 991914
1431446 2581982
1408344 4681860
288425 966426
2276275 3865636
1304741 107184
3234052 1017633
1772756 1811635
2587177 2240664
3976137 2424025
2844650 2737749
4732910 4202344
760623 6348
1676857 4801288
3498811 1168495
4894164 3088073
2797050 2488695
4086604 3308737
2668048 3675862
1288560 1053906
1107544 4203442
1664765 1051766
604152 4048076
1174052 2047596
2186198 1850176
3641596 2547654
3115817 974790
841456 4930509
4930598 1991021
3859142 3131218
1003163 1170732
3180258 3468953
1491870 3365128
1322683 4932111
3525989 299309
709601 4319728
4028554 1274110
3270545 2942860
4472051 949857
1938859 1019985
2081175 3388585
4718706 4322169
258952 4055881
2298121 38124
2903845 1816168
534529 2200515
2995273 3773062
3553538 3155039
1262822 1996419
1071493 3272186
3356515 1328138
676752 2755107
3025526 3884835
2898456 1130502
1378280 4282345
4693917 1251727
2644064 2675985
3629731 3888855
453352 4868367
4099628 4516071
1977763 2971958
2842546 2817310
707648 602311
4290155 1171466
4691795 2853793
4961307 1163183
546835 3294424
338992 1836981
3454288 1460058
1737599 3050370
4596685 571359
1224424 1190500
2519121 2928541
4590973 4288599
3721017 2343934
3144614 3216479
1165401 4552152
3977829 4494167
2248058 966596
4218020 3099079
2051103 4626203
3733150 134065
3657965 4320283
1640540 1529924
2499704 3495701
6950 1490272
2445086 2403576
3706450 1951765
969006 2285689
429012 1665354
1333277 3787047
979820 3992389
4937120 2735475
4246148 2134764
4384282 1314577
2755901 142320
3956460 4736586
204273 2245176
4299287 4676213
2953587 1485883
1151318 2995137
2853488 4902593
1310986 1782798
1807373 1306588
1599322 1231302
545979 4266597
4048394 1226010
2158691 2328073
4050186 972334
4663352 3751637
4851840 1184005
2930146 3010175
1545066 2023765
1353058 2589269
43744 4435173
2959346 4101073
3419998 317585
1439610 3181930
218058 2179057
4800723 4566332
1230066 1580194
3898982 1673174
1230530 2232985
3809207 2836241
3743875 579672
2476750 1328790
2864004 4104305
2410352 3201728
1980178 2070450
2941854 4312575
953740 32684
604766 2130149
3210502 2626761
69652 617941
3721563 696879
861163 4993635
4635845 3022545
2224210 2603316
4031338 2567619
2210750 3602294
4900853 2631406
4979425 1496086
1007884 3089746
2799493 50340
239579 3273706
933821 2443906
3982816 3831078
2328569 379015
1456419 4156182
3902804 1224295
3106952 3515346
2607298 1215889
1117500 3587823
1764545 2421081
4334853 4317183
443917 4003455
4221462 2167493
3345364 607081
4358533 3460490
1780950 1649503
773544 701281
2386277 1743437
1336945 1710657
3451732 1425378
1331263 4664693
1221279 4698663
4368147 4828109
4560534 1615324
4962037 1469048
1818320 1238481
2987876 1574117
680089 532742
2663585 1520564
50218 4441436
4260143 2425394
4250277 3041131
1247590 4028950
593493 1017484
3116090 258702
925154 389360
1035768 1848877
1054171 1812586
4857899 4666096
4961813 4826714
4343180 1223073
4048843 4437965
3303433 286065
2554217 3847668
4340912 2426330
1371030 2294505
3857477 4382063
1524466 1860220
4832615 1545187
2996757 677895
4742062 2331173
487398 3726843
2033105 3398983
1352980 1774378
3361655 4455240
1376714 1404749
1505116 347137
1225374 430883
4331095 4713634
3435800 4830776
4362704 783685
4188191 488666
2406775 4243632
4068873 2403031
3699735 2185205
2711893 1829964
2029833 224514
1496995 279358
233955 2475604
2655791 2298395
3108631 2794954
106322 1434576
922049 1792125
246083 2958254
3435987 1042907
491095 1099300
1471335 2003171
230824 4614785
3831271 4274687
2590191 2187152
3470753 4024969
3797569 1943707
1554657 3715757
1138213 640191
3715869 233675
952733 1877823
686236 1226882
2243029 923791
2595286 4376651
1884714 3150627
360848 346419
4089403 1808352
569662 4666190
4260048 2500430
17992 3080379
1812291 261047
1375001 3178958
4115231 1914881
4601672 607712
4185395 1961683
1676842 3870716
4913836 2472310
2902331 4226961
841497 2291297
110178 1624556
291570 1871564
3491900 3176308
3403283 427136
4073643 4197676
207460 1800071
1267784 3858142
3362 3026890
2800569 3563306
4211271 2468413
1865199 4653112
4717179 4122592
2843162 4491278
4854302 1602072
2664307 1747663
3729505 4482472
125593 3887550
2299249 2101720
31355 4024519
3840053 3475793
1283317 631083
3853269 4017172
3487547 4282404
2244488 2589737
122498 4204950
1446245 2177774
4580297 4687510
2744477 3420328
3733341 193580
1520712 4546221
1011411 3238158
4800565 498202
2240449 12911
3347376 4750387
2272671 4489829
3774692 124147
2292637 2768648
3533125 2197306
4139399 4052121
2195122 3415777
3586515 2581890
3361080 4496060
1047929 1871949
4953351 1567324
3203938 703581
3737531 4927199
4987139 3640662
2720039 3448242
1821036 725750
361903 1382880
1989588 4865355
925876 1837427
4469041 3972510
3642036 393467
2016118 3327108
1047257 1998389
4013974 2196937
3728826 2268941
1089909 3184941
1297891 2619822
94357 1399476
4270082 3331723
1443806 2551679
459593 3754765
3234958 284008
1683461 320760
763726 2631301
3449420 1170073
4348866 2170987
3636100 627115
3666361 1650575
980503 2165370
1160835 633266
14428 3066364
2322841 4933320
2434152 4505961
28327 3504743
4278442 1288299
3348224 3538011
38973 1249423
4372593 193296
4141890 4611481
4553254 4666899
2236866 1914740
179120 275936
3399992 341909
4442256 3651805
2979018 1568511
3107401 4595623
883315 56754
1086800 3110102
3725040 4889950
4881864 2027585
2068310 2121208
2778802 365925
697657 4896652
445266 807099
1104133 79953
2189014 2339678
4829578 2341338
1804509 4987127
1836946 3315652
4499499 574593
4967216 4925125
2342499 865579
807259 678709
3422960 1433630
203915 1464124
3799327 3285225
3395210 1415926
134186 3378646
2933010 2488378
452585 4641209
3129971 3296468
2074011 1639158
3913696 4400006
1985366 1624578
1136404 3970038
4635832 2498531
2177934 2765472
2605273 1425458
194424 1055541
4411790 3785619
490135 55224
1072656 2176338
2927968 535530
636722 2048009
2455788 3898469
250282 3937382
3787117 3522488
3184269 4042820
3186181 4779159
1644129 2032659
3759652 2515300
2839995 3316274
2448831 63491
872269 2827823
704715 4750670
1112483 2068005
4025739 2640425
4721624 3410317
4507329 4826846
2690904 3516096
133635 2413821
1718966 1939428
3315524 3262524
1296027 2170941
1847645 3934199
496071 4990009
60965 2333909
4846095 78523
1620393 743419
3849029 3976460
1577152 176822
1066751 3403835
779234 1264566
3961270 1347367
811432 3387487
2911974 4004871
706084 4903986
671049 2277730
487577 1078928
2115886 2690683
3085850 411866
3087121 171531
4690858 2128857
3289546 1796612
1009937 2076363
4305865 4353292
2146592 4644668
4684327 1911607
2048833 76792
3292976 4466721
4033482 3183561
4975708 4025591
4114433 692750
3327293 622618
1887537 652478
3765532 2279128
4027961 574526
4642725 822461
4383911 788990
1035236 357609
1427824 973995
3710103 3074680
3129533 3462847
571372 3450358
1720160 709353
409545 4079198
4218283 1548185
1985498 2094736
3384300 1403078
236406 3624239
2080866 3613488
2993089 4448085
1427028 4357968
3208279 2861190
1244807 2117979
1309900 4715286
1324075 2953387
1873296 4035223
549848 3255448
3316483 4977504
1073196 832728
339348 1578330
1700611 4576143
909788 3996355
4709350 236867
4034953 4262468
499191 4121649
1215806 1065474
1591575 698727
644965 351132
3164828 4702667
3197986 758961
3651923 4252434
4011530 1800220
4481837 2895314
2183340 2608781
195006 1311171
4756127 2027828
960755 1343488
944701 1952544
4557714 3723529
2158384 724357
4963284 3490280
2268700 1498045
4383530 163878
1869589 1054331
4501706 3741152
3156489 4640862
1145519 1219055
3244584 4471800
3188122 1273470
4093998 1517916
1041337 3325750
1835074 3861515
4232949 1450470
3493996 1022269
2544351 4938485
3915809 3478474
3631503 2464994
3972308 2032590
1096701 1118241
2125688 2600206
623124 4658846
4678141 2648350
3513042 1647669
783551 1585208
483370 1106036
3317109 1491920
1609088 4238140
2971818 4564877
3639238 3368605
1838858 2696181
1697725 1690307
3124206 2091824
4205338 4219672
4136852 1405005
1586063 4288755
2900743 4873634
2530329 996998
38100 920544
3236712 1107565
4748045 3980576
3259386 1105605
4751312 4071457
1802330 327919
3306237 9283
2631781 4373371
1408033 829181
4402939 4577253
771423 359157
3155994 2480816
1970898 819190
4476759 4557935
1851177 227301
2831681 1247811
1140141 4341720
3570309 1505281
548249 275078
1325019 3446251
1947923 3854688
3781750 3342542
4125639 2619368
15047 2408118
1297279 4127626
1388945 2794843
2518080 1424564
3701776 573971
1262752 345973
4166648 695964
381746 776403
807507 1990254
4219807 3200609
2416889 3168975
2561162 2716816
2891004 838292
500850 3211451
4255071 48612
3511173 89052
2926052 997129
636661 1700125
1170963 1397063
4448948 1505313
1650673 3439535
1339755 1588159
2415892 3625474
435025 3243999
2519519 2144448
2607982 536001
4185964 135465
911107 714055
1049583 3596093
2904092 2625219
4322815 2706575
3082359 1852496
4519292 2072753
3206209 3329777
4087105 2970987
58007 2269082
2758006 3917899
2612994 797262
1574128 177255
939448 460185
4833709 123701
3576871 2176127
350578 3753862
1422614 4370292
3588257 471407
2684483 3240061
1378875 1335275
2253566 3279351
4602347 1838570
3885077 172062
692487 4877063
4100877 575435
1998524 4136138
443363 2602410
4346697 3876470
3392903 1861574
1834161 852913
670273 2295476
460498 2216734
518337 3289982
4520631 4386794
4243571 875890
1134902 612504
2137393 3142375
2708040 1713628
4750383 3457754
300943 1930296
3681577 2218578
540434 4065463
2639981 3319971
3860521 2390825
3317639 1641573
846680 43243
519935 4333135
3886047 4793907
4750743 4224850
2384466 4151059
2235943 3127022
1160582 4009952
1743716 125756
4313001 3350500
899645 2911908
773175 4737600
316917 1274313
2789467 3065114
3108903 4749093
4044368 2927883
1907836 3939081
3358667 1954301
1210047 3968438
1401677 2536699
2369877 1740658
1607516 3472780
2787235 2641857
3438403 497320
66507 2410205
853086 4166831
1016066 2558621
4682607 4425435
3895489 1838247
1501291 4076142
3985291 879136
2743189 780802
4763599 623264
2734491 4052139
4596859 809867
2535265 4620838
686029 3832835
1102212 3991451
720744 4590438
691897 4950565
2927235 642832
912177 3245688
3942173 2652856
2451696 2345423
4399325 3147920
1512777 2990343
2043752 245025
4520080 1470216
1920604 146868
3713751 438027
699060 3272362
795269 3665600
3760560 4866023
2221497 1599390
105410 3960935
1946110 1963977
2467277 2930512
3971005 2071967
1529394 928183
3771042 572285
2239563 3212106
2668390 3385300
1178288 3073615
794678 3924319
4915743 2673881
2625414 4790035
1513049 4400857
1064000 4528314
3140 234404
4387678 4688782
1932002 4872920
4347489 347480
3739665 4043847
2897026 2402015
1533179 4756433
4079449 648794
4627346 1364742
4275900 2649460
3884711 1279100
2014364 2200276
3322032 802346
2463529 299089
1220851 4422066
4463685 275074
264557 3856183
4573827 3338099
1978859 39107
2439782 4321027
600646 4275834
3333886 2842669
1351761 1104233
1027620 380521
288840 896686
3203218 2281685
1936039 2044312
1687611 4819977
1350275 2373222
4020728 1436328
1801512 1219704
845003 2367938
4198331 2209279
1667243 1885079
2569283 4894174
3706876 1424513
2494898 2797924
2291880 4367282
1710798 2989275
3393310 2405514
3310206 2708376
1016701 4436931
1771895 3233030
4336934 3911486
1003101 4610544
4988861 1735416
4216156 3419309
645117 4508952
3502128 238617
4089592 3854551
1931048 1885041
1615850 2503762
4553974 300749
2790371 3417831
421059 4829049
822702 4349843
4765948 4538307
756392 780263
162125 1956185
4339377 3865010
151538 4616419
3447686 760445
1076034 1623439
1191653 2822281
4208799 1464010
1081751 3975348
1950224 2833118
4619991 2321747
1295505 2427676
1114562 2741667
2491415 2273799
3235494 4032359
1918545 1442721
2928931 2758103
4655956 654054
2534987 4352549
4612545 2152478
830194 1292464
1102710 2406659
2149934 4775106
1764137 3722567
211695 236116
3603875 3526609
4499805 1021934
4295517 3504802
448856 114917
515549 2403201
4153315 4282412
402844 2547489
2067805 4830294
2717428 3741488
889997 4720540
3024897 2939164
1933989 1597852
2426478 3958354
2256755 4235162
1385961 430801
1212675 610513
4996636 2793153
1595649 1415990
1492134 129121
732590 4214682
2065858 4847541
2069603 4370813
650904 4547615
355814 3662869
3097621 2085396
4229920 4434966
2234752 865464
4257766 3885531
4847085 137520
2618372 1016875
4369916 247403
3923650 443449
4704180 3277256
124715 3724469
1896309 4044249
2632018 3265986
664503 724497
2011865 1587860
1116189 1599168
4092633 1285494
1273134 4270523
1545188 3363285
4593374 587870
3250845 4555217
673696 95282
1153617 4398129
902215 532054
885490 4626635
1672241 4297288
85786 957278
2555828 574024
3993657 3416152
1729274 3369073
3237344 1447289
2275350 4233482
35657 358222
1592301 3342098
174042 1420403
989047 1283656
4251544 1435935
2013272 4716031
3134356 2131129
1069639 4301863
962478 2332615
4961194 3225436
3217088 3905486
2260312 520929
1457559 2706240
4056294 2284287
4811709 742645
4361490 2243344
3034907 2588734
4166543 2056141
2809456 4552370
182455 808003
4335540 4024582
2247938 2979745
1901744 2207205
1922268 2199395
3278087 2715910
3747740 3890249
1173177 3967850
366738 3400981
1896611 3836539
1020275 1062983
2061527 308058
182001 4385738
1731233 1147652
1358576 147883
467333 4655378
2826188 1645337
78239 16315
3313983 1493938
3494948 3173832
4351950 675476
55940 4528336
3962518 2873124
2261034 3342170
390912 112789
3452620 2073783
2897806 1967173
969818 3934774
4176106 2725792
1977923 1971566
2793278 3145903
3943158 2062094
595007 639605
3966855 4276918
2117274 2225788
4743928 372856
3247629 3686994
3736053 1597841
164489 4451632
3410113 50513
1554402 2613061
2274176 3090564
3105453 2633942
2150120 1243486
3190789 1029194
1482770 84562
3172432 2378860
1794374 337017
4330867 2439472
4652234 1846089
3416776 3491252
3054483 4876299
31241 4253054
4431870 2795546
180301 2607526
116430 3305076
2762876 3240144
1453000 3892148
2289216 3271454
2251536 481997
3549303 3039173
4003972 2978102
1219745 596546
3955634 29203
4831955 2336899
3282114 2880222
3655207 1636477
2985130 2362117
2808751 2306144
3787563 3591577
4407290 3741942
711354 1759853
2761059 3490548
1772976 2937132
422753 4575641
2901308 1140054
79734 752702
3616099 951477
599798 3420342
1235159 4254233
1957580 4626400
701174 2053994
754816 3040120
2539814 2159759
446382 3060443
428207 1838086
1087355 2414764
4034033 4702618
579631 298374
3538234 1788735
3315675 4762949
4608070 4515444
4859841 3025468
480948 4825638
1258848 533023
1775306 1983575
224484 4098085
3582870 1848897
2358074 3200328
4296154 4187638
1408150 763810
4698333 3325782
3241897 3273959
627481 2649967
713184 2256462
1264712 2316558
3228962 1302924
4659509 4682738
4481495 3828265
3922402 2774513
3754658 1121842
4454238 3825166
2561298 4437968
3444498 612651
1652667 4515492
566689 3637200
4421462 3250478
4403505 793059
43209 1979163
575945 2263894
4265657 236282
4325969 2928931
4643559 4115710
1408277 3203822
4668290 4194659
4095330 1331673
4637640 2434854
4961520 544652
102599 823112
4096180 2501955
786881 2406184
2630874 4998421
2050247 4710889
1475784 334671
252490 3496170
642764 3891058
4228663 3950956
4793657 1373794
1390765 19206
2713842 952985
3753775 2038641
177369 2877545
944491 4834574
2767056 4157892
4177385 1511688
4574777 3197648
788005 3679887
4828957 2368903
1410320 90467
150123 452326
1426640 2180484
1098402 2562415
3188164 1053551
4216370 2388951
4394488 282896
1209633 882264
2087074 4508054
2159379 2997943
4618887 2353071
4588863 855371
278835 2168807
11496 2116539
2467909 707437
2202368 1665365
3900789 1129102
2566180 237431
4880279 2273946
2340622 435185
3361076 1709331
4722807 4455789
2192934 1032139
3948719 571143
2617335 3226803
267568 681904
2190994 3166358
2652554 2015893
3224677 3056965
4501306 1553640
1613794 3704826
2704320 4968819
4462012 2958541
4961516 2544168
2946682 3142681
1598671 4081832
645309 2658107
1404695 1558305
1180116 1109777
3144973 4656727
802106 811360
1726650 688249
1425551 30084
3127534 644009
2986007 1345600
1305119 1131484
2196167 4352713
1558071 3636679
1803459 713398
2164772 4080707
2763135 333633
3463192 2826609
4308907 1596531
1046984 4668478
730244 2121649
3397001 2927639
1530270 2491249
737272 4316556
4724640 4879708
2676025 3659622
1335437 4761421
2178608 4285046
181392 2209129
1326804 3064558
108290 2533528
4999569 3239383
3639650 1444388
867287 3238081
4206992 4208305
4955040 2201016
2034746 1949281
1793585 4716882
4208702 4810508
1122038 2894744
1993428 3907056
3502092 1539996
3315543 1390878
3579730 4257329
695096 1740058
3272806 898165
3174638 1396248
3605586 2824763
2573375 3431440
728579 2976327
698485 2278237
2801737 1589602
2460727 2472842
2509267 3497253
4769434 4256709
4746234 1648399
4317827 3445749
1602130 3592667
1146987 2493763
2234938 4915131
808064 4840365
4859415 2774365
4200478 1712851
4942978 3741949
2599468 4426547
1875063 4321015
4147775 415376
1424447 1575044
1396144 176713
1143467 2464124
1664308 1959467
4964663 2773110
1731147 2298640
1752390 3764017
3678756 583262
2430568 2101917
3386532 678647
1297048 2763810
2290528 2986049
4288919 1954724
4594942 4774614
4250225 2427368
2563261 4011166
4789126 3831876
3382267 982136
444122 4602667
3018388 1037779
83154 1722378
3629668 1915693
4050534 1629514
1499366 3967088
1307493 2397480
1816702 197178
4465577 1225894
1325424 2589275
3608851 3783496
1366708 4102906
2782138 3771390
2696655 4754887
3873058 1228707
4754814 2341748
4124013 1520274
2841123 4283137
4372363 3214266
391130 4363414
2966488 3777702
2666094 1964184
3215094 797739
3462991 722812
2631415 4237342
2415299 4583612
3685692 4019971
2087050 2998709
2086514 4791735
1078183 3159948
1410097 2211505
2818070 2938467
96399 4398514
2542467 1579173
746925 4150917
16658 2882163
2721561 1296140
3382421 4958691
797426 1330923
2573767 3622263
2641146 2189192
3558611 2301729
576768 3951522
162563 3583494
3297232 365292
723314 1396151
1287596 675635
337498 4528224
3605501 3901914
57952 1098475
3079516 4146860
4937083 3794561
4106628 1850304
532691 4514437
2971270 569520
3476217 3499005
4849567 2472784
2618339 2391898
685938 1096409
2622097 2201082
4714697 4157108
2794385 4187329
3031698 4860936
640410 3977659
982857 3407745
3785471 1003376
1399101 4830814
711180 2322923
3320061 2990516
2761508 631480
2974580 1788513
2203010 1272817
2599749 2591480
4461297 3413691
16402 3455336
3951807 4196302
456920 3469565
196697 3830342
1348018 4934754
2474058 3670368
148647 2835049
494375 2073160
1930990 1995237
2097841 2263835
396478 1536993
3600378 936296
1919921 2187642
837184 320860
2184225 225700
3743063 2146143
4188292 4725749
2267484 3473587
3833007 313872
662722 4593485
4644426 527513
3580913 482965
78680 1300126
2168811 4841746
4038769 2506882
1075245 1276360
1359351 4867108
4610192 4988242
1614183 3899794
297235 3234518
1286896 1956734
1842401 426471
4522243 1051044
2013800 3306703
3903124 1624634
1434083 4465964
2697736 2518967
4876675 1586527
2155748 2254026
2376749 2475340
1796875 2789590
1589197 1487937
1078307 221917
558349 871554
3564149 4859617
4228233 472759
363349 4082646
534320 1384130
1970150 3744733
4526122 4598043
1983765 4570237
4717992 4421182
4200886 1607986
2601158 3248643
4973036 1635888
