2000 4016449
4511612 3942905
3757835 3297837
4472872 4115259
4653121 2419510
4669054 2577708
2667671 3773222
1332178 835432
4508818 3509514
412551 2951438
3224231 3301519
2440124 970487
3056223 1601878
2518293 4180778
3957229 3272215
3493073 2631842
849331 3887666
4126874 3116936
1057357 925412
831543 3323842
3050295 3176971
4523101 808316
1435141 2111804
3191163 3963490
4491828 983608
3626192 2761528
3065707 3731822
2226546 2642823
971598 2101744
2579256 1495052
3086945 3127820
1502222 1540370
2556716 734494
335843 1904295
3806328 3884288
2429493 615449
3383498 2945963
3913915 4841960
1948880 2434365
3198595 3659359
672129 383968
886380 4685877
1459189 4063094
4846744 1009489
4094970 3983520
4342350 839664
3795908 1104392
1363744 3486504
1967582 3270267
2301627 4810366
744011 1021095
3852613 2946458
609249 3423842
1380515 716790
3901060 4645243
4066052 3218895
528046 4639379
2845993 1552617
2185056 917460
2588814 792279
1855960 1846518
1505222 4341757
4170069 110634
89002 268791
17021 1386714
1076781 184357
4141095 4624661
3212923 3216620
2033044 2518966
1238901 2518971
973215 3454986
3609610 4746321
1744430 1583453
4847517 3483146
4535318 2879681
3784265 1627480
23061 4334593
1078811 2280021
4106281 1829097
3169098 3804746
3623 970674
4968920 2198075
3068947 4902401
3717187 2341103
2571440 505608
4905424 945492
2910692 878364
548788 1149838
4677487 3272583
2196650 4999463
3342173 3906722
3622711 2720626
1214740 744478
2528133 3782179
2742600 2630969
1933076 292294
3450885 4515670
4281000 2136072
2530629 1184308
4273854 305859
3223408 4087170
2042020 1043533
4172143 194962
4197365 3659627
3258482 4817831
589100 2816354
4539144 4801752
1318234 4638490
377849 2141757
3701201 4420657
3028167 41463
4441808 4235689
4555539 1694348
308260 1226847
4791427 2809182
2633162 1117772
1127537 1050594
1344226 4249733
457081 3702213
3572750 4066903
3399895 1849397
4318731 2476486
4241910 3862053
453239 1443809
649223 189071
2714049 3811744
2970978 2455564
2537311 4358805
2488369 3203235
3628059 4489918
2302305 2671578
2010214 228904
1340380 4000089
3291489 4880123
1299408 735654
3894419 715866
1387172 4349355
3221854 4932337
1882882 1751405
1767633 2504186
4939896 2269273
4051344 4181405
3671541 1680169
940028 4643645
346233 2025080
532499 4220749
2069558 1415399
544988 2351783
2895001 3175060
2913834 3167804
4956153 2340806
3404562 3753055
4914378 4312936
599199 3895450
3099573 2802693
2725639 3199463
4895189 3429792
175176 716519
3353129 1091337
819159 750554
4318719 3977846
4093299 1609957
1088968 3744976
1251935 260553
829046 4616517
3536938 4983640
2948637 1429000
3211182 1032745
1142328 1786340
986922 3231468
4879212 3279098
1931233 3256338
2167612 140886
2473711 1144539
1328128 4515448
3313545 2169227
3673592 3892926
4043082 1010806
1329677 30213
2111424 744972
1212979 1620183
1739993 2598617
3656600 2927318
648412 3612483
3651998 1313413
101232 558200
3481178 1957445
2096130 2017769
342432 4202328
4376490 4337976
4516825 4932541
1632366 2728762
3351535 1016878
1555626 274796
2004835 205115
312792 2700570
3614270 312486
4330341 1532246
1297824 930277
4301766 2050576
4324947 2117231
1921353 4506900
1205143 1423799
4286587 4309390
460200 2298892
140854 987975
4890683 1208161
782271 4406636
3124232 3184050
2902787 1867730
3388250 3536616
633565 2260919
485800 4746823
3196200 4963304
4276029 4061307
1775880 1110391
4457705 2973278
4759465 4021816
2791566 58906
2887485 1617794
1361460 3099993
1600755 78755
2673394 3921127
4598346 4389252
1378854 250419
4781995 425126
573873 317356
3630487 2327980
2906525 3462084
3730497 3355239
423783 1254830
4987841 348532
3948474 3867406
4214121 2444351
3132508 790617
1235692 571776
2859999 3180547
4241621 1895251
2176764 4376816
4422015 3018705
2900209 4339738
4435158 1363162
4222984 4724971
2892881 3537454
496186 556636
1698975 3264781
2862124 1300156
4366821 3321506
3360509 2676941
3184711 1415824
984919 3177646
4729382 4860802
1198417 3808551
4587403 1217263
2460828 3673170
2083796 3363297
3733279 3294278
1328460 3163470
2060049 2184335
4896346 1601081
251190 868715
284476 136960
3273873 4420181
4181135 3714261
2406441 415662
261238 2576571
3954279 2698331
2990840 1740910
4239724 1502785
368442 4513388
3882781 1527500
372383 1041319
3427511 4310564
1162753 2404380
3586580 1133645
3164125 878779
4171047 1638524
876547 224224
561186 2322801
4261040 3326074
3012451 1987653
3787777 3180385
153833 1371573
1963207 4909199
926528 1518933
2773967 4387504
2259295 809721
432288 967706
4015845 925581
725815 2131701
2241077 4934562
2913403 2298285
1779139 1471103
2744982 3612031
3504166 3283170
3406092 1521654
446960 2063955
879600 1411760
4520281 2680667
4723715 4616657
866695 2181236
362521 4885274
2645655 836666
4052035 4597297
2934355 2147682
155277 4839303
2459990 1541781
1238926 1290668
3955217 2357320
3651638 2293559
1209689 989411
3867470 2602735
2145161 4837595
334691 848831
676946 2313298
4553363 1023782
4690365 2049318
4457275 915825
1712525 4000308
4634909 2528171
1374846 1183795
1691543 859779
2275248 4245435
4066371 3817306
1314422 4564117
4216316 4992084
4392989 2109501
3538978 4720653
3197821 1168895
2756532 1321381
1500807 4789131
2504411 4805349
2248093 921696
2202209 4343897
3036714 4844439
293254 3830473
2724934 436207
492508 3412868
1422343 1641750
2240462 2826668
2399731 573948
1655670 4691758
1881089 2767753
613294 2391023
134037 2881846
4628919 1855365
3334518 2076416
761236 2047037
3074509 1766924
1603356 3700870
2796885 2591982
3768534 3794397
1610481 3192792
2333079 4170018
4604322 1780761
1532958 2476809
4692670 4614931
1903135 3881574
4311797 2098415
3795385 2788287
4170398 2243293
1421494 2058964
4760686 3300096
4888817 2306723
3313181 982934
4557798 2639939
4216109 1986991
65153 4697725
2543650 2194887
1047189 2107824
3794681 4962925
401554 3667360
2594992 405404
3564842 4293790
708201 562194
3089735 1012584
3121202 1457262
2003627 4284217
2218400 969979
3074300 2048396
2402263 4090039
1558936 2135054
3289425 1320799
2306956 1474080
3116287 148490
1495107 1561274
3530155 4852559
3481993 34860
2572965 3685103
508925 4211400
4048693 427626
2965441 1495540
4572862 2378421
2326134 377535
4720950 4374390
1931210 4043175
1558524 3990726
4437135 3665912
4693179 1238916
3232177 3994474
873061 1984743
793728 1773903
2996819 1687462
3276501 4322010
1839627 1367776
595960 4975731
3396819 860875
1227853 3302425
3840664 4379139
303686 3189962
2830371 2153529
988605 1991605
2827530 2857376
1127576 575743
1091202 2093392
2635826 3541452
3378283 4541202
78269 1649725
2902666 3512103
3949097 4079090
4095803 4045530
2536530 2506948
1407276 1639092
841189 3672575
3143162 652849
747941 2661552
162078 295009
2074447 4836009
1693445 1428048
3464353 4867381
1679902 628882
3249339 2573298
2701901 3861953
275807 4164021
1408009 4151403
3658816 406360
379346 1456060
1879402 1705211
4347643 713436
2001860 3852091
3509840 1815198
1330950 1922703
1472561 1569997
137616 2706477
351395 1491947
778099 2844989
479967 4262660
3262547 789242
2776346 204278
3839475 4372393
2533586 4722064
3706186 4242108
2753315 3281450
2071219 4194736
818103 2887371
4046552 2162216
1166213 4136980
609066 4706896
459679 2671198
3594012 2453645
4573744 3749661
3955298 3581597
2146262 1188325
2025675 4097941
168304 3842269
880418 3038576
2672560 3041856
3646420 985158
3638486 2852175
3803889 4417382
3549842 2943922
2298986 1393090
461659 949058
1355165 4062273
2865108 4183476
4371060 4655899
3863134 970650
458898 4117421
4545888 2537114
3215582 4586254
1882797 1282453
4215135 3516638
168842 1596046
3202236 2548800
1042928 4363997
4818858 705356
4089234 3503257
3816429 3742439
4537265 4924443
856902 4126020
2205924 1783026
670712 4628427
334687 1728391
1169080 245537
1050400 838123
3225067 909328
4119478 3010786
1318088 1674634
395806 648100
2444010 3371332
1035924 4753069
723790 2047239
2087565 2602226
4932229 3365806
3712187 3382768
4232886 1880918
1146067 214412
923958 4341400
177413 1496867
3173384 816325
995958 4321165
934668 3396458
1138751 3698367
2285674 1123695
4897043 2467536
3322081 497813
170393 4977793
907196 4653132
1961998 268003
4673894 1382888
4538022 739787
1235316 2344789
3844699 4868439
3728675 4685762
1808007 4343737
3258751 171835
2364109 1141961
2176005 2849391
2669569 718230
1118920 3423774
4717237 1982854
3481829 4669267
196832 726343
2212786 837126
203322 84949
2127921 1056050
4081774 3314693
2703119 3326790
442430 1539291
1442261 3584187
4888793 7531
4880841 4720157
2648471 2026734
2224176 4626020
61526 1921825
4911959 1931660
140259 2309790
2998017 4350093
2297121 1864946
4735329 4146419
2999152 2251516
1183289 4789233
1973180 4592154
785020 1885737
467299 2694539
693419 554042
674784 3189642
1276485 2308927
3708455 3796811
3762512 268553
2451678 2371643
4795441 3287136
1642587 1003522
160924 4466132
1637657 1372299
3071967 3006098
3280880 3620429
4842132 368206
149645 1877203
2984273 35630
1935099 161854
2852221 1800457
733864 85423
1537282 2281955
2342928 3572961
1743057 4408908
3555281 4740507
4976444 2456198
2909525 249262
4197852 896724
2770861 3979774
1506439 957543
2008559 3000018
690033 1477784
2041116 2530950
1127498 1569643
202147 4345738
2193957 1193910
1265714 1471262
844805 1714331
4873028 9098
1385843 4958963
3155852 2331647
1782215 1896149
1048482 1809733
3192306 4922257
933711 641582
3256073 4125257
4597062 3983586
869878 633719
4827098 3956934
785181 4964608
414002 2360494
994578 2966515
2278614 4350607
4819574 119555
4811618 4403740
2633125 2425567
26210 3750249
235335 4538940
2106157 2955536
2289849 4385365
3035389 3375618
3025404 184779
104449 2313353
4620480 3180958
2288866 2389004
162148 3639255
652523 1872015
1299591 559701
2036784 4431482
2910053 283901
3497959 505976
3021178 2274065
2737499 1479072
1847274 2576815
18432 1896203
3253693 4024709
71262 3555454
2875852 3651907
3418922 483763
4382888 3052928
817402 3341965
2396210 1103833
3527589 3779686
4080404 4974336
2919264 2825534
1874527 2129374
872788 1978166
681599 2110181
2753536 2402332
4829208 526805
2811881 3355344
3577919 1810161
117381 3791354
3130591 1166864
3903815 428126
4010653 1336692
175739 2390814
1880451 1152665
260098 2232825
3829220 3359563
424196 1424532
3737796 3105520
3624045 2545898
1717269 3700249
2358614 17708
1543722 135723
3691727 4511548
4132423 3569958
446835 742559
37398 59574
4070363 2918293
1912472 4068287
2340374 3581139
1717424 4092256
1009910 2728551
3042913 4268010
684619 1340830
1891985 3118023
1042465 1077057
816323 71246
1187331 432260
2519656 3783643
1409380 2985010
53733 1916009
163124 1364867
3261107 189641
3591672 1850855
3665272 875597
1684407 733371
3256394 1338339
1062056 1099250
2255116 855568
576282 2079829
2978317 3907437
4296761 2931541
4943428 1654820
1366575 3198799
865895 4706771
74703 204575
4227321 3395285
4607229 593388
3136404 2850622
4802953 1413921
1199173 3208443
4151472 969798
2155791 2694427
706859 4541811
2343274 1747595
4381441 77278
3741677 4576554
3720055 3994989
2100709 2543423
2838321 4448323
3238363 4870131
3578743 4010651
40399 4979227
1656912 1199197
2537177 3946801
4778160 396437
2947117 2340306
2811207 4341516
1562425 4996322
2200988 447805
2441516 1341931
1456023 2060245
1029128 2610933
661980 1603413
224593 4495325
512819 2184579
542233 2018509
2688968 2071990
956312 4884419
2701826 862306
119481 3217055
527855 3572651
3576408 4508353
3345215 4975439
4548706 1288641
4943118 2887493
2812905 4121745
4409211 510035
2706857 2134222
1124036 1338040
2144988 1670907
701104 663749
3976708 1387677
1223366 3544660
2025694 1484018
4975820 4891518
2250573 4320079
2455656 4443644
735730 4698919
4595428 3880360
747109 4693461
4205777 3359166
4113030 2945450
2888314 4872330
1201824 1498634
884885 4029766
2040361 4108632
1149574 3142352
514936 2131853
1475562 3938582
1971297 2717963
2358041 4530029
2903580 737058
4704525 1830126
1920323 1721734
3484427 2905219
688465 812119
1819352 4339561
1346452 319160
4039835 2849977
3182959 2162740
2477703 1252739
3333016 837944
3422926 4992069
1737274 893171
1193357 1971443
3964796 3518882
1234148 2826956
3696969 2728833
4791054 2815705
3924069 2180059
2397593 3602026
2596800 1401258
2686669 3239917
3530033 1290717
1955760 4319960
26989 1345723
4500456 4527214
455909 3767431
2051088 3098564
1195275 3552025
1337771 4135293
4524425 396973
4812260 1323034
3382436 3843494
3094248 2168098
1468954 4740159
1126931 4825872
3566431 931568
2456425 4038804
362771 3736179
1469978 1906329
1884665 701829
4642512 2557337
2447175 1666499
4403894 1529404
4379230 2251389
2414301 2924093
1277404 845881
3849627 4478903
997554 2046603
2550736 1900335
4089618 3558500
4306952 2813033
1296264 3650702
4135374 3662346
3698762 1405838
4006361 1345581
183084 579152
4841963 4617790
1365848 236709
3242804 4228842
1609688 4299117
4765134 4186832
2128675 1933716
2979552 3635894
3531051 4100809
934703 2404770
3729810 3861595
1966910 59164
4561004 3193758
3774276 1858025
400550 2412298
2283572 4192225
3637825 184914
161440 3014309
428137 4646263
2439404 348368
1045792 4972524
579524 1806225
4300771 2462900
1895242 3095400
422661 3219929
1181341 1155851
2127379 288934
1957266 4890379
2045621 3045585
3588491 4267155
2702911 1976591
2235598 4451041
3918665 4347588
3706297 4762482
3430902 1189234
4493093 1769383
4953191 673016
879600 4368239
1406820 2541501
2116324 3594203
427928 1347355
517980 1679961
3504827 4775909
1557791 1501638
1251126 4778234
2159433 2461554
4881818 995386
2052994 2581638
4871604 4870065
2140735 3013736
1248459 1444378
257728 2524470
1936962 3923351
4098424 2485631
2635278 2764138
1786767 1233857
3013908 3032162
2841796 2526150
409700 3950803
2583399 2378764
2684400 4870104
4996431 2339151
1322010 696988
4386926 1697949
4294532 4330294
4625972 4727622
4898294 4464228
1668919 3947634
1566437 2809318
4623759 4711855
2078201 4770745
2711430 3993757
1869565 481406
288067 4086
3490990 2759951
2621723 2304665
3579165 3981895
2143718 3521961
4914803 4480935
2722545 4932315
4856530 1972080
4151577 2927313
4176100 4914693
3616155 4475080
3539205 2519385
3732891 3477330
3772274 3683243
2554105 4584897
4977164 2143260
3069900 3187116
3135416 1650717
781075 17522
731710 2088333
1164122 2763331
2682141 231390
4939493 2436074
725137 4020656
349335 1382716
1196485 794926
2405868 1550751
2808538 3354433
4100787 1827628
646247 567606
698821 4255489
1203815 4838260
427468 738569
3360780 820138
1096382 3388152
3470587 1074694
718070 382677
4753143 250485
4074346 4319197
2655105 1525049
293647 2488389
4859107 2147076
2327399 805469
3281213 2713892
1861880 4954557
4793045 340898
1466389 2241250
4772951 3659596
456966 4411120
2311174 4770740
934719 4047980
2970279 585484
1974821 501864
1675617 4319573
894947 670769
4839414 2790956
2607537 3055762
2647986 3998450
3644481 20516
173625 1374005
1020920 2828187
2319642 4664459
1770287 2888319
4696164 3451332
1374279 3977560
186839 1680870
57924 2116044
843368 156814
119917 1460352
2603546 3743848
1943918 1802854
1934564 1239778
3893209 3394052
3477663 3208462
4920414 287156
4783553 1961277
891756 2917875
2504511 3416827
4653932 2225633
3391154 2094311
4377968 4607356
4421677 4427906
439565 227370
2939953 4675434
2571191 76474
3626817 3074247
1134402 1451624
2652296 4450152
1878031 1631024
3267337 256216
2156484 2211124
1277513 1854167
1450242 294021
818852 3604337
1901365 645696
2682371 4333978
2748825 392311
3939425 3496762
943353 3541576
2437327 4990620
734329 3081966
1827278 2520500
1251728 3529870
290298 4995881
1606012 2517709
1938657 3449772
673513 1331890
3453192 3176676
1190291 4288758
3347331 551906
1852144 3725215
3891830 3852145
2959472 327657
4896037 3110762
4299506 2881866
429771 1985790
2565856 4082153
4798413 1688950
3826694 2440816
3019197 3697098
1813735 2294054
3737944 2431966
451769 1682953
754616 1877819
686429 4562401
4879449 4734512
483645 3811162
4181414 3686838
3380681 1990045
2995763 350770
3110006 4845048
2695349 1125124
3462389 4726755
686714 16884
3136243 2176485
498485 538884
3364334 4108249
4736840 3039652
636 4537953
2289237 4686180
3810110 2765616
827059 2541864
4017719 3177031
3455533 1278796
470313 969326
4075429 1665034
695960 4964797
1918824 1978774
1206902 308845
3103587 1272080
4312648 3149538
4326793 2510932
3060841 3764747
214833 2038938
2709748 4899582
3368920 1513897
1089270 3507047
269414 2678761
2102874 768464
2489477 2344669
4773970 2478605
2496531 527179
180453 885979
3297115 1061560
968166 1893399
631934 2445092
800250 4899868
1878089 1635819
4421502 3268638
823366 227391
1566633 2469668
958661 4296641
3861936 4140940
1782598 1210796
4931626 2665461
1866730 4268284
4974970 4398579
3421167 4254034
3522343 1242185
4768172 957432
4961694 2216759
443581 273102
2236144 2565884
4552749 4170797
3734407 4961707
236151 4032931
2501036 4449026
886605 1818974
4916169 2949331
124848 2076145
4017808 4061808
3278264 2767861
4505562 2193134
2247882 2320853
1360691 526255
2010197 2210829
190248 3252144
3892132 2775436
3725018 1924930
3519562 4738896
610624 2357144
2738251 958070
4104627 1174852
1057796 493540
1605716 1785457
345887 2890803
4886918 1237130
3305519 4757644
1881658 2522592
3059326 3608789
3881030 53798
2749387 2645742
2357052 4917597
1766191 3878414
1607088 2158751
4588804 924413
2033907 2589131
2205100 3857623
28218 4032192
2180998 3064375
3252453 2337129
1018524 2412281
1377563 979415
2658386 981105
4312726 1415609
3463412 4424938
4031022 1308695
4881117 4845700
42914 4302721
2435649 3955106
4712264 2328133
317683 673842
3983827 968165
487191 247794
1715031 4766451
3962239 4427038
3876113 1590102
1439195 4568915
2643224 1199817
3759095 4328323
3406930 1780442
4478849 4616020
4778448 2571918
638565 4411587
4618666 4982803
2301245 1222336
4234127 3303005
1986692 1597694
2524303 3037071
2209592 1399312
712156 161278
4390109 1393499
4073720 4454383
187547 2123404
2893286 3267177
4092463 4275204
4699477 1378468
1921659 147021
2423666 2657837
433206 1138579
1304742 4321289
4735759 1893831
1074523 1477895
3478059 4230889
4738083 2656343
627947 1159372
29292 335668
4728570 4869439
4329810 644484
1082075 4047872
3545878 1954119
623328 4475751
3892013 2501670
3127440 2620184
1585026 3461928
3512215 944224
4997384 2362988
2605713 3765972
2146363 481098
4096178 4239930
247327 3898629
389458 1171466
2851661 3586282
3506670 896420
922411 1500837
880040 3762642
973418 1202319
4320920 1557876
381413 4265351
3015104 4895679
4804113 885694
1238352 2445028
1305659 2048522
3346547 2362363
1942149 153348
2387257 76530
4002285 3824239
1561819 2936
1194730 3308332
1076092 284155
4629170 4570654
4703965 3342895
4403266 2858940
3937967 4648524
2269797 1493158
666664 2395269
1213135 4639366
529415 638471
395652 2632312
1717955 2801894
4060992 2350674
859194 1992420
3623322 654638
701797 4692511
4323005 2402049
142496 853837
330942 1281554
4342620 4316899
2259906 4949598
3851866 561186
4737903 1920826
3696734 2907941
1786840 734501
4651914 2361195
4524651 1883513
142420 3063993
1176935 4182445
3045521 3053096
3359802 443547
3618910 4526054
3057876 3696138
816105 3674964
4570619 4533986
424212 1534255
3133433 2474412
4428390 4352508
1532703 4161035
489274 4601531
347504 2189032
4198914 1409569
2956345 2343534
4773336 785535
1037397 367048
1534039 2631644
4620756 1170088
3010670 3206809
3956478 1358844
3772792 2266158
2882429 4551635
3234721 1063771
4031033 3715894
394773 1843626
3860145 1818405
3086466 3948067
4545558 1595761
4031407 994946
4128268 4323572
3793851 4646937
3385134 3603205
4273362 2962628
774159 123265
3157698 1143167
606237 419647
3444122 532675
3239436 3515088
2513712 1264346
4235542 3438233
3136185 2948921
4995199 1250739
2664003 1820747
472360 3657356
3091586 732940
3371989 4040244
524494 1725359
166058 2660825
3124677 2504423
1191923 4459382
3405286 3854579
3303110 3941959
2926958 2024725
457112 422099
2080595 4724403
2905016 2941132
100809 2524150
702578 3664554
2151573 2627302
64829 176946
4708653 1660155
4970141 619087
3570208 824231
2156201 929376
4158659 4921573
2972781 1111231
1925983 3429287
2184820 2774685
369928 1848002
3241622 4859023
4865165 190
4593099 616224
3012079 1704336
647607 2793105
337056 4559954
1448998 4294345
4439019 1582611
346302 3568075
4577609 3031373
1780172 1475570
2142260 4637645
3962856 3385457
3976176 2255821
4530658 4681048
458499 29917
60564 4274570
2439559 2853565
1738109 3811795
1277067 554866
43030 3259776
628545 1378391
4658633 951916
2368149 1919807
926888 189066
225280 3276911
896989 2721895
1131323 3596894
4119830 11852
2535231 3034067
1212454 110598
1347307 4993544
3457253 606226
4478514 2022430
136681 2524065
2795062 1366122
529538 1387124
235295 1881316
239987 1856105
1833477 4876203
2310668 4211385
3177422 1269013
1162423 3698204
302389 1492295
4538092 1678175
67458 4262661
1981721 4843785
2338231 3897449
862721 3178264
3918363 783262
4811186 4097117
1693404 2646516
1901405 447853
64039 784195
1529549 3793469
2921140 4187033
3825937 3373838
4903756 1973872
634775 1606403
1639190 2260541
1378299 3686233
4837701 2489177
2042368 1418413
2804442 3000449
811416 4270998
689056 3860724
610990 3431841
797609 4392625
1702687 765108
4911787 1826654
2078254 547649
1465288 1172820
3769329 2820450
839916 1000606
2440101 3383703
3367498 4125731
2495035 925284
3229514 4871702
1380061 230945
4672332 3753808
4568248 2699245
1232252 1817028
1545259 4738994
372254 3184381
2901304 3003604
4830735 2657160
4879668 2973756
2092645 3736918
211207 3286611
2864234 578036
1696397 523034
561884 1346078
3186442 2900620
4881237 1884639
378714 269436
4773658 1738766
497507 2170860
3309278 2698179
3925912 4995494
2506437 4420931
2859895 2325965
461164 385172
1213776 4473985
1987405 61130
2207399 3016194
4263109 2975522
4200640 23408
4815777 2714876
4100534 2193269
2350195 3214052
1467934 2393632
335699 2958720
3557792 4528906
2167086 1300404
1864380 3214000
4522947 3639428
287525 3772258
773743 3367407
3962472 328413
3890518 1541160
4976978 1285926
4830267 3843572
3468774 2025471
4653980 4542633
4998085 4428119
4050799 1387768
1760693 886829
1429518 337275
215663 4759660
368403 1238302
1673223 4785305
1069151 908391
1691498 1751942
4755560 4596346
4987653 3927938
2558311 2090926
433508 85093
4218259 3731963
3061722 3031461
166743 1997744
3668390 4218491
282143 4377639
2847641 1677386
3646869 3857999
2782373 3644600
632272 3668359
1484396 3144653
4369131 3420086
2429746 3172696
1916920 734502
922156 2168606
4839601 4194743
1522451 4665816
1484941 4732425
2347458 1051626
496717 2620044
1476467 446550
2454708 340374
1905513 3079509
3748035 993971
1612243 1080459
780659 338776
1299114 838594
1638343 903702
2159686 1103803
76144 484117
2093787 4953058
3538697 1295519
2968497 3636087
2745937 3861138
2524890 2979445
2606656 258486
4066431 4688636
279758 2545702
3568307 4133201
3675346 1737905
4660502 3356309
3216741 3377856
3844658 3040908
3965695 649797
965489 15604
4174351 1863329
3361112 1659139
2137973 4380848
4906216 1693837
712670 3855766
2473540 788019
4288129 586997
3158944 1398102
2214696 173673
2949852 1771716
484778 3517981
3280896 3889341
4478822 481963
1862644 267260
1430037 3992687
229030 3288505
1400860 3929615
391681 2066237
1942307 1726100
2833800 1770076
1250721 3568466
269779 2063826
4987031 4703072
209332 2034811
4463604 3302661
1418839 223301
4428035 2088390
1130011 881622
4074658 3254980
181362 2506497
1390118 3616555
3241401 2602622
2626357 4296081
1571326 2642552
829078 2197862
923779 317614
3982026 4231568
508771 2264387
2574731 1244955
2225028 3550541
1656384 2820032
4424512 2030429
3661553 3912865
4067211 10050
3910350 354763
4901979 1633877
2300462 4260200
4535816 2884066
4751728 79179
646462 3920910
3208503 746591
1550911 702169
187335 2635631
2850109 1723463
1345985 1216856
2268857 4328400
3627559 1965785
755122 1749463
4106340 3339988
522094 3915280
1418461 4433731
2753641 4143844
2811324 2246603
2978477 3682913
856496 3723122
2755136 635363
687341 3974940
4833891 3509073
3756920 2095755
227209 3598403
4482717 2504186
1497730 3333069
3096017 2090213
2693861 2017774
4771223 2303010
1756814 3568918
2540045 48942
546772 3847983
953725 2694223
3283196 4881630
3308502 3200249
4390269 1450151
2217118 3812359
3870759 3345670
896357 33127
171577 465104
2675775 2108828
1051097 3773570
4732082 3727190
1804479 2620684
202281 512874
4994420 1271506
4213573 684171
1353118 2354622
3374897 3106656
98308 375976
2175882 995885
1299442 3519046
4386663 2347377
1675603 2596110
4072519 2834453
4212237 4673986
73665 2972664
3525646 63030
2559642 1865777
3510290 57939
4185060 124349
3712675 2453583
3340054 4850523
87742 2579459
2617130 1981591
108931 3612338
3359516 2590746
4392603 972844
302790 4056703
2013817 2556114
4341146 1067624
4985025 2659931
4138899 1687177
3372639 3238527
4107648 2276421
1173124 2907522
1821819 4968385
1152441 2535010
3755120 4833464
4393586 4931326
1302505 3069233
2099958 3667931
4991566 2290119
74554 251400
841028 4972290
508242 1411363
1413179 3538971
359260 32325
1150986 4355235
2917137 3780089
2028147 3840789
4809437 2962552
1856239 2290803
295008 4417052
294399 3501998
3548638 1976385
1573133 1399277
4222445 3261264
4430372 4717871
4342660 2821423
3704515 3278921
1382103 1876660
2314217 2968330
4789638 2550927
4354216 577049
962908 1231326
3862991 3545150
643312 1904673
823862 51828
4989318 1110015
543007 2104239
4962330 4860012
2875565 1468886
4467406 1889232
1330198 3650694
4735075 4977329
2060948 4844896
2827719 3406166
4955227 4486657
1219144 992718
677307 3945225
2794273 1968079
4265058 4717032
4913965 892724
3215916 3993927
2886621 4882344
3955377 1434717
3856436 2504018
459722 776534
2725800 4234813
4244784 2956581
385297 2106538
4518192 1418421
4517707 2839516
1281054 1007665
469668 671312
1980271 237781
3695985 1618255
1230797 3538489
1479931 1193843
262756 945064
4137363 3931603
521020 934231
2122822 965955
1810234 360302
2872841 3496763
327015 4785534
638132 2630211
954591 4844351
554484 4265145
1042151 776436
3269693 1242909
1821449 2971440
4770789 2344961
2368648 4718677
1116389 3607245
3937111 4752822
2427481 1042385
3084019 3668238
1924028 1360325
626080 4408883
2715716 2426080
4245268 3617890
3953603 2306810
791847 846523
747946 1287641
2289218 901458
3147145 3383853
4973103 3821488
10995 3923966
3870129 4697282
2714390 3009444
2938293 478181
1672191 2327738
3443064 3192358
581342 4810283
4958952 1978865
2002182 2119412
3227699 3778050
4768365 3918883
4906214 3658422
1167037 1878847
4758837 384943
3999472 1881890
4841883 1183263
772995 3934662
149189 4753464
3445309 4107162
2719942 833973
4750427 3486328
2824660 4758376
3178293 3671609
1481214 4878534
4638407 4355812
2604408 1224039
4154081 735830
4211863 4685801
4449948 2838357
551678 4654647
3608369 1912734
2434289 633998
3973750 1809661
255935 4838451
4203329 4414729
3059405 2700241
2101901 80865
755777 1819380
2734169 59905
4159524 4438653
4470482 3992975
2969111 4871030
3292069 452984
4720823 3200668
4423835 2072834
345931 3743054
4841103 965348
173662 3474785
4409282 1658010
904470 4356528
4761331 3002167
4618421 2208043
1471246 3849626
2858940 4749913
3535918 1779845
3077768 3235861
1215861 3853216
1760223 3923959
424181 966792
4555713 1786522
1541174 2662332
4322949 185323
3537647 128214
2510063 2270668
917176 3538291
4744933 2424204
4859869 1510720
4578887 2265174
4978163 1019809
3162376 2757746
2472091 2833321
368001 1040846
3423911 4889242
104942 485337
3432372 1821337
2701456 1483850
243565 2082195
1377501 4655081
3374762 998024
2473738 536549
1195977 2540394
1174786 2804001
1480784 3048815
4172734 4708509
460915 2993917
4325048 2326573
2497855 351690
2465345 4331312
3957820 4975617
464364 4100151
3158674 3463368
2081150 4662210
4445300 4719421
3102643 4683607
621389 3116066
3794679 1044532
1482738 2897136
830718 663932
3136267 4824274
1267356 1121121
2246871 1319962
3207030 2830014
1604163 2898388
2391236 4469060
658021 3981746
3724030 2464147
1363158 4585514
2209316 508269
3726261 1518398
4515255 3514208
3648241 3497136
3391962 2017322
2241880 3262150
4116863 4252137
3219397 3231003
4660347 4735891
1492742 2492310
2507720 815879
3196761 4750996
3454922 3617840
1273119 4178731
1212146 520741
251844 1250571
1420360 2243570
1214123 488426
1523717 4995566
884297 2949505
2712400 4335780
327030 4380147
2832965 1438598
4198270 2334227
4785310 1728154
1676911 3923298
1131665 3024032
805843 4621597
2380763 2152840
523803 1104956
469948 2148861
2565996 2550354
175662 1478863
2624801 2410232
598189 2753301
1283807 887935
2841060 4772886
1450796 4299576
448881 840615
2781166 4205451
2485041 2346204
2503493 4941123
4381875 4141981
4255462 537395
3697676 4611382
3812926 149818
1905000 3342297
1801612 3115283
1016986 242259
3056265 230660
1814239 1442125
2178926 4188183
4552632 702234
14624 298757
867537 2913787
2049129 3538028
1645548 1446392
587071 319231
752410 4938667
225193 2999592
2829685 4121783
125666 4921681
3749381 1302103
3434129 4534325
871952 3254012
3866864 4180038
4849472 492807
1667696 4352316
4727627 3975116
2949988 3166370
4229660 426359
3159137 2260342
1835961 3080489
751028 176782
2539004 4811255
2120157 4031891
3136300 3506304
1203004 4445438
2253666 2432206
1234939 2632681
87494 2100835
2164603 4850923
1177397 2298124
652021 2633323
3259099 3594962
4887485 3767376
989613 4664970
495754 3532990
4454405 1212545
3403504 2391993
2711237 2239295
4961265 1045112
2527307 1617744
1796644 2099506
110400 3086942
221932 2075620
1391878 3533741
2266994 442668
347701 3255590
3434309 4208063
773879 135005
1295555 3245927
1930858 4380546
1850800 4480009
1471552 4002936
2956805 3562242
1013856 764872
3563824 3650330
2805381 1798002
3410900 1054176
3919167 1374326
2994776 3107017
3637790 3604559
2876940 1939047
432012 3565275
2745743 3897536
2347029 1765435
4523844 2235262
1705802 295913
78120 1199371
1378164 3538598
3752259 565995
2256566 2401594
1784377 2149005
2107514 2648091
1089683 3066827
2419696 1316235
1660463 2551431
4292134 4861153
3259341 3700812
4302354 1618325
2781355 2144996
2720808 4938102
3821683 769759
1331654 334764
4693107 3935690
4379662 4229713
1950275 3193096
2817599 1579080
2716684 593567
1969658 330479
2133735 4043880
1375669 1008066
3689320 2422600
3793663 2547876
571437 3077871
270257 3539738
622496 796726
1450355 3751046
4331080 997264
4293883 4958286
4802537 4375763
3800232 4983725
77798 1489207
2232665 2819921
4399069 3800006
2100788 2099587
4135578 443620
1730153 738816
1823274 1805205
861122 3684258
4468000 3147000
1692726 427693
2296698 3425485
3306705 1745759
4280045 756641
4140405 3004608
4155019 3316583
1039038 4313513
2710816 4429391
848693 3019590
2537426 1336932
79542 1183927
917510 1205718
2295937 904803
3563858 4313536
1517444 2284756
1563868 3278812
4551264 3432923
958883 2294762
1811822 1903484
1891750 1925081
4125517 72859
3738511 2404148
160188 788179
329895 4609314
2849061 3850650
1488928 3908566
3293963 468531
2294786 2215190
3858519 787856
3252756 452426
2725152 915920
1086868 1091988
4852961 1039985
2837863 803929
3200011 4396969
4644874 4331459
2230027 1034123
2270584 1085321
2045560 1623067
143960 4161652
3814548 3470303
4080308 460075
389673 3259604
4486107 2538770
3215730 2310668
1525475 918818
1428053 2824599
3144202 4430886
4755314 3555393
4636423 3087836
2188536 1031075
761672 3368800
3412055 4620485
2326325 3114840
