2000 3108871
3233695 2668490
3891478 3441380
384301 1078824
117001 2822960
498765 2254535
3548877 3374769
2175204 3655075
319419 3675148
2699185 2650665
4374124 2033038
3343937 2807258
4992095 853400
2230027 1971667
2233509 1914385
4923569 4779307
56254 3529076
2397397 3377076
2370821 1996544
1187024 181867
4063254 2818164
580104 4995327
1020524 1263259
4171521 1445176
4425970 1184190
2686795 3701001
2898267 2717001
152275 2986044
4463961 3117870
875728 2679135
4732771 2529535
4492374 4740840
3405419 2286531
3824250 3462595
4464531 3905973
117699 3617826
1351464 3654378
3063563 179013
4990099 4190960
2704592 2159936
1411530 45873
386833 4601911
2243074 282585
4844212 4729699
4195387 1850104
1065314 3405276
3677265 3120415
4574232 4998600
227133 3811484
4027544 3441772
4514469 65804
4319350 1355776
3347360 2291620
1928240 2242053
818916 4667130
317705 2318006
4777452 2322559
3475599 900325
2569079 3486968
3367385 1944240
4359241 167066
1387849 1495681
657871 908951
3348963 4502686
1259812 3788860
106832 310545
3142677 1021409
3395854 4711789
4479650 2549905
2573629 4417441
1302676 1507830
4618380 1259879
1348528 109480
2219091 4864115
3551709 34649
684410 2828167
1623413 1668992
1248055 479151
908237 2667373
3031703 3524227
1633287 2507443
550418 2880760
643484 4366843
3644814 1069104
3097040 2703841
2956822 168817
3694472 4462997
1206112 260850
3132567 2469941
1743593 1646995
1126210 3837225
2640521 3456406
4597984 112785
3759460 2348334
2117513 4324738
2330158 2863693
266729 2346331
3249705 754202
790968 3364037
1216905 3360721
4683315 3918933
646676 4220652
440403 2707356
1154060 3583876
1838816 95587
2781896 3857196
3584662 714730
1118774 2968151
3408688 1596593
317429 1337443
1478064 1440429
4283052 2515134
4340223 2167163
21376 3824943
3462492 3939275
175258 1530093
112353 4591281
2104619 4714491
1541766 4529999
467468 2658480
912485 3217733
1539689 141138
3593407 819344
4164248 3880243
2910567 617623
148526 4808168
1038526 685106
4639706 3433650
3650404 257212
4753524 3797361
4373664 2697538
3388479 3378653
2645248 3681450
4993445 504971
2337132 526444
1507576 3510392
1826819 2479142
3743088 62820
1265349 21940
844791 1964720
2236501 1322686
4258743 1819606
233794 2432364
1407922 3152782
4604957 3379019
1109576 1561578
3265415 2806828
2979964 515056
1508105 4217082
394091 3190273
1973470 2536530
1163993 2794327
4218612 1672277
895574 3949234
3526182 1498415
1640676 1672267
499770 4099124
4036776 3466906
1185351 2843235
3199588 19964
3253325 3618088
632911 3866655
2799053 2449625
644550 2924370
2107465 52959
2777067 3282892
4658435 2646229
4887941 1238588
3794115 1069329
197670 1098998
3777132 4834470
2125105 2137237
1604361 3799341
1712856 3875714
2808121 2305557
1562442 1411241
2095081 335138
3529993 3732981
904281 2072227
3801127 3829369
3820285 1449896
494132 1363804
3105523 2704455
4946897 805203
2557116 1409494
3490632 3095244
4740791 1803521
1146634 3265060
3894232 3612637
4591798 3864184
2465577 4313290
2192390 4134676
4153382 240048
736799 4955345
4448461 1007338
4003768 520609
4972218 2718205
3921837 4194003
947504 1207098
4214063 4348235
1069715 3862172
2940083 2380746
2417742 3068822
3083826 4736776
1954760 1023671
3895811 4494522
3032131 559558
818273 2652116
219027 2008218
4232076 3108059
4219906 2902381
2052655 4976510
22282 68542
2321136 3161717
3827590 4463133
2485775 2369576
4752097 2838796
862083 2905007
590770 1685622
3672477 3991454
3908932 4704402
3250353 1331495
1996839 1991989
3096528 1695047
2978794 2071834
218752 3774570
4271438 2656626
2224462 1511058
4954130 1783535
2149487 2466888
4812656 1140720
3371283 4410803
1465201 2351199
292791 4209822
3023302 2634143
1848059 3175044
431844 3191755
2378623 4682592
921696 3997021
902812 191765
4709130 4226361
2835533 4699986
3567053 2141778
79849 3700840
3748373 2827160
1379709 3444758
3389683 4018568
2491496 1965713
988985 4415697
2533769 1759189
2187910 2937850
2705058 792452
3657594 4822884
299992 1173449
3653221 1755631
1518481 1622294
2228814 309242
4279911 3245426
3623294 4146610
551797 2966292
1079473 1941313
4171918 1628266
4226597 3753738
490969 4591540
3411633 3159952
1499424 156773
4937253 3445439
230293 2767380
3091972 2593386
740307 2752634
2333062 609442
123738 182720
3117325 349735
1730094 3471669
276325 580304
692916 2313876
2892387 1769407
592413 1535824
4042515 3648993
1800488 3603925
2832348 1960901
432079 3631813
4896362 1135836
1254552 1321584
3943741 1768807
2936170 384743
3178772 142229
1547656 4652429
123454 1515509
159378 1023210
2818361 4432460
4787664 2511676
1649127 2026155
1399801 4710258
430202 254184
961139 2525444
3588156 1009077
3355376 773465
2962028 3208560
1873023 3409480
3440547 1736039
2045205 703028
2457916 4662641
3055295 744781
849065 2509449
134259 170157
164441 4163050
4095178 1418721
4210086 4628106
4319350 385765
806259 880276
3437780 3933437
3658024 652373
1337433 1546972
2150352 761876
2452672 579945
3689192 2889793
3173173 3307480
4038151 2220044
845108 4729740
3281318 4661039
4380991 3078728
2789524 1303612
421147 2255977
3304973 1077077
769151 4035886
1828855 1361328
1422846 1316639
640346 1626477
2059663 3867067
3866269 1539285
1250775 3315501
2807418 4476027
3811921 2875471
1515407 1774
2795320 1436485
3333110 455681
682447 3483827
4447398 2667541
4534423 4157148
488087 3331890
694542 2293014
198009 507058
1511875 3167295
1232957 688509
4756815 4269511
1827371 1846126
2571445 1977920
1119567 3464982
2232672 4924038
1103956 898125
3157602 4080086
531176 304143
443251 3306048
817427 4167551
476518 4241428
3606178 3836286
1225603 3454885
119539 3649360
892669 2146321
4233827 810849
2923394 4789512
1785444 3737995
2770969 2192451
814023 2962612
2222270 1791424
349832 3247630
338300 3458171
4330884 61380
2582547 1255144
4951596 1585352
3331088 2046895
4771346 3964860
2824065 1957310
2751197 1905869
2709478 2574770
2318694 2638301
2702700 833924
3555064 100154
2700455 483720
307541 3896392
2624890 2664112
4880674 4996589
987891 2427484
3079274 2371557
2617006 689857
1872398 3660237
159230 4992596
2332561 1739526
1689770 4267280
2376953 2957857
4787508 158105
1636466 1501496
93620 1562661
2574497 3045150
2055801 1339944
4641571 184116
146298 4776150
4964765 311101
4349602 3265405
4129171 1022049
2175110 1296862
211552 3306671
2822799 1504449
389179 2023690
895235 2755606
2146376 3746712
1094499 2314415
326105 2773017
3306987 1179810
2569991 1320698
801105 4064218
3026878 1607899
2345938 741964
342756 3846218
174149 1537807
2043174 2956288
4682491 1482589
4332238 3765970
3961003 3608264
1626920 1526586
3903684 4479844
1790842 2723059
1426580 2731022
2620133 726745
3022412 3860803
1938743 4140042
1134556 530315
1994983 233597
1153175 412725
1417233 3536782
1062991 3958328
4123495 569827
736301 3448816
2110643 1906647
786448 1573844
2534621 3628697
4580763 757227
3210952 21478
4241624 229773
2401361 3930125
4438331 616462
2339767 2216499
1018071 3942566
1616295 4937555
1796010 778256
652121 92378
734813 2445642
4458525 2116231
1274896 839582
115136 3801239
824496 4738579
4717081 1537962
76893 2744938
4261924 2403983
4203944 4131868
2164961 3227241
1035122 4930900
227725 1874648
2087033 4980634
3420029 4043790
4162473 1055261
3835707 884428
2443213 1961497
4319851 4889950
2058864 2604906
2968670 3574364
4306821 871517
4387381 812324
4676964 3668089
4496450 3404237
4939258 1219909
4176571 2686704
3569085 1689769
4904593 2589921
2366962 3877453
2759283 4624182
4575671 2106761
2938531 493580
1521740 1699582
725030 4694462
1663853 1060648
8161 376359
1908795 3659473
4947539 757641
1376039 3693846
995704 457598
315444 1213203
4843574 2426900
1988452 206879
1111639 3660128
1251279 1786229
1412212 3843312
1693096 3158795
4795325 760069
2746911 3618756
1340709 2589570
3285740 3019702
718567 3834520
2742186 977270
2544915 4439732
1726992 1572209
4289676 989235
2648560 3431913
4816734 2962643
4897064 2018905
3465173 3480688
4995301 346564
3862607 1832185
3274302 2454061
1925545 2794088
3812338 1655579
1504599 4558707
86382 2914272
4161968 2682717
4391820 1639565
4127766 1789048
1927788 3721724
296382 3005925
3297281 1867302
3532167 3103643
4109096 2018368
2090770 2178471
2387898 4427949
4039832 1806322
1068140 4955070
4421125 1075131
240853 2663278
491816 4355591
875405 1494218
2862918 3935104
1517228 1836409
228961 3212700
3035060 564492
269378 4645752
2621939 3303633
2054677 1274354
4583407 1178925
2719019 976356
4892450 1990008
931061 4240799
843596 752279
3051717 3938758
2196973 4716066
2945370 695730
3006742 4624990
1856970 1316966
4724735 766563
639258 3622761
4837634 4555441
1864173 2140809
1434454 2641383
1882261 581225
3767429 854683
3716743 4313071
4617634 4715091
382899 3156675
1850395 3428306
719252 2990151
574 2976641
2510494 1592721
2531592 4459416
4892169 2513463
690002 1950001
4932057 1727313
838056 1749277
980238 2551202
319096 2988534
3038534 1966666
3983280 1820058
540815 703660
1331574 614335
4222622 4419192
3306024 2330858
2630394 1556993
2708588 1870652
2757381 3549490
2334505 2198132
3317136 3708054
3315 206295
899060 2032013
1198162 3440012
4356694 812171
2387793 2831647
2064650 721455
534126 4795273
4975625 216632
4916443 3195714
1489579 2423090
4884560 3467333
2323384 3325364
1522094 3055795
469137 121540
4661678 1677374
612941 4269421
1498507 4765729
4628486 4622132
1724477 2203393
3318696 3933740
71401 1875617
4005037 2717691
3916861 43093
4714784 2436228
2940471 1947861
4348389 688659
844266 1853780
182911 4533774
1059550 4453740
3287524 3660882
2872346 2231187
1614121 1118638
4835499 1902031
2288767 4892190
2055588 2919242
2196703 1330599
3969557 4293265
325568 4776970
2404674 4755802
1487764 3047585
3681412 788378
377532 4679773
4862495 1684458
2605861 4841908
340759 2473618
2596144 659290
2308028 2934474
1912538 4071572
2719802 4993505
1276413 487777
2172684 1629057
658701 1064626
3536984 4978407
4669984 3804161
1493508 3863204
4742406 731270
1714675 3658924
4954996 3560719
3348927 841267
1867853 4248522
217671 3608004
800278 1227732
330110 7263
2543197 1840840
929866 4155310
3749921 2804716
4932512 6519
185123 3763623
2080021 1632771
3758366 3543210
543478 3812223
2194929 500772
421584 1799735
4558853 1942013
1571087 3625679
1237624 3370522
2590687 3706513
2637662 3452316
1499743 1691604
1615561 2839319
475821 3519059
2438522 998550
1969464 421443
2545616 2381982
2121295 4286333
3584714 1632892
1051090 4365731
4786997 3049773
3998306 2681095
4435712 3146395
599802 1761303
1917454 4877873
2004737 4878885
3110831 2717589
4369179 898523
2452422 1454860
504013 3302770
4922503 1366990
2600537 180152
4866305 482150
3502285 3089947
4790547 782721
2513411 2885260
970585 1420332
3193718 3225107
3228962 3088492
3304572 4101616
919820 4634845
3459966 3630450
4369932 438526
3306274 3158987
402656 3339973
1017001 517587
2365677 2991392
3286018 2716395
678167 3162267
361183 3549931
2814490 975719
3531147 2090827
1533314 4835523
2824677 426283
1792285 180748
2242689 4972433
2279622 3538732
1534043 743747
1134438 2575954
525506 3314653
4425205 2876102
1127390 1052120
1067019 4917802
1228083 3566680
4461267 2557512
3562245 2677801
1464209 1503456
1737707 1332716
2831829 1049337
545449 3543100
3005873 348453
1468298 3229080
1423917 2172403
922300 2749804
3922352 2476664
3224542 3846874
895142 459522
4706001 2844247
1596549 968446
4340959 3758760
3652656 770387
552739 432985
4522319 2520032
599130 1955164
4247298 1293257
1147684 3284677
742808 2382207
168713 558267
486614 86567
764490 3936114
3155432 203038
2334307 192326
4948679 1351220
2126637 2376651
2791499 1223704
2508403 3074539
1605522 4633124
1047631 902696
4564133 1990974
2673046 960225
4522134 594503
3173842 1077854
1524468 732167
4455489 4172256
356155 3884022
4608433 2195194
4197247 3653625
4865391 3867117
1830177 4458425
2084009 2485689
4749652 1226403
2430131 2735836
3201409 1030922
740145 977812
479787 1711356
831846 2772850
2972373 3848564
2491305 571363
3323442 661883
933901 2040100
4903293 2838908
466455 4898832
176971 1539204
2972609 4722571
4677391 1139833
677676 3894697
3717635 602548
2890102 2723023
3081052 3191947
2399255 2810794
2918379 2996661
4574457 2674198
2014565 1064170
805571 4530815
4825493 4960277
4507217 3091920
4415700 1172690
3231773 3121015
3528108 4570387
1695417 3601441
1366060 1282316
1866130 4817229
2264974 1379785
49712 68095
565787 4041886
1191934 1551814
3169757 376614
4149935 703163
4873195 1709890
1994362 2787883
2776537 4612160
4643227 2160364
231305 1288576
3590462 1706041
3816731 635064
4836123 2616209
1662657 2754288
1101851 3260990
2680721 395439
4503154 390654
1578161 1152219
596420 4659828
721514 4608940
547910 2072883
39150 758873
1799963 162438
1200319 425744
159021 1975988
1098499 481083
1506760 4672769
4811202 764674
2152837 3543728
614558 1276783
217078 76176
2319574 4787873
3268760 3247888
2644964 3749073
3676615 3639832
2787363 2037574
1862112 479036
3874420 350053
1655330 3403534
255615 2484111
1592583 564195
4711975 880609
707336 1610838
2070457 4310690
3280435 4547402
1549313 4983027
4484956 440582
3739709 2255510
3301203 4105212
465570 1094536
3524097 531131
1433284 3418682
4250984 3694592
4188970 387862
4912094 2811204
4167984 1174016
2831945 920713
4069652 1465695
1127813 2618980
3166309 281545
4067976 2801108
2461966 203146
424997 3124594
4132218 1634787
259767 1984475
2067807 2573041
4558148 1728701
1333928 3034604
2100046 292157
1500295 4727125
2919513 2789956
76748 1516036
2163678 4709859
3227030 3641268
4609249 3415452
1294474 2672826
3222328 2516667
4662741 4995072
4521661 4179403
283004 2970223
332003 83792
2895977 3054449
1435415 4572389
1482599 3134130
273893 2842323
4238906 495135
4213335 3524239
988071 148345
2768579 228909
758803 2599573
4092071 4198248
2835720 1094529
4568115 1015659
490438 3791935
2951148 2739155
1670876 4874564
1030285 1208608
844944 956935
2660026 3466796
4482915 2931183
4829112 4035320
3850704 3076097
3197363 4677154
2043831 91609
314852 1284434
4677558 1383803
108083 374211
3662826 1697577
715383 4848200
2794571 3938686
3153501 4894378
577670 736691
1583479 2416177
773757 365050
145756 1682089
4935735 2977735
4723954 2999261
2639512 199386
4872389 4247326
283808 2193985
3650974 2499889
4482562 881967
178596 3287103
1448045 2712674
2091520 4468954
4678057 762606
1922005 4290542
3499452 3377629
107258 922861
4468274 2753242
2087006 1276335
405919 2503871
4950090 3126999
1766131 2631892
878859 448186
1585459 594149
203866 3121980
4206610 123096
2790594 448769
4070974 3753094
3592627 4481473
1212966 1516683
1165206 3272986
3800314 1149268
3968297 872024
4983394 3430803
1388698 629982
2470072 4748012
2172510 4178595
595847 4014084
3427665 825332
4622152 1168395
1970397 2535973
2978140 4948608
4042702 188746
3808484 629090
2875519 4736121
2467931 2114623
2500874 4909381
4933314 4387199
4752773 3297738
3813944 2068812
184254 3741198
2031300 4010260
4133350 1012280
4309507 1748152
3224786 2889605
2540178 2069394
2598396 1318799
701523 1597657
696579 4938572
537207 1746073
3495664 1642367
3784903 1854291
4054712 2772725
328997 850339
3844902 165716
1089154 3406813
60245 538392
3964966 3353296
1334183 3662220
870146 261106
4228847 1661256
4129892 14984
3325377 2586361
3257831 953586
2558273 4138170
1050885 1249042
4402725 2819565
774065 689064
2390900 2569597
26362 3098601
1771812 2525760
548770 4426568
1190578 556334
380194 2287205
242812 1120324
2552935 1805039
1773527 1496099
1890863 2490104
3569245 3362432
1950803 1525815
4150675 352297
1912062 3025441
287360 571593
303596 999989
25537 2629670
4152871 2667004
22253 166714
821506 3379672
4161659 4068163
3890128 627695
1337309 3775193
620442 4130615
2358101 2286815
3812317 4472866
4725351 1286984
3268441 3292990
107430 2369698
2039529 575941
3785843 1386581
353962 1553439
2274820 1127350
1395173 2208638
4135222 4596294
366000 828982
2921703 2993006
221984 35940
395779 4292845
2862341 4710297
1458619 475214
813712 1300912
3631871 3896192
4057855 168492
3492398 4446983
4349681 293724
1821531 1594035
4234926 2350964
924880 738920
2036591 3027865
1545682 2886911
3199664 2922551
3352443 3286201
950141 2694913
4767283 846452
309781 2988039
3038124 4129008
371351 1655461
4262296 3678286
1342141 1024049
2201734 1168916
3460324 1394598
4453292 1231944
2274741 3816731
3015451 1743041
2201098 2940088
3196690 252623
809290 2882948
2867933 3763586
2427049 904195
299203 4853872
650596 2767903
3552610 2785877
4817951 4139427
4920008 3891024
3160046 4072516
2715487 4446276
2061721 2621828
412355 2322201
3451927 1181664
3652380 4168410
2081487 4975324
1296169 4908380
1687639 1533640
3520917 2987461
2577790 15856
4448271 3547041
327262 2952873
3289064 1267681
4103121 2184366
663585 1808183
1126123 2216951
960268 2435814
4423415 1144218
1711436 1511918
3766885 4804120
3499845 1211868
4810963 3249945
1415385 2881733
4875385 1509777
4180619 4919862
2690637 3778794
3027905 2196987
3021710 4566911
1750042 247969
4634157 2766873
913778 2659441
810577 4176691
2467243 856930
3376772 895315
589455 1569761
3665418 2496498
537148 4806548
344673 2127016
3860371 1777330
1723608 4506789
4554445 1376712
379025 969245
2149462 2115258
2722586 4223881
4688107 4175777
1654912 2674717
4035478 1347021
1767799 3126392
3527527 3561329
2914610 4301357
809658 2296335
133565 1711287
1794597 4288365
3131581 4837584
1096602 3981516
2476909 1655670
3056135 3046874
3841214 4173610
2525010 2242954
4403065 4144991
1265276 3896041
2390121 2805243
4026779 3586218
1392466 2468345
4492111 1021165
1326736 2281771
2601962 3770038
1712713 2172879
3020966 4297680
1978529 836876
121081 4489089
4879566 1588188
1887962 2739763
4452331 2913785
2940204 3420035
908101 2131111
2470157 1785405
228179 757337
59722 2527810
4606953 2366156
332135 2562517
2566289 2939517
1637772 32495
3793297 572837
3898538 1737587
772698 4202060
2918213 3582568
610392 4747433
84093 7649
2269478 711211
903918 2552343
228916 1746575
4169079 2783993
612863 2979450
4722481 2205118
2647637 1260206
2217361 1307283
1341289 2055330
4485626 4814692
2548503 3964893
3400795 4266564
2082263 3491512
4747637 2168642
183328 4138683
2582909 4754380
4436464 763160
545372 4934871
1990421 185318
1072101 1741352
3249475 2239437
1537037 3041129
2420965 4598319
4782363 4060158
601280 664505
3545033 1623004
1940586 90996
3240572 3204907
3286073 1180356
1579304 4932862
4873636 4541167
4895435 1084269
3799996 3996975
1946601 835380
858300 4539005
1030856 1346782
4681704 3186935
2270349 3815497
4794214 2811281
1973511 1215926
3737558 3158666
1114710 2803394
4539813 4915311
4329379 4812167
4287151 1101504
3864808 221913
2758765 4416012
4914330 2309579
3154107 3193964
4910697 3416380
1317526 4894035
3897424 1571746
4013781 4495687
1427396 1751057
2024774 999479
223755 1472838
1484613 2426041
2291038 1977009
3145703 3956503
4770452 780660
1393015 4551979
3169429 1206873
2678033 4844155
69333 3912429
3197305 2618470
791360 327573
1644115 758805
1708498 4210064
2419342 2151001
4211443 618294
1539890 4671768
1473759 3422930
961887 942856
4668095 873096
2391700 4207530
2753292 2161856
3061804 2164090
2899509 4787916
3112094 2625098
4341933 3967111
1310742 1271514
441151 989926
728263 1909059
1155375 4816082
1981256 2480387
3279526 3108172
4257988 4626376
1336362 4980274
383041 2823768
2238687 2237987
3328554 1150633
4598010 2963745
1737433 588030
1741543 2824666
2094395 1446124
3587417 337070
4839450 4740087
2014914 2663970
4053038 868019
832349 3776715
751087 2475272
44077 2742161
3930716 2194268
1703187 4925988
4396884 3002524
2908263 3146606
2948334 4374358
4430141 2539622
3243980 3848664
1530293 4671498
188627 1357718
1970544 2670413
3864782 2179297
1994269 4881877
1252842 4590181
2510942 1435223
1062021 3534905
679043 808087
3297272 1274550
2810158 1000039
1284153 2787035
2586657 3806547
3569986 3199054
310869 4175968
4727959 1159320
3295573 4299390
323456 3059618
378666 2103288
413596 1971575
777909 1896080
1087668 80089
2599678 1825693
2765737 4936694
483925 4386121
2978906 373838
2471604 2898822
2508474 4098279
253127 1346762
1749174 187785
3954590 3275029
2403982 2935950
15502 4537149
3921619 3859500
1360078 4162909
2932380 2634125
821744 4455726
4453148 934170
499404 4304696
157766 4008115
4504203 4962343
2040624 696629
359532 4029985
3202493 3471355
1510315 1949499
579498 1154364
4944391 4093396
4424002 4788959
1171441 4766551
870673 2245794
2984093 237657
4999517 2739487
4131 355530
569502 1944603
314972 944110
2210139 4125551
171465 3559497
3070974 3597246
1808607 3082734
2896044 2499573
897817 2235158
3872872 980171
4011155 757796
3088902 2913819
4640842 426067
1075617 2392598
2360194 2374346
224762 2190498
3182732 3988816
2663387 215324
3665920 4803288
4821944 357556
4903908 940036
3152846 847914
3493338 3620308
3778496 3142530
4397680 1301983
3065767 3723785
4035267 328589
2637273 1800526
245069 2076499
2598830 2688348
3559205 4981365
3910010 4358083
4394072 1496372
1547719 1162003
37232 2629701
1277044 3237527
911247 1959934
3173621 669707
2363324 375299
1124041 589154
1693266 350373
2170660 3366821
1495081 4567582
2148172 2938850
3328292 2311799
4417847 226653
1736234 2963158
3351769 4667416
567120 3376395
3228976 636756
4144814 197992
404875 3376306
321653 1673843
2642846 2768535
947347 4515187
3149687 4922357
42368 1185630
1110520 1412053
4194899 2924499
2965080 3586955
1884525 3439493
3197784 929224
2608960 4072458
2395925 26573
1057055 3468187
4157961 3328501
2528630 860848
231563 3074838
1111537 1687861
1594894 1999314
237792 1117163
1366030 3305951
1148145 2894937
2641913 181173
3628284 2087727
3835671 42398
2773718 506960
4130632 4246976
654793 2436759
4473109 1937975
3070152 4568137
2040657 4286891
3290642 4911561
3402340 4873290
1220199 4662771
904693 2494567
632775 2596236
1120532 1049915
3702061 4416054
2833302 1707514
2444242 4583522
4454685 1247251
4561589 3432388
791492 4813741
2116791 1703273
2509834 644187
1847776 1542451
285414 1703504
3955050 2213238
35922 4665743
495008 1887190
1086739 1564473
2317847 602995
2060553 1986287
1087368 998756
1514460 1750480
4992070 2339656
3716423 3789621
844194 2099374
3875866 2834940
265568 3298116
76346 3146098
473281 1968847
2127512 4667674
2871536 2976252
2371216 3725953
2661574 2949421
3072201 662278
1015956 1137361
3870571 4621354
1265996 4677349
4641605 2663109
4390555 27865
4679254 4290284
3736860 4100435
1498263 3025357
2181772 813916
4707441 3479926
3059614 885282
1490868 4820346
2790160 1123865
914099 4352121
4473038 1928444
3052192 4721860
1261548 3125001
1108633 520921
1774960 817508
8516 3365390
3030963 1347248
3505876 3252228
3341799 249761
585222 2616709
1622867 934536
2520889 2757184
4673911 2910550
377226 3228830
1343924 4783941
3877436 3771197
932949 4932735
1700591 41581
3241945 1179906
2344453 1493379
1290814 594606
4554118 713514
3718217 735067
271777 1783780
4618724 461554
4445648 455514
4296422 1140846
4610722 1017262
492037 716
531668 2445111
633896 2428993
1363925 3513915
654568 4763409
3376722 2405133
4265027 167150
2244281 1119255
2226840 508093
1173640 1648479
2502521 3413063
3560140 2457131
2688990 3967111
1479175 4426419
3922189 324946
438237 6885
770761 11278
2856670 40189
1267345 1524067
1025474 4671664
3147022 3247370
4907825 3895489
2096200 3453336
2312783 154357
3611363 3644392
3242393 3992866
4511893 3023283
3262722 4249745
2519874 1645991
2085350 2968863
251037 961055
425945 1133618
871326 3817832
4680948 4183210
3442452 401852
447435 284258
3131880 4161187
762315 970513
446082 3720033
3287245 2199016
3174524 1241471
3591651 2039285
3395443 4452590
2717531 944317
1368779 2454505
1396420 175534
3358680 4577526
4063225 4857482
750022 1879539
4854670 3329549
187688 2370757
4759229 4796287
2086468 2134281
4246203 1273581
4492385 3336540
1127591 3301127
3751445 428275
4492350 1335671
1855249 1713652
2185541 4983176
4462478 78545
3852380 59739
353105 3866863
2943387 4207583
2087353 1488074
3968689 664432
468744 3584934
895032 2471184
4916317 3742967
2631882 1658701
159819 4879064
3882983 1175949
3130021 4022951
3402122 835296
949780 1895907
4387046 2022113
4016528 710962
3635774 1109924
4746603 3706326
3478296 3351238
1575820 2925864
1766390 4954239
2057664 1116774
3621118 1580220
940244 3938445
163669 3278013
1427994 4327240
1413062 870862
4438327 4456112
4451361 990705
1270972 146867
751957 2164783
1127817 2335363
39729 1391592
1412849 982970
1314149 157094
1169956 351781
4354871 3232988
3518297 1424152
4091382 146070
2005933 4630336
2135826 3792274
2485930 653128
2682639 4278619
3528981 3226441
131346 837298
825358 3638390
4206913 1413362
3567529 3934921
3792392 1500946
48192 4612099
2817546 756854
1254230 4114918
4667822 2300118
3793359 563460
2483065 2036361
4352787 2946999
2975569 1975913
1732674 2047484
325913 2437618
4429600 1223589
599945 4410926
2097739 1450987
2893025 1736017
1980974 1533824
4118027 2799028
90552 235763
4915425 2825310
1360269 816336
4137314 3468149
77129 2751070
412645 3132651
271130 253283
863354 588684
1535576 2921502
4051323 4968026
1425605 4502939
1304317 4538850
3876504 1198394
398090 4951857
1840978 66143
3153566 2285590
4124084 3257196
3665130 3015047
1398104 3952478
1298600 4322230
719579 1285817
4884884 4859589
384016 2020738
1991905 960951
4478471 1277630
558584 1561445
4191074 3140545
1273887 3247050
95309 1607406
3778911 2781246
4207056 2055542
429097 1932282
1565348 2384061
4284246 3959238
2633421 2951060
494639 4061276
1705596 3154527
2803972 3667560
4916712 4411721
3664492 4415739
4874162 548281
1580889 3335426
2145516 2430459
720687 2197716
1370746 3313651
1737691 939569
3645131 426912
896698 290358
1477133 4654668
2135161 1408630
1970061 623655
2216061 315451
2300863 4711418
4970520 149930
4827064 4784141
2384046 253109
4068136 4801393
2904134 848590
4968737 892859
2529506 3147703
3813570 2383902
4221178 1143118
628470 4509068
3871807 1004728
2406266 4560793
1893026 3956388
638548 2276490
325364 3028163
1951459 972398
1799655 223984
251972 2363311
1148918 4498471
1355851 4034041
1293896 1559735
2946482 2828404
911071 2557935
1122339 4466163
1052697 2536247
1306600 4275409
3053144 2257859
262245 327145
1810131 3370104
4153861 2183500
2689780 4590074
4842470 4628228
1119971 2002252
3791957 693169
324104 959121
652439 4782884
862604 4518045
2412057 4825873
3888761 1242150
362569 1042855
2099654 3184535
4169850 3054032
264552 3175081
3244682 4652820
4383149 3105167
3706507 3247754
86179 2348674
2831893 1628930
57699 1258481
279175 2905286
2876313 3813912
1562331 4385351
2768748 214949
1538494 1749449
656610 4815212
160067 3527922
2085550 948075
4223962 4683296
4073556 4574477
2344726 2775490
1779377 1893037
348254 3418860
3563486 2733710
1543914 2652857
4466702 225537
2888978 2780544
3469197 851855
3904924 3029657
671716 1807054
3891266 3693406
181681 3611331
3228555 2827976
1619588 1016039
4417798 1455875
3861875 2879859
1753812 2053649
4957525 2430676
2856418 3016779
3216961 1702452
2785474 2762430
43656 4559313
3713590 643257
3551207 176791
3163099 4007741
3446119 3499187
4159628 1691
2133372 356917
3147778 3561583
4803201 4147334
2483087 3604984
3067038 2139371
2922356 1021866
580598 2847252
3514208 624341
3341376 261710
1006654 1423902
904965 1027515
4607896 744126
1711957 40631
1902351 1561030
2024513 4726272
64311 1968099
4555876 4062475
1361134 2010989
2383082 3012605
3469954 2185353
3878473 2925199
2621525 4528624
4298989 400760
4237600 1369317
2251803 1831699
4824924 4336439
4438474 674430
2895208 1045311
735934 1524391
3715363 3669355
4963290 2484021
4898665 4310224
378704 1139922
2386130 1147896
2106838 2009224
3894373 4965967
4575571 2219749
2672611 2554934
2265589 3012599
2985800 1728107
2807392 122923
4463593 3986783
4297458 2141398
2723178 4747469
3115978 384885
3374387 4626854
3613852 2485582
4407001 3220231
2553564 3652176
2938881 2810753
4228615 921898
114023 865283
1880187 2662405
4115137 424543
3012817 79037
596057 2926866
1777238 2546020
4951489 1830524
3847611 2320010
2589681 1899683
2780609 2745865
3858023 4696005
780143 4069974
2013515 1937899
2831376 1166998
727319 4091498
3867271 3807409
303165 4129116
865651 3642618
876831 4941722
1943522 47394
70913 3085978
3997885 798128
846690 4919769
4187564 818552
120071 2252694
972691 2753418
577171 3625532
3247717 2999378
3194431 4079298
1836527 4264952
4064690 90783
3316602 2802338
2423642 3406892
891943 2212083
1594972 2395939
3139437 788374
4384491 842573
757817 2302281
159755 1818072
61778 1180412
3862327 3186880
25108 1977301
2419078 4531988
3896591 213227
3986241 1067431
1535639 2491054
1399252 3292236
3045998 2583671
42713 1520457
1818270 330710
3374440 179635
4519364 2787926
4140503 1187429
2461534 4308700
962581 712214
4105418 102334
1911758 929645
295753 2738721
3756348 1083506
2319210 4875990
425701 2269688
1882393 2301446
3552743 4389187
4676477 145090
106439 995137
1041896 3171596
551654 3044290
3617114 1011259
660271 3604039
2976757 4957285
2121462 413281
2388304 4389358
45852 2315509
268549 3423006
2351962 170421
4591121 3683590
372602 1110329
2286471 1594862
2546492 2625316
106194 939878
1603317 2549342
4645899 3557957
1060118 2215672
3381361 358827
2686349 3595834
4396855 3970819
3135043 924207
2542353 2778843
467189 1241936
1406906 1527603
3919291 4236749
2425525 3337450
4536505 3280323
3298163 323774
3734114 4765324
3180616 3133660
4372802 3866272
1238861 648946
4259122 2692280
1032606 4936479
1801875 1893135
934685 3263911
4470246 3637122
378160 3462980
1248869 4372680
1770496 3804592
4019625 4815006
2148558 4527364
4510446 193967
3781277 4995540
4995458 3098006
3748871 2425010
4626155 1461472
1235730 3140096
2565877 551445
4463082 3491975
4932888 761351
2805320 15395
1508588 3656843
4141973 3938594
3346379 1324355
4385614 2266778
4531857 1627453
2424739 4438313
1365347 2764314
4044233 285994
1383019 3502084
1788852 1602950
197407 4556323
2275770 3246423
4839620 3972699
4358135 755971
3048148 3787266
1296176 2880372
4427891 3471561
864779 2079359
575082 3561031
647724 491433
628767 514956
788172 1090489
2819134 652682
2895850 3742960
1239823 542870
1236403 3659997
2478873 1040040
4855370 2544505
2717295 4146745
3453887 3650552
4956602 169449
3943552 4089463
343493 1232977
1002550 1250229
1046434 2648074
522788 1854872
3605824 3788074
1919753 212090
801371 1605226
1450816 3620383
4769576 3392793
2892618 64001
1826474 1398427
3342583 1609538
3245257 3830034
2773494 4056282
4442015 526007
3269571 4520077
459028 4867608
3488772 1269624
2896442 2371848
2294088 3261582
3860677 2202572
491284 4116634
1961168 1960582
79890 1254408
818175 2631409
852399 4764955
2047378 3805696
4062718 4497323
2039316 1918261
845856 4422686
4737691 3676120
3968168 4933009
3978764 3460346
1337966 1350879
593872 3211014
4483579 1213465
4788385 3241246
4035646 4904754
1602725 2576375
874986 4575196
2780481 52068
917698 550324
3027169 4476190
4124629 2981611
2744328 1345843
4495874 4265906
1283458 1014402
3812294 961393
204121 4215432
156795 2420197
2490997 4921975
889738 3268316
3572502 4830222
4158280 1927589
1322795 3586084
2910116 2822787
2895553 2408326
1823801 2387637
1577057 2947012
4490569 1020216
3108125 1177192
81777 1364937
308844 1934357
3866706 1692965
4071622 3299951
3727336 961345
1404828 1107726
3423983 2880179
811196 4251478
3487663 835849
