100

12  100
1210 -114
1218 -596
804 -844
383 -499
165 -491
-86 -384
-316 -114
-24 121
178 242
383 -37
753 526
477 -60

12  100
1353 926
1175 688
873 734
763 140
633 700
402 718
146 926
349 1165
348 1646
763 1506
1219 1715
912 1012

12  100
46 135
-196 -291
-898 73
-933 27
-992 32
-1120 27
-1376 135
-1371 388
-963 187
-933 227
-794 376
-567 346

12  100
255 -81
-71 -374
-456 -295
-579 -455
-761 -397
-942 -290
-1042 -81
-1077 207
-649 41
-579 949
-76 790
220 380

12  100
908 170
148 5
39 -137
-138 -805
-205 54
-464 -18
-524 170
-618 447
-585 945
-138 949
43 484
647 623

12  100
-244 895
-361 598
-445 147
-876 478
-1118 476
-1234 689
-969 895
-1568 1295
-944 1013
-876 1753
-713 1177
-679 1008

12  100
1241 584
1395 234
1189 -112
788 135
297 -266
693 530
62 584
427 793
394 1267
788 646
926 823
1338 901

12  100
-61 539
-370 229
-665 120
-906 111
-1164 92
-1469 214
-1053 539
-1730 1015
-1089 856
-906 1081
-555 1146
-208 941

12  100
637 -720
726 -965
758 -1512
301 -1459
54 -1147
-278 -1054
-189 -720
-373 -331
261 -650
301 -553
374 -593
1012 -310

12  100
240 -325
327 -813
-211 -859
-519 -1231
-792 -798
-868 -526
-1155 -325
-1398 182
-696 -17
-519 408
-385 -93
64 11

12  100
1310 -129
1289 -568
804 -607
528 -198
368 -406
167 -337
-230 -129
-134 253
334 208
528 70
951 603
1197 257

12  100
514 -755
51 -1005
103 -1595
-382 -1360
-596 -1126
-847 -1023
-1196 -755
-622 -616
-827 16
-382 -355
-261 -545
94 -481

12  100
208 764
868 282
552 -134
34 -142
-362 78
-434 494
-243 764
-325 971
-420 1551
34 1750
275 1181
554 1064

12  100
-238 228
-168 0
-302 -225
-563 57
-1017 -558
-948 6
-642 228
-811 371
-705 474
-563 1071
-129 979
-150 466

12  100
121 11
-356 -278
-445 -704
-857 -443
-1103 -415
-1561 -395
-1520 11
-1366 305
-1184 579
-857 901
-380 837
-106 444

12  100
547 -312
965 -795
611 -1149
128 -1358
-59 -635
-558 -708
-392 -312
-73 -196
-141 155
128 237
539 399
799 75

12  100
1199 590
807 496
1145 -279
644 -246
285 -32
530 525
52 590
199 847
521 803
644 1147
846 940
1383 1016

12  100
20 -389
108 -828
-478 -691
-652 -782
-1050 -1078
-1187 -697
-1042 -389
-1060 -153
-832 -77
-652 471
-325 178
84 36

12  100
1589 730
968 553
845 410
661 -56
414 303
76 393
89 730
215 987
283 1386
661 1196
827 1017
927 883

12  100
36 637
507 300
248 75
-76 551
-327 203
-897 163
-505 637
-595 937
-334 1085
-76 758
435 1522
80 727

12  100
1864 -70
1698 -542
1235 -684
881 -283
757 -285
-11 -585
-68 -70
-24 453
377 803
881 753
1312 677
1502 288

12  100
1166 95
636 -163
256 -21
190 -295
120 -26
-445 -271
-236 95
-322 391
-302 948
190 252
437 523
888 497

12  100
1116 -582
579 -813
377 -926
179 -804
-175 -1196
128 -611
-207 -582
-46 -452
-16 -243
179 55
307 -361
482 -407

12  100
1084 372
977 220
1147 -380
713 -277
328 -295
-113 -104
-276 372
-32 802
219 1229
713 1089
1090 1025
953 510

12  100
1161 150
740 -204
611 -690
127 -124
-109 -258
-149 -9
-319 150
14 215
-212 738
127 284
298 446
1012 660

12  100
1347 850
1048 633
807 615
672 501
327 253
593 805
-276 850
12 1231
499 1151
672 1090
959 1347
1226 1169

12  100
78 -419
-457 -612
-401 -1096
-791 -624
-1313 -1323
-837 -445
-1220 -419
-1500 -10
-952 -140
-791 407
-341 360
-527 -267

12  100
1489 -858
1668 -1325
1381 -1761
860 -1113
525 -1439
326 -1166
306 -858
286 -527
355 17
860 -54
1048 -533
1127 -704

12  100
196 -798
425 -1076
360 -1520
-56 -869
-502 -1570
-851 -1256
-634 -798
-262 -679
-516 0
-56 160
448 74
418 -525

12  100
-161 -192
-706 -341
-788 -497
-964 -575
-1055 -350
-1568 -540
-1904 -192
-1660 210
-1272 342
-964 604
-755 169
-463 97

12  100
338 -954
233 -1377
-351 -1212
-500 -1994
-676 -1259
-571 -995
-913 -954
-973 -681
-651 -692
-500 -12
-132 -317
-349 -867

12  100
1177 996
358 877
255 817
152 217
-91 576
-289 742
-312 996
-688 1481
-102 1437
152 1350
191 1063
218 1034

12  100
-344 -252
-126 -728
-529 -982
-950 -999
-1324 -900
-1030 -298
-1039 -252
-995 -226
-1188 161
-950 201
-675 224
-317 113

12  100
856 -462
821 -562
939 -968
647 -646
453 -798
5 -832
382 -462
494 -374
371 17
647 217
696 -377
1525 44

12  100
-322 -571
-382 -763
-602 -767
-715 -1521
-859 -820
-1599 -1081
-1714 -571
-1008 -402
-923 -210
-715 467
-544 -275
16 -149

12  100
622 144
124 -76
108 -489
-257 -246
-552 -367
-793 -165
-1133 144
-501 285
-412 413
-257 236
-52 499
-113 227

12  100
-846 -239
-667 -418
-858 -446
-977 -714
-1500 -1144
-1338 -447
-1704 -239
-1222 -97
-1346 401
-977 437
-690 258
-885 -186

12  100
869 168
967 -36
794 -145
614 -268
539 39
272 -29
-162 168
-290 690
132 1004
614 770
928 711
1115 457

12  100
643 -710
829 -1220
-4 -797
-54 -840
-394 -1299
-610 -1031
-961 -710
-640 -372
-234 -397
-54 226
78 -482
296 -508

12  100
974 -910
970 -1174
841 -1481
512 -1929
393 -1116
232 -1071
107 -910
-86 -565
178 -330
512 -427
1030 -12
1324 -442

12  100
158 -434
-373 -601
-210 -1218
-662 -901
-990 -1002
-930 -588
-1561 -434
-910 -291
-789 -214
-662 -325
-529 -203
-171 -151

12  100
868 -217
384 -471
406 -1016
-55 -904
-224 -510
-516 -483
-712 -217
-512 47
-458 481
-55 147
205 234
619 172

12  100
768 459
522 215
137 395
100 21
38 352
-145 318
-107 459
-533 824
-171 929
100 867
260 736
748 833

12  100
1036 839
774 633
752 258
417 -5
306 646
-359 391
-64 839
-26 1095
52 1472
417 1279
588 1135
1145 1259

12  100
628 115
236 12
368 -425
57 -426
-441 -748
-809 -385
-224 115
-4 150
-236 623
57 905
109 205
126 154

12  100
-771 325
-412 42
-620 -165
-902 273
-1042 82
-1065 231
-1748 325
-1295 552
-1095 661
-902 955
-768 557
-841 360

12  100
1832 862
1341 648
1483 -27
970 127
677 355
144 386
744 862
509 1128
842 1084
970 1671
1423 1647
1657 1258

12  100
676 911
1365 411
641 664
499 301
65 160
365 834
-114 911
414 960
353 1165
499 1672
926 1651
1351 1402

12  100
1296 375
866 43
610 -178
291 -443
-230 -528
-547 -108
-564 375
-516 841
-144 1130
291 1407
674 1039
360 414

12  100
269 574
649 253
360 110
93 271
-203 61
-14 513
-771 574
-567 955
-21 772
93 1001
499 1277
807 986

12  100
848 -81
765 -472
259 -378
88 -148
-110 -423
-158 -223
-99 -81
-553 289
-13 94
88 912
399 458
415 107

12  100
685 291
-17 257
58 60
-75 -595
-581 -586
-165 239
-215 291
-861 745
-164 446
-75 1245
235 828
540 646

12  100
1472 685
739 624
959 119
633 -216
206 -55
374 536
-285 685
155 961
366 1148
633 741
755 897
1229 1029

12  100
966 120
188 -18
355 -584
-51 -607
-374 -439
-943 -395
-966 120
-579 425
-93 194
-51 1125
359 830
440 403

12  100
793 -658
424 -781
425 -1029
211 -1029
51 -935
-684 -1174
-11 -658
-202 -420
70 -413
211 -568
377 -370
316 -598

12  100
511 830
741 632
897 -36
398 750
87 291
-263 449
289 830
-97 1116
350 914
398 1804
464 944
818 1072

12  100
1236 204
658 -42
705 -616
232 -332
-113 -393
-52 41
23 204
-38 360
77 474
232 937
277 282
1009 652

12  100
1045 -676
871 -762
824 -852
723 -1061
288 -1430
284 -929
308 -676
33 -278
613 -485
723 150
882 -400
955 -543

12  100
404 703
552 212
179 -125
-299 -306
-688 30
-1040 276
-1146 703
-965 1088
-365 819
-299 1061
-107 1035
348 1076

12  100
939 -624
653 -1006
41 -712
-9 -845
-128 -830
-536 -928
-565 -624
-60 -594
-41 -567
-9 -350
70 -487
501 -330

12  100
-841 378
-911 327
-935 265
-1000 214
-1194 42
-1899 -141
-1476 378
-1101 436
-1098 548
-1000 651
-582 1102
-757 518

12  100
-137 -878
333 -1340
-19 -1657
-468 -1107
-788 -1432
-731 -1029
-868 -878
-624 -788
-899 -131
-468 29
-196 -407
-268 -763

12  100
-149 -397
-501 -638
-404 -1290
-919 -628
-1187 -862
-1321 -629
-1265 -397
-1676 40
-1145 -4
-919 375
-448 418
-399 -97

12  100
-519 -968
-503 -1083
-426 -1449
-703 -1433
-756 -1060
-1359 -1346
-1348 -968
-1611 -444
-1208 -92
-703 -621
-437 -507
12 -556

12  100
-487 -23
-295 -341
-356 -873
-846 -455
-881 -84
-1119 -180
-1459 -23
-1634 432
-1211 610
-846 238
-479 613
-729 44

12  100
325 -70
-167 -386
-534 -385
-715 -596
-798 -213
-1468 -504
-1657 -70
-1212 217
-1003 430
-715 819
-428 427
-248 199

12  100
804 360
736 14
329 25
136 -618
-180 -187
-445 25
-224 360
-734 862
-332 1172
136 635
568 1109
672 669

12  100
495 -147
1105 -533
853 -868
437 -547
84 -759
310 -220
-440 -147
285 -59
278 129
437 -26
787 460
609 -48

12  100
599 -472
297 -696
378 -1284
-90 -1132
-311 -855
-632 -785
-1030 -472
-978 41
-214 -257
-90 130
400 377
28 -404

12  100
484 -901
310 -1209
277 -1768
-223 -968
-568 -1499
-902 -1293
-641 -901
-524 -727
-339 -699
-223 -656
190 -186
517 -474

12  100
1270 428
766 139
444 118
266 -215
102 144
53 305
-339 428
-359 789
-145 1141
266 923
291 471
590 615

12  100
459 -717
150 -805
212 -1091
-3 -1188
-374 -1360
-335 -908
-492 -717
-335 -525
-238 -310
-3 -508
514 179
869 -214

12  100
1166 761
1239 250
649 250
354 -5
-97 -20
-425 312
-358 761
-106 1027
130 1149
354 1028
456 937
547 872

12  100
916 -494
373 -701
434 -1221
15 -807
-255 -962
-177 -604
-72 -494
-493 -201
-439 293
15 384
475 303
300 -330

12  100
627 856
325 661
496 -27
-13 454
-370 237
-498 576
-132 856
-504 1139
-218 1211
-13 989
187 1203
127 936

12  100
988 -494
920 -852
506 -852
300 -1033
259 -565
124 -595
146 -494
-501 -32
-64 137
300 -303
531 -94
809 -201

12  100
189 -364
840 -867
415 -1138
-31 -1174
-380 -969
-779 -795
-546 -364
-346 -182
-218 -39
-31 572
85 -163
46 -320

12  100
171 535
550 200
190 152
-31 -305
-200 242
-168 456
-712 535
-657 896
-187 806
-31 1320
268 1052
267 707

12  100
1760 -687
1091 -811
1376 -1552
877 -1092
775 -864
147 -1108
359 -687
699 -584
373 187
877 296
1313 69
1167 -520

12  100
898 358
335 263
318 103
171 127
-234 -344
-729 -161
-202 358
85 408
97 487
171 1362
233 466
529 564

12  100
-249 624
-119 140
-789 331
-958 -270
-1217 175
-1207 481
-1559 624
-1846 1137
-1174 998
-958 693
-867 782
-618 820

12  100
1335 956
758 694
661 336
304 895
-204 76
-529 476
62 956
-370 1345
-171 1780
304 1874
394 1112
349 981

12  100
942 207
404 74
290 6
174 -220
-94 -258
-278 -53
-449 207
-698 710
119 303
174 382
665 1058
907 630

12  100
-313 418
-329 317
-117 -254
-504 -106
-1019 -474
-887 197
-1039 418
-1368 917
-681 725
-504 498
-465 486
23 722

12  100
510 -840
308 -1077
282 -1505
-102 -1170
-447 -1438
-926 -1315
-162 -840
-560 -575
-489 -168
-102 -207
317 -114
62 -746

12  100
1696 -277
1233 -580
979 -747
708 -758
328 -935
475 -411
-247 -277
68 93
377 297
708 164
1052 318
985 -118

12  100
1300 667
1045 307
535 468
421 -126
349 542
-400 193
347 667
302 736
320 843
421 1103
730 1203
665 807

12  100
1392 710
1038 670
1210 292
969 -3
651 159
685 546
825 710
364 1059
695 1185
969 1111
1163 1046
1414 966

12  100
878 330
1231 48
941 -15
742 -635
624 126
-64 -135
681 330
150 672
651 488
742 767
1128 998
1033 498

12  100
342 643
458 247
-26 294
-227 349
-314 493
-390 549
-536 643
-324 699
-460 1048
-227 1046
154 1302
49 802

12  100
488 404
440 -20
96 -274
-295 -465
-477 88
-715 162
-432 404
-1077 855
-654 1026
-295 904
-27 869
442 829

12  100
-24 562
408 232
-36 342
-163 -448
-540 -90
-995 82
-770 562
-924 1001
-389 954
-163 1428
308 1377
591 997

12  100
1015 605
1066 291
727 250
522 27
308 235
92 357
-228 605
440 652
57 1412
522 1442
996 1426
1042 905

12  100
-8 386
1 148
87 -478
-411 -458
-454 312
-892 109
-568 386
-533 457
-644 790
-411 1100
74 1226
342 820

12  100
524 -834
-171 -1036
-434 -983
-520 -1321
-1011 -1685
-982 -1100
-887 -834
-833 -653
-1010 15
-520 -767
-141 -177
-334 -727

12  100
275 608
844 211
678 -296
156 136
46 417
-142 436
-463 608
-371 912
-269 1344
156 1334
507 1215
693 918

12  100
1133 -75
532 -186
410 -197
340 -214
52 -574
-193 -382
-588 -75
-406 356
291 11
340 171
427 75
671 116

12  100
-238 186
-424 -24
-366 -544
-787 -432
-869 44
-952 91
-1179 186
-1383 530
-1030 607
-787 499
-663 400
-233 505

12  100
1502 -798
1528 -1138
1027 -952
939 -1105
512 -1537
402 -1108
543 -798
305 -432
846 -636
939 -523
1211 -327
1449 -504

12  100
-303 -28
13 -370
-476 -208
-579 -803
-782 -379
-1446 -528
-1274 -28
-1031 233
-826 401
-579 361
-499 111
229 438

