5 5 500
-27523822 3903432
-8164905 12245974
-12788492 -18439238
-9257256 12571383
-7088899 -13518632
8395941 908038
3503624 10427724
-14313118 13946163
-8810192 15122696
-23606580 1742581
-2846782 -33320015
10422149 -23265478
-28254784 -10728385
-25177201 8093012
-7071570 -16767903
-24720747 8309611
-3441752 -21369464
12901072 -20010315
-31908277 4898946
-25079842 -15542437
-30379987 5624158
-33234294 -2230109
-14904989 -29395839
-19511719 10781426
7703153 11002118
12152795 -20992905
-27277844 7096202
9267788 10961315
8510514 10981065
-14606620 -29509601
-6110108 -32749124
-18715709 11159155
-947167 -8308224
-5312054 -33053406
-18302144 11355404
-2630204 11271583
-23069673 -18590385
-34162675 -423625
-1661941 -33066693
-19441322 10814832
9440867 10956800
-4364461 -33414699
-35068614 1339193
3740156 -30472679
-13577307 11557058
-28534963 -10303559
-30925989 5365067
-29105349 6229008
-27218056 7124576
1364856 -32419559
-30228713 -9127524
9431207 -24566719
11434914 -21935581
-35107648 1415144
-19716361 -23963227
4207451 11093276
-35905348 3002232
-31306259 5184619
545954 -32594645
-17337501 11655113
-33901668 3953030
14921486 -17357236
15906650 -630279
-29012847 6272901
-10448752 11475473
-2998352 5645873
-18970080 11038450
10978911 10916692
-18104313 5789355
7833754 -26664392
-14263826 11574958
-30920332 -6686704
-3622853 -33485938
-34708505 638476
-20417589 -22611650
-35707006 2581404
-13325608 -29998023
-6525061 11373150
-7864694 -32080142
-18764175 11136156
16397961 -12394558
-7670378 -8538410
7831796 10998761
-30732022 5457108
-35737562 2640862
3112874 -31014227
-29973856 5816878
-34677197 3585023
-34048259 3883471
-22413210 -19585759
-11675361 11507460
6143550 3348252
6325752 -28240466
11148574 -22311584
16327903 -10717043
2957887 11125860
-24091023 8608430
12103904 -21057103
-32744811 4501989
-22866867 9189325
-26998538 7228741
14562677 -17828400
-33043610 -2601152
-27250330 7109258
-10545360 -31058064
-18439007 -25611706
-8444631 -31859027
-11178961 -30816491
14634120 -17734585
-3367056 -33431249
-4344040 -33422483
-2121994 -33165055
3841443 11102820
-23552083 -17858927
-729482 -32867331
1462759 -30509365
2030794 11150038
-7335782 -32281803
14272390 10830809
-23669779 -17680465
-8612788 11427597
-9106217 11440464
12202933 10884774
12315935 -20778678
-6772712 -32496489
-29846931 5877107
3245627 -30899619
9718802 10949555
-21054450 10049365
-975702 -32919975
-137394 11206578
9983982 -23840853
-5596870 11348949
10477700 10929766
-25667947 7860139
1467703 11164721
-6473194 11371798
-22123661 -7390692
13658708 -19015434
-29793628 -8395088
-31394029 -5810976
-7307028 11393545
-7056113 11387000
-30377094 -7510399
-5168486 -11007576
6784700 6096112
1832947 -32119222
6252487 11039949
-31835551 -4951844
10159972 -23609754
-27073672 -12519261
11986042 -21211874
-19804734 10642385
-8429284 -31864879
-4337579 11316108
-31651004 -5310945
-3151491 -33385162
-15227877 -29272733
-2249231 -33192257
-16270898 -28875050
-9956111 -31282734
-20343413 -22724118
-33792978 4004607
-334546 -32782897
16202380 -7711436
-19268437 -24354067
-21203297 -21420306
-10093809 11466217
-20732123 10202318
6171640 -15421139
10750022 -22834937
-23250704 -18315894
-11270505 -30781586
6935961 11022123
-34632266 490125
-32928379 -2825370
-30294307 5664818
-14197853 -29665454
-24771071 -16010618
2277176 11143613
-13033094 -30109552
-13747876 -29837020
-5899433 -32829452
-11387126 11499945
11084914 10913932
-1515122 11242504
15569375 7445659
-33043020 -2602298
-21147719 10005103
-25027234 -15622204
1123198 11173706
1012392 -32494916
-21368640 -21169602
10660684 -22952247
320784 11194633
4708315 -29636840
12476564 10877638
-19187867 10935104
-13586103 -29898701
7363507 -27281889
-25358511 -15119902
-17277501 11653550
-23092858 9082085
-7384094 11395555
-8309552 11419689
15660083 5273685
-27709289 6891474
-27512960 6984636
-28225638 6646451
-20840593 10150843
-16379296 -28734773
10523237 10928579
5594627 11057103
2052768 -31929443
-20536423 10295182
-19001446 11023564
-10231765 -31177635
-35631706 -20148882
-16091239 -28943549
-22183986 -19933324
847351 -32530202
-5936073 11357793
-12436198 -30337131
-26678658 -13118207
-26818617 -12905995
-21772044 -20557939
-34438795 -3753633
-20703017 -22178864
-25432766 7971741
-21497904 -20973607
35787 11202064
523192 -32599510
-23999514 -17180499
-29691413 5950904
14697120 10725193
6432090 -28148663
-14489185 -29554379
-2645796 -33277041
-33032489 -2622790
15226189 -16957119
-10679487 11481487
-14618533 -29505062
-4649054 -33306193
-30194682 5712089
-10893358 -16280006
-30056836 -7995992
12372308 10880358
3072889 -31048746
2553736 11136399
4838272 11076827
-10136896 11467342
-17366761 11655874
-11073477 11491763
-2198627 -4251228
-6344000 11368429
-10829648 -30949673
6593691 -28009147
-18513552 11255082
-13914686 -29773419
-397154 11213353
14452528 -17973043
-21409065 9881087
-16484244 -28575644
-1695860 -33073947
9218460 10962604
-16270443 -28875227
-32913715 -2853908
5544171 -28915225
2887828 11127691
2307972 11142810
4164142 11094407
-18461917 11279584
8990002 10968558
-19366696 -24205083
-4581221 -33332056
-15893223 -29019049
-8043119 11412740
4266747 -30018057
-27352338 -12096729
14027621 -18531004
-11952822 11514694
-9152294 11441662
-8224925 -31942795
7714000 -26821644
-14904304 -29396102
-12444640 11527519
3998147 -30249946
-3702872 -33503050
-25369692 -15102948
11746322 10896680
-13350739 11551149
-18802210 -25060992
10087600 -23704784
3383755 11114757
-8726657 -31751493
-29552832 -8760198
-7400718 11395987
-21643259 -20753208
-4927372 11331489
16022179 -15911873
-19688753 -23716760
-11872839 -30551930
-12160056 11520097
7192324 -27492329
-4619810 11323468
-25106335 -5506359
5886057 11049504
-17172113 -27532653
9107871 10965488
2414483 -20442869
3668665 -30534396
13853041 -18760249
10799289 -22770240
12648985 10873145
-30231929 5694417
-6341404 -10952158
7932258 10996142
151869 -32678898
-24299980 -16724916
-2340891 11264039
-10690598 -31002692
-5668887 11350827
-32871860 -2935351
13446353 10852351
-32140900 4788560
-4803524 -33247294
-19107418 10973278
4871954 -29495568
-25814274 -14428843
-24238495 8538455
-26207876 7603933
11848382 10894021
12004331 -21187858
10930845 10917948
-23324635 -18203797
16507530 -15018151
-26672947 -13126865
6844927 -27792246
588469 11187652
9340470 10959422
-10605548 -31035120
-8342893 -19078440
4252235 11092106
-27646444 -11650788
-34246219 -261059
15368029 10525334
-13732847 -29842751
-23485569 -17959776
-31294358 5190268
13743641 -10991329
1478194 -32395327
-14524283 -29540994
-31643767 5024463
13010377 10863719
-2280183 -33198874
-6451367 -32619009
-33870645 3967753
-34104501 -536822
-17173581 -27530429
-34050920 3882208
-33848886 -1034209
-13855822 -29795865
11559699 10901551
-19082988 -24635259
1924355 11152812
-24773819 8284429
5079883 11070527
-29926256 5839466
-15520052 11607720
-13604019 11557752
-8578206 -31808097
-8606466 11427431
-31327324 -5940774
-35792030 2746845
1828663 11155311
-7987130 11411278
-3656986 11298363
-14639649 -29497011
-5307250 -33055235
-20564889 10281670
-16729556 -28203685
-16862340 7931493
-29099762 -9447172
-3595226 -33480033
-13863704 11564524
6011720 11046226
304670 -32646228
-5667211 11350783
-22509909 9358712
-19149883 -24533826
-6928844 -32436962
1350816 11167769
-33788525 4006718
-26604101 -13231255
11129160 -22337077
-16291377 -28867245
-26281239 -13720799
7025958 -27635961
-26995112 7230366
-22906697 -18837504
-11824018 11511335
-17117866 11649387
-11728318 11508841
-392050 11213218
699743 -32561761
-26916803 7267526
-32771182 4489473
11942176 10891577
-29581946 6002849
-34337788 -82882
-20586124 -22356108
11649283 10899214
10581220 -23056596
5777756 -28713563
-464057 11215097
-23732553 8778536
-33423698 -1861557
-33472588 -1766426
-24377381 8472547
-32598176 4142070
16354404 -11351599
-14302785 -29625447
7305596 -27357935
2471209 -31568192
1127021 -32470408
11583284 10900936
13366844 -19398692
123262 11199782
-2430562 11266380
-29049048 -9524069
-34749416 3550755
-2258200 11261882
10366101 10932673
-5964064 11358525
-20332261 10392060
15636888 -16417816
-4721916 11326132
-27276842 7096678
-27468467 7005751
-19815294 -23524889
7075115 -27593519
-20987922 10080935
-27499118 -11874175
-18793880 11122061
-32526673 4605501
3763434 -30452579
3554102 11110315
-11432591 11501126
4174373 11094140
-1267353 11236043
-13097585 -30084961
11326874 -22077452
-4981160 11332891
-34148086 3836099
-17870436 -26473812
-11476359 11502271
696468 -16903688
-14636970 11584690
-27220010 7123649
-10852685 -30940891
15514951 -16577933
-15124692 11597407
12448527 -20604566
-9080942 11439803
-27984875 -11137638
-3457645 -33450616
8048460 10993115
530032 -32598049
12341126 10881169
-27294429 -12184538
12439506 10878605
-22117682 9544832
7134004 -27542681
2952373 -31152792
-25395442 7989453
2313380 11142668
-13376460 11551821
-9766779 -31354922
-6704860 11377842
-881658 -32899869
708550 -32559878
-25612217 7886587
-9019438 11438201
13715357 10845336
-5475161 -32991214
10511569 10928883
-3333353 11289921
6437696 -28143821
13276776 10856772
-16154430 11624260
-17609633 -26869256
7616906 -17612947
-11924340 11513950
-18714481 -25194015
-25580716 7901537
1553849 11162475
5870308 11049912
4539591 11084614
16318675 -15522533
-14963579 -29373504
2221368 -31783888
-18971242 7220657
-8632195 -31787512
-13531870 11555870
5823977 -28673660
4263759 -30020637
7715638 11001794
-15242743 -29267064
-4065557 11309015
-20231118 -22894388
