50 50 500
4254966 4514473
-10243311 29338943
-11714256 28967870
-3638225 -329846
-11636788 -126679
-5182905 -625577
6032976 21796923
-13140961 28452003
1041973 27162958
-2756343 -84802
-7820141 29623403
-1439665 28473013
-2457947 28853419
-7990305 29616231
-7601697 29629812
-14884269 1278440
-9986158 -523343
-20625968 21682459
-8066513 -747722
5058871 23331535
-16748413 2551950
-14572270 1102596
-19859303 5919816
-7596448 29629927
-15141835 1431037
-17187911 25948185
-16360649 26612152
73053 1119651
7748912 16810425
-19529534 5451212
7573891 11133824
6252713 21385370
-11457997 -179172
4655126 23865482
-9869639 29408752
-21546827 16900952
-3131454 22280350
-19652505 10750710
-15748942 3369700
-13040280 1141041
-19920759 20923292
5317455 7376176
-772382 15304900
-15245373 21791061
6925485 10883583
5489152 15191317
-21105324 18654811
-634308 12261175
-15352805 9455014
7082377 13278500
-26659364 8856971
2295288 19314316
-25135847 12452722
-6459104 22366399
189209 -14160042
-22162792 -10157285
-18198521 19677762
-25977163 -4373596
-9901221 -16029738
-24634351 -6964865
-7971531 22447063
7900274 -7361304
-1057654 21060379
-15021826 21216883
-23843017 -8144832
-11606561 22152864
3570543 -12058317
-21169 -14260790
7834291 13809299
-12462921 21980910
-23297203 15208942
2279413 -12977084
10545042 -1140507
-12394463 21996147
-19682831 -12338075
-3126440 21757980
10663000 6937742
1318287 -13563893
-15703954 20945600
7936126 13653752
-9212873 -16076851
3833242 -11850932
3800261 18224961
908215 -13791525
-13102664 -15478196
9223588 4215618
9151863 954570
-11229430 -2710570
-22629212 -2466721
-1427619 -10769505
-16654306 -2173613
-14634123 8271514
1119191 824165
-6820424 -10481718
1096473 13932784
1200547 8546553
-24323078 -3229585
3023238 -9542526
-1588602 5405103
-19322728 -3007052
-29892973 -2567901
-1585938 -23115267
-13253956 -20066940
-17896994 31028478
-3396787 44948258
3106178 45538560
9124299 -22227509
30610075 772941
-4733105 -22669560
-16926791 -18178335
20982209 39274679
27521459 33180118
-13048300 42738642
-24981820 -10965435
-30737059 23843669
-20098932 -15998552
-26289051 31819527
-883236 -23152742
26063580 34711198
22101616 -15448932
-21732737 -14438647
-7592195 -22110040
16121174 -19651029
19015679 40403278
7528931 44868399
-16695450 -18301346
1977036 -23107020
-22894256 -13227789
30785775 28539943
31986742 -2760862
33162089 -251275
28526622 31972649
11231691 44112337
9758712 44484258
18697919 40571023
-22742433 -13386062
12604448 -21166879
2288575 45660772
-19756462 -16246441
27631432 -10575649
2429809 45640771
28653856 31804384
11051714 -21664087
4166839 -22961094
-23383703 35191078
-14209301 42154644
29335620 -8020988
27676169 -10508585
-1656807 45292040
-28403857 -6235440
-14265081 -19566974
14925983 -20188224
-31592150 5943833
-8049482 -22003113
13182237 -20930526
-25700913 32549256
26053349 34720538
4045668 45396587
-22949860 -13169824
25308999 -12660529
-26815147 31166781
14104352 -20537984
-28242311 29396044
12412293 43593638
-9186969 43804260
-22261423 -13887505
27298762 18176397
2495164 -23085070
-7602471 -22107640
-9805231 -21448018
-26899538 31062077
10254262 -2530021
30817134 -5093560
-18136755 39896526
-26382554 31703515
-8379886 -21922961
31872428 -2988851
27721485 -10440654
-1960720 -23072826
-17821309 40089120
-9300793 43781769
24736163 -13162604
-19829442 38742875
27416219 33306166
30608706 -5509250
4561952 -22929117
26314614 -11779146
26018180 34752634
33072761 -462105
-11954149 43134266
-7781671 -22065736
12503967 -21206838
-26110842 32040641
25875402 -12164097
22452131 -15164391
-26063772 -9781127
-8943893 -21738465
21541744 38782645
-14332265 42086385
-6670801 -755727
-16276136 40977659
22363037 -15236715
-6528291 -22341828
8683186 -22340523
13527803 43061309
-23701624 -12366741
-23483175 35081273
9669950 17183082
25603641 -12402287
-5106104 -22601467
14377548 42655801
-31954163 18756487
-771190 45464226
21495953 -15940604
-9985683 43646449
-17164196 -18044533
-23609868 -12467181
12867779 -21062150
-21571740 -14606486
-13934418 -19739167
-31359565 4430346
29380397 30762859
-14129369 42199010
-3836688 44861345
-5336558 -22559396
-30466195 -18018477
31085676 27966965
-19687311 -16296497
-11669821 -20730319
-3242455 44978752
762135 -23158480
-4158438 -22774476
-6577025 -22332933
13563641 43044202
30002613 29808983
-868863 -23153512
22005643 -15526845
23011991 -14673782
-11911411 43149718
25336112 -12636765
-6798935 -22292420
-7249164 44187124
13592051 -20756070
22232253 -15342884
-22289629 -13858100
-18260420 39821022
-12934883 -20200555
29336729 30827971
7026363 -22663054
-2291140 -23034202
-24091983 34409205
3690802 45450213
-19664957 -16312679
-22248798 -13900668
-17035383 -18117135
32526738 -1683878
-13551765 -19938438
16539141 -19438601
8646468 -22347825
32903575 23698988
13826647 4878582
23787676 -13993917
22078773 38310402
15272246 -20040823
-11129205 -20956706
5876698 45119891
-10768921 43461796
25788764 34962008
-22196568 36501567
33904066 17732074
-21162914 -15032678
-12741565 42849551
9293330 -22180538
19257956 40275380
-13539605 -19944769
26609823 -11520401
-9235787 -21640039
-14299237 -19549189
-23156445 -12954462
18332392 40763988
-24554688 -11432978
-7497176 -22132260
12903317 43359317
-11473303 -20812612
-4303511 -22747991
4735638 45292326
-5129660 -22597168
-11698561 43226680
31787212 26613192
-22813460 35820574
31524168 -3683430
-4440035 -22723064
-1058048 -23143418
10506030 30885399
-29031906 27854383
-30067750 -2137442
-8607016 43918842
-11100356 -20968787
23448904 -14290843
-13728757 -19846269
-27750036 -7803270
-20756704 -15456143
26763514 -11385701
28090567 -9887384
27521645 -10721225
-11612547 -20754299
22719570 37746906
2329704 -23092082
-6093405 -22421223
-8052112 -22002495
-9708377 -21480679
-16908684 31846523
27118468 -11074596
5763101 45137060
-12667457 42876345
30900692 28323939
-29712166 -3013210
-16769932 40695486
-23175878 9911830
-22696458 -13433991
-11760882 43204145
-11813136 43185251
-18554170 -17103912
-12424982 -20414084
19801932 39988217
27560996 33132763
-14667869 41896684
-19444508 39016793
18540197 -18340049
-20881110 -15326453
-16416995 -18446352
17833565 41006555
16413549 41684198
-8898791 43861195
-9895575 -21417556
-24986710 33421506
-22188240 -13963798
26363369 -11736414
-6572880 -1824240
-23147592 -12963692
-13124260 -20121252
10648715 44330122
3353920 45501123
10244832 44400505
24211031 36401896
-31298276 4031525
-30293482 24887013
32328771 -1483224
-15203766 -19078150
8404179 -22396022
16634446 -19390166
-27288490 -8440550
32970327 23494881
24325119 17413440
1575955 -23124006
32990523 -656202
34065742 14596537
7321181 -22606608
-14020630 42258158
-24852023 -11107512
-12402969 42971982
-17884496 40050540
-19126400 39243157
23794628 36781915
23229085 37298050
9839062 44470414
-5556991 44521453
29084012 31204801
-21450537 -14732836
18935933 40445377
12925901 43348539
-27480975 30340663
-13938704 33925678
12405865 43596704
30272678 -6179434
4866976 45272476
4997328 -22893880
9436747 -22140689
-13953385 -19729293
9100519 44597647
31076653 27984377
9255133 41723119
5119535 -22883988
-7349500 -22166795
-13582847 -19922251
568142 45620831
-25892190 -9968941
-16287629 40971092
608564 -23164986
-30018169 29642927
-8393127 -21919075
5752353 -22832775
29318181 40554518
27914514 -10151295
-5457176 44541178
-29761618 26138016
26766273 34255851
-26534063 -9266347
-11709679 43222658
26391918 34411547
-31823285 7447888
-1233730 45375628
-9956307 -21397075
15543239 42099522
5448878 45184543
31406308 -3918494
33956702 1624144
-12076362 -20560073
-1641007 -23110193
32129320 25953015
-13099142 42720261
27142347 33634191
-26172105 31964628
22580179 37869484
22512680 37928837
33789638 19951283
32031782 26141237
10652573 -21783261
3168428 -23041899
-14239584 42137833
11256497 -21602946
-10792444 -21097731
-9758414 -21463805
-18690403 39553415
4842675 45276150
34368274 8729251
-13490334 -19967952
15992654 41885054
29725531 -7270680
24587645 -13292775
34345932 9162550
18812471 40510552
-14443067 -19474288
-22627887 -13505475
7345188 -22602012
14008774 32546526
-6378292 44359185
10555808 44346932
-29894011 -2565343
-25392053 -10516392
32228036 -2279620
5520367 -22851548
-27560450 30242058
22587546 37863002
-16992122 40568516
-113482 -23193798
21377407 38927157
-29266266 27303143
23679108 36887343
6070380 45090621
14177349 -20506911
25041678 35643821
-22638448 36013772
-9613009 -21512839
-12454228 37689517
-9510666 43740301
32545028 24795322
10444533 -21845376
28940793 31418354
-24839415 -11121315
13490304 43079200
-3330914 -22912667
-1350505 45352555
-12007137 43115105
-19640187 38877545
-14384164 42057574
16739449 -19336798
20653259 -16624692
30388342 -5948754
15560829 42091128
-32192579 9850973
-28843024 -5153816
19217794 -17789983
19221757 40294491
31848049 26495792
2035150 45678120
-12467584 -20396243
12891886 -21052566
-16677393 -18310751
31815323 -3102741
28090491 -9887497
-8325546 43974454
15983109 -19721200
9894243 -22009679
17242269 41288725
26462885 -11649189
31489885 27186950
17829356 -18782863
9473697 -22130421
-12292328 43011985
33686661 21304536
25113884 35577924
-28567984 29044028
30104728 29648111
29941094 29905902
22795913 -14863163
25844655 -12191046
-25493245 -10405631
16358915 41710270
-9863668 -9317412
14589716 -20331373
-18714260 -16992215
-24069976 34433499
-25981051 -9871677
29747991 30210117
31822240 -3088950
-18235133 -17326506
10059842 44432378
18986998 -17977338
9482151 -22128072
6414572 45038610
-6415620 44351809
29884147 29995616
2921632 45566446
2361503 45651092
22741853 -14910545
-15512887 41413805
-2252526 45174336
-1173053 -23137288
-16357144 -18477521
6679415 44998591
-11258988 -20902358
27284706 -10928894
-31110523 2809767
-6939141 -22262751
23377678 37162440
-17078892 40518930
9553624 -22108211
15164189 -20086821
20852655 -16462823
-3593860 -22877546
8834058 -22308156
-32104821 9279909
17021993 41393842
-27843239 29891190
31961631 26276609
6839577 -22698815
17407687 41209786
-17130610 40489377
8131692 44764557
23285816 -14433783
29806212 -7109765
17588656 41123429
-22221662 36473866
-5392844 -22549119
18313878 40773758
-11325475 -20874518
-6239802 27876550
33551522 21717753
-23097361 -13016056
-20573478 38158426
-25871645 32337418
-5406125 44551260
18215193 -18586769
21379225 -16035359
4644247 3518727
3787492 45435604
17610582 -18894052
14369955 -20424920
22608991 -15026997
-5681520 -22496415
31785424 26616642
105365 -23186297
7293183 44905837
10247931 44399972
-23069293 35538158
-14111272 13787602
-25910558 32289140
31025471 28083149
24259367 36357779
25642462 -8880180
8127731 44765241
-23871091 -12181242
5740154 -22833758
18696145 -18213449
-26244798 31874435
30968805 5263884
-22996661 35618339
17007228 41400892
13819672 -20659171
-3717426 44884911
-30047833 25464807
-28318804 -6444915
26838493 33998126
4886854 -22902824
-5132652 44605295
28932331 31430975
21468569 38846994
-6777769 -22296282
8414332 44715862
-2950835 45036370
-10775173 -14756559
10617188 -21793827
-24742270 33691349
14986031 27128703
-26782840 -8994035
-27343878 30510765
12424474 -21238455
-22045733 -14112355
-26548021 31498216
