50 50 500
9401701 -3609043
2012208 -1102882
-1811540 -26010495
-5041437 -3110073
10286335 -4329717
12578870 -20602424
10667571 -4684127
12022858 -6227670
6703376 -2076756
-3916528 -2467881
-8883942 -6948248
4710266 -26206538
8123463 -24867007
5052685 -26121576
-4028108 -2524942
-1941055 -1669813
3195268 -1176118
14270067 -11224453
-2213028 -1757328
8526846 -24626802
-4877850 -24633947
14135899 -10648338
9929370 -4022908
11001362 -5019672
7111123 -25386205
-7611382 -22355593
-4433737 -2744318
11411980 -5469162
1377891 -26531933
-200448 -1262708
-3526543 -2279130
-691370 -1351554
-5485095 -24233423
12398254 -6760120
8714961 -3133251
7638058 -25130248
13177905 -19542761
-4465533 -24878659
8402181 -24703200
10887109 -22738995
-471702 -18446899
10325741 -12547801
-3040134 -10434999
-4630458 -18611421
9349474 -9186220
7033341 -8203596
-10387155 -16868889
-8600710 -14010265
-8932245 -20064387
-1546952 -3644264
-7540828 27686387
-5865096 28153172
-16631375 18404230
9795362 21142743
-7452581 27716459
-16819048 17770754
-8367611 27373183
-1043869 28368431
175781 28165249
7987347 23653366
-11788158 25370906
200737 28159967
8390839 4750149
-7183938 27804140
-11003975 25946363
6736505 3044789
1083997 27943073
-5220126 -342894
7945012 4233315
-12860649 24438610
-5695172 -254937
-14469300 22612905
10332632 20103060
-8715425 709876
1808451 27720352
-7850860 358020
-7999885 27519609
-14411477 22690298
-15160560 6340185
-6201678 -142946
8790851 5259290
7302483 3566958
-4590672 28368188
-11701680 25438413
628443 28062270
-2214620 28464608
-2197964 -530215
3861825 26849003
-9205754 939115
-16374310 19136667
-11578585 17517462
5646568 6632508
-8851715 5368396
3803821 26190252
-7336746 16171674
1867253 8336522
-7859938 13183604
5332046 14521578
5255186 11822087
-15125420 15889282
-19930883 -29376637
8930074 -54610940
-16234491 -10565057
25511739 -10730183
26830371 -12129487
22339685 -7851631
-6121862 -9127041
30565716 -32981607
-14023931 -8355149
11001842 -1445196
9917785 -54470653
-2637932 -2272834
29877118 -37718008
18404336 -51205256
22729361 -48062881
14816653 -2541574
-13385641 -47954026
-13731828 -8063377
9662200 -1101272
-3860941 -2762204
27429082 -42541513
-1734448 -54217870
12525885 -53831009
-4129810 -53514506
26349454 -11565140
-10447516 -50229902
1560278 -811625
24704078 -46099505
17081569 -51921145
26590933 -43797152
-14895579 -9225815
-7096297 -4056787
-5518567 -52925184
27110513 -12477331
-12668129 -48509813
-14699000 -46803553
-15054175 -9384232
19307665 -50707450
-3754891 -2719772
19930284 -50282344
-11836701 -6209071
-15016002 -9346100
-8188205 -51787005
27069260 -12426106
13707695 -53409925
-18715708 -41227771
-458912 -54429405
15608626 -52696296
23007621 -47820990
6162686 -693595
-6663290 -52437328
-17998671 -14345011
13903293 -2237039
18700237 -51045048
5978167 -682158
20576222 -49788779
-12725223 -7057906
24406993 -9726699
-6146368 -3676687
16839391 -52052214
-8253077 -4519656
11942672 -1686737
10481363 -54375571
21347234 -6951467
26283003 -11492402
-5187145 -3292866
-14227706 -8558693
13867117 -2226052
8812707 -906786
21581341 -7163803
28163064 -41214335
-20236785 -38032793
15220789 -2706044
27655954 -42139700
-11832882 -49156794
23554821 -8953770
20519482 -6200685
13961635 -53319204
11867643 -54023369
26287717 -44180091
28525133 -15262573
-7022410 -4027224
10775239 -1387022
246860 -54544791
-16642205 -10987891
-16451585 -44824677
7409721 -770890
-4205330 -53482459
-15360247 -46219574
-4443580 -53381358
31006908 -29621327
35468 -1210852
27598877 -42241158
18675111 -4601223
-1707730 -54222320
-1035741 -54334267
-18143800 -42219815
20946648 -6588129
27637810 -13277069
7311908 -764827
16871851 -3521497
14419087 -53155780
9881141 -1157481
28331074 -40907751
17806241 -51528950
-17612973 -29963911
30744624 -31618977
-2225379 -54121787
9872175 -54478348
-2133387 -2070947
1277695 -54713321
234587 -1146780
718366 -54621878
725904 -54623111
11547758 -54108027
-19023066 -40635378
272071 -54548914
-7081879 -4051017
24483268 -9795881
-11778504 -6155383
27765372 -13562506
7545504 -54746141
-3753391 -2719171
29324125 -39095644
-8425102 -4588492
-5302471 -53016886
-15290565 -46281111
5338644 -642524
-12272433 -6611080
14055151 -2283169
1903698 -54815665
-13846838 -8178255
24607268 -9908352
16105170 -3118831
6733044 -54825475
708443 -1024605
-9433343 -51015482
13232201 -53579796
-8468484 -4605848
-3176199 -53867283
14312688 -2361401
-4233143 -2911136
-19828251 -38930078
-20628694 -36094933
26549928 -43848940
23539604 -8939970
2218909 -716504
-1454739 -54264468
3025482 -658239
10806053 -2026883
11697589 -54068372
-18925398 -20461061
-11915867 -49092514
-17592501 -12102796
7860464 -54715385
-3994305 -53572008
3524038 -622229
-1742123 -1914389
9128466 -54591568
-19083131 -40519149
-17189243 -43800357
7072685 -750001
-18799088 -19627464
-20716449 -36979278
-2265419 -2123777
11909177 -54012373
-10095483 -50502586
27181465 -42979537
453808 -54578622
13633716 -53436352
9895934 -54474342
-7644401 -4276102
11760665 -1640010
116692 -54523510
18542898 -51130266
3117079 -54957484
28959481 -39761042
-18306073 -16373749
-18076956 -42335766
-14388290 -8719098
-20292470 -37910486
20092582 -5813484
-13098807 -48176205
2238066 -54870331
-15602122 -9931562
-8450295 -4598570
14381199 -2382214
20626893 -6298111
-8008862 -21576335
-19005396 -20989019
3618728 -615390
-18739490 -19234139
13368342 -50398296
-2418903 -54077581
-14657200 -8987705
14866537 -52994631
-2542700 -54045886
-3144302 -53877087
-3495919 -53768990
27691763 -42074359
-8224092 -4508062
-830561 -1551074
-13706924 -8038500
8888269 -920779
-9019456 -51298413
-20173102 -38172665
1909368 -748445
17618655 -28816257
6795725 -732830
5327001 -641802
21645357 -48933655
28686257 -40259620
8188826 -819179
10671574 -1360405
17749483 -3982432
20845154 -49573679
27681544 -13374928
16876664 -25894737
-15885720 -10214840
-12956896 -48286131
28129473 -14377231
27561562 -42307164
22759181 -8232116
4445091 -54961946
-16507461 -10848150
-3566017 -53747441
4559295 -54957309
4996433 -54939570
18874223 -50950690
18181048 -4252732
26406605 -44029945
-17831847 -13244036
-2054254 -2039283
17273691 -3409347
19234149 -50750657
-11845543 -49146985
-9039308 -4834259
9191285 -54585432
-20665684 -36451065
18781102 -4684352
9075944 -54596695
-16302647 -45031492
-2944975 -53938371
852682 -987871
26629564 -43748364
-16493137 -10833293
11301522 -54173193
25047261 -45712622
4707100 -603429
26024319 -44512745
21346370 -49172793
25137457 -45610939
-16865303 -44250186
12668284 -1873022
26788018 -43548248
15849980 -52579055
-7410399 -52118714
4684329 -602020
13089351 -53630828
25811366 -44781691
1730842 -54787405
-16827853 -54672584
30679952 -26175190
27951238 -41600872
8421775 -834404
-6470156 -3806245
-17302766 -11734015
-13592919 -47780391
2138259 -722326
-13380048 -7711993
20130687 -50136445
2471707 -698242
29115203 -39476884
4438276 -586788
23151675 -47695770
-8826402 -51425745
-14951448 -46580603
-11010012 -5702448
-477573 -1410850
-8297422 -4537402
-536320 -54416750
27831006 -41820268
14211474 -2330654
-1226178 -54302544
15279889 -8102906
24989664 -45777552
-17953006 -6753633
2162078 -720608
22335906 -23091850
-1577174 -1848388
24368102 -46478264
18597136 -4541006
11626425 -1605545
2901982 -54939812
-2257781 -54114385
-10558689 -5467008
12075068 -53968472
-2092617 -2054635
-10169810 -50445011
8820391 -54621648
22007496 -7550333
2477493 -54904942
20117825 -50145808
9746576 -5297491
19222806 -33243538
-3967253 -53583486
-11690785 -29697964
15839086 -2983123
-3179206 -53866357
-17346697 -11789934
17285032 -51811030
-14928713 -9258912
-10800637 -49956376
-5081332 -53110726
-795255 -1537048
18346789 -4367559
14909620 -2579406
758338 -54628411
5494095 -42928213
11285169 -1517936
-15477158 -46116323
15835352 -2981380
-12462882 -48668794
-8898388 -51378265
-17347853 -43580113
-17425059 -11889672
-6559027 -52481792
29423652 -17534686
26327993 -11541647
-16630419 -44576348
1919689 -746577
19071851 -53034757
22443785 -7946052
18378353 -4389430
-14117154 -47317413
-15738724 -10068011
3008526 -659466
25430857 -45262244
-20587401 -35697378
23251729 -47608795
31080255 -28934141
20425277 -6115245
6808595 -54818096
838025 -54641440
21225387 -6840950
-17570389 -43214472
-6919310 -3985969
10604899 -1343289
16792143 -3479636
17232131 -51839660
-13173517 -48118334
-8954428 -4800293
-6260933 -52608919
19016072 -4868649
5815869 -672101
-9439910 -4994553
22011451 -48640841
8255976 -54676765
-3686040 -2692221
-13146800 -48139032
4328394 -54966679
17911498 -4067524
25987535 -11184553
9187510 -54585800
-19401049 -39868364
16596350 -52183751
20344497 -6041975
13381285 -2078473
-1211155 -54305046
-2767522 -53987062
397422 -54569408
-12947360 -7279791
10315623 -1269023
6538776 -716904
8057442 -54696152
-19676724 -39262887
-12948156 -7280585
-1417406 -54270687
28656563 -15556670
-10881914 -5633171
25778570 -44823110
9730679 -54502220
-5217993 -3305212
-1497210 -54257391
28952755 -39773313
-16418579 -10755970
-11735286 -6129190
-3730303 -53684035
-17851397 -42727029
4489324 -54960150
15070560 -52920508
20963080 -28043419
-4491905 -3014676
12344558 -53890487
4415015 -585348
16067988 -3099304
-8511211 -4622946
5042814 -624212
-17295853 -11725219
8395282 -831978
16257310 -52367240
8923214 -928429
18539817 -51131934
19143249 -4969008
8647835 -876260
-4537160 -53341647
10664791 -1358667
-10702383 -5537910
-8950608 -4798763
9747296 -1123118
6430867 -54854980
29445627 -38873929
26097579 -44420224
-3612620 -53733111
17139716 -3662181
-6876739 -27301629
-18426185 -41729983
10204473 -54422286
18073719 -4178372
17118993 -51900894
-6400567 -41473359
4790523 -608593
-603143 -1460731
29279024 -39177945
15482492 -52757564
7456315 -54754849
-12462120 -48669386
27703880 -13424910
-15965663 -10294692
13825969 -2213551
-17314213 -11748588
-1937866 -1992712
6842100 -735705
-16924489 -44167996
-2586173 -54034511
-1532128 -54251573
9873843 -1155607
-16910261 -44187754
-16832708 -8186564
1949214 -54823106
-11594644 -49341332
9452558 -13980390
-1813101 -54204769
12045465 -1713128
80472 -1196371
-14353441 -8684287
9247504 -54579945
1410451 -54735024
-4418947 -53391810
-3302488 -41660592
15604198 -52698444
-10044514 -5236477
-18626828 -18490611
-4463277 -3003221
15882234 -52563389
26908032 -1980784
28245319 -14636454
3256598 -641546
-8269970 -4933276
-495150 -54423479
-2512335 -2222580
13473728 -8009587
11019794 -54247753
29138818 -16635777
11837859 -1659828
20320518 -6020224
-183769 -54474386
-20653320 -36332026
-10705117 -50030363
7916215 -802284
-4533462 -19962708
22006519 -48644785
4347954 -581194
20990693 -6628083
-12495903 -48643216
-10448307 -50229289
15265907 -52844137
24028461 -9383365
23004836 -8454929
21302963 -49207511
8061455 -54695759
-9892047 -50660171
4826669 -54946461
-12047989 -6404009
-13226738 -7558855
11717105 -54063209
14254762 -53214486
22198651 -7723712
-16954850 -11327511
20069901 -50180701
6072109 -54890013
12849947 -53716355
29655962 -38383830
2871046 -54937274
24545862 -9852654
-19018235 -21073753
7187445 -757114
19764740 -50402865
-12930236 -7262687
-15246973 -46319614
