1000
4521226
2223948
7231594
7520140
3225379
7492919
2587026
3350717
2953990
8516720
7050006
7588462
7574195
9186105
121129
5847264
7917160
639871
7000374
6233218
95746
2086529
9339375
7023982
500614
4265418
8599179
3667194
1153095
622127
8428662
5156806
2386011
9322503
4731842
7880301
8613779
6387430
9306683
9625220
651607
9760908
3456004
7145432
1091091
1970797
2712968
9863234
7286324
6149450
3672116
2779017
4212465
8347767
8800666
3939498
4745725
8144572
7679563
5607412
6001421
1628175
1533828
1078022
6999956
6768757
2479291
9783917
6565819
5996505
247500
6032222
5939233
2174853
1402584
5072283
209395
1453685
1644827
7198626
936330
8503402
7893822
97785
2213688
3314450
219486
9064443
5589092
3319957
7075575
5189828
5744593
4418554
5685871
7345716
1518717
4675054
3857009
4840099
483258
3368168
8765650
7655775
4353244
6822150
7515014
2199472
8863818
2204255
6417839
1045746
8617545
9825747
6695587
9478086
3157214
8186020
50127
5417505
7807754
8892668
563765
1264310
7374950
8657173
4611905
4101171
4028605
1955648
8007344
2023038
864792
6412611
8743281
1138187
2989439
7526135
8295229
7242630
4441485
2154415
3419705
1241672
5424480
7816978
2394131
9384530
433384
1766189
9124913
887897
9162060
7304820
5709745
5429019
3640134
8873209
3669515
6073429
8296793
1025873
8158842
9966830
7850001
5074064
5910525
5938678
9091800
7662658
3042687
601530
7068414
1679066
7048071
2820721
9941794
3133014
3442289
1972928
2883898
2770817
3208198
5783172
1650586
7267974
1016808
8220548
5541902
5894273
4412861
3929275
6241126
8579089
983278
1597715
3717113
6332520
5988730
3062947
3448038
1427573
9043768
6780464
4796532
5775818
6030814
6012177
895303
8112527
5936932
2065371
9205833
7973100
8106685
8724596
8378738
6414469
395219
311954
9783046
6175907
2855192
6524205
501286
69155
7943732
5517220
3381915
9569634
3007650
1353086
182844
3579902
3831070
369002
6026604
4492395
3517174
7521989
8120493
4171271
2417970
376724
5445200
4014874
7764185
6259721
2686650
860360
9473835
4735772
341704
7025254
4127867
880455
6491463
1538551
7854769
8211551
1540413
4538167
411880
4320755
8182652
1931205
6270602
136448
1778943
7640119
5740365
7537419
6985643
6280269
9155825
3535726
5858614
6362819
5911953
6673621
8069628
7062379
3980263
5833405
1459507
4525292
3156675
5909285
4484954
5863103
6293013
4029823
193482
8428404
6939520
9676517
885896
4826033
6014364
9999173
2480059
4044751
4231544
939305
7916241
7905955
3465803
1456033
6288205
1798909
1275866
5147800
5061007
3718905
2541040
7787606
53494
6564562
2471413
4960799
8504814
8074611
5699450
4650335
6955912
1272863
2783635
1834920
147119
7790957
3923574
48066
5723187
6219240
7861265
1479311
2746700
2986457
9346048
2549676
6057745
7095066
9718192
8939727
3520544
9956850
794860
1690743
5694739
2497177
4988664
9399344
1802606
1017895
7668256
7452809
3842573
1653366
2214348
4192014
4846822
6335376
2446308
4197146
4834940
9036016
2716311
5726319
8297940
1051209
6216494
4511732
4048573
9914602
3812759
9140526
1647951
7716162
7651701
4087189
5220054
991854
3794685
6448740
2686309
3951723
8742205
5407674
8858847
1188720
5847273
2874826
6677081
7784725
5675510
7877725
4619517
7403966
7578700
2007496
2629880
8314856
4066768
6269308
941385
5557978
210398
9094666
1297287
6232678
1608634
883892
612669
8826754
4655136
7179257
7463496
4415669
6369444
413852
4596537
3332698
179976
1227446
6174048
3688433
6808393
4291521
6902656
3823624
6174310
3692811
2234101
8902337
6303817
1192760
245539
7509515
5495346
6720702
952951
3909087
5132297
8936145
4978402
6777683
220680
2552933
6191820
7004605
6572545
6021623
7677639
2168460
2827426
3488793
275265
673969
5563646
7123231
745648
8527900
8259688
2277479
5614021
9020890
7346469
9154513
4351238
9080315
4652147
4363806
147438
5270068
4299098
8332907
7774838
2247740
1138245
6084335
2462338
4261854
7448907
7307098
1523896
697604
671021
2256045
2448694
21323
2924176
5700914
1576819
7900863
8838626
1160871
573359
207047
4891196
7326351
6807233
3394546
4592074
8119230
8606803
1066099
7004551
6512431
2343209
4589139
7121282
4466344
4406688
1540884
1439909
2496339
4330690
3664334
6480999
4724131
1528749
6839950
7035357
4269179
18719
4282958
4561335
5518896
9665547
7476208
9754591
1000897
5874294
2984194
2338855
1294365
2985135
2624096
5230083
8468346
1568882
8957062
8915831
6918337
3333060
9264931
9975349
4565968
2301057
2368062
7387043
5638885
5640491
712386
3099909
506995
7679451
3561278
2971112
9081802
1420719
3936747
7785829
77274
6757801
8823838
9889424
1423361
3306354
6364551
2425559
1634370
6910075
6325603
2140599
9924923
2986222
4136724
5183519
8306591
4618334
1104001
9921405
1412928
986154
3524419
2284782
9050541
319960
168838
6305547
3362006
6385039
513694
8011030
1703589
8403601
9880125
6472136
1068184
9760960
5874764
2830281
9879846
29197
8347833
6163923
491254
4264091
9748983
8235331
4595616
4932282
1770379
349038
2768914
1564401
6394418
9195115
1924741
9320861
5025853
6379357
6817404
4461955
3956522
6461845
311129
2884595
6022994
3134183
3444755
9545109
1658553
164363
6490102
4857464
2485153
5833873
3033075
210615
5421674
469699
3860360
6701544
2762633
9554891
4171071
9388165
8779486
4432226
5723037
2147260
1165739
6913249
8963849
2236026
8807165
7541409
392834
7506921
3767689
1481273
4091408
6500015
4378869
4295086
8888244
3895937
5547293
5155723
3502167
7284498
9843767
4811871
7716785
7003783
4246605
1238921
4955966
637917
7409063
8633995
3996728
4555693
2434852
4890455
8330062
7780535
6015636
5421214
8779221
1041792
9136947
842226
6144410
5602672
6447563
1323529
3967373
5648
1094006
632771
4940786
6892073
9799106
7705635
7165109
768458
8871238
1505482
5673469
8127112
8019035
7917068
8436330
8429869
9353708
4194195
5910513
7467687
9655639
9196285
8206650
3128111
336542
7224175
9926234
6866455
7406673
2541376
504698
8251525
5600749
4085297
5273548
250438
9613604
4736280
2871635
8990154
7041145
7002676
630167
8847931
9626257
2493707
6247735
8270603
3810158
1947496
7226480
7404430
8405122
1272323
2731579
5575444
1267958
9295915
2580237
6816662
6605888
8640382
8707021
9863230
399889
4720207
6201016
1737399
5338146
5158034
9942297
4853334
3913277
3250827
6424684
8868870
6767220
9160230
5160078
89789
4889291
1036834
2177245
4488829
5947264
6940881
9126567
8318271
2124627
8726612
3622109
3484451
6072484
3129172
4336572
3904097
5887967
6097173
9205233
4948776
3114275
6864410
4636059
8192704
7849313
1317459
5814959
4063158
4586055
5496506
5450130
6634683
3780592
8456542
5233469
9060946
4706511
4713620
7794037
6496823
9716056
7852129
8235556
547306
3570773
467603
3114565
5959447
729724
3850639
4214500
3416251
8265129
3073001
9355279
2572268
1458323
3684878
1233441
6981534
8363413
8838364
2618239
789800
3188823
7069772
9843403
1541691
2111362
9135125
9912470
2867315
4012363
2382672
53777
5370960
5884090
7632536
7981415
9180156
9407504
7200920
8087885
3643551
1475223
1182096
2571658
9197165
2195775
8690159
7492269
787064
1672966
771800
4598511
1113531
3370004
1924752
8256870
5940083
2513594
9501210
9168738
7457406
5621627
8705979
7014862
733436
1628682
6031437
9506574
130659
9977238
4886879
9722124
5459854
9096497
3710757
6864734
8011850
6961198
2376403
6737527
2909769
7035826
744608
6259594
1214347
5872783
1557920
552644
6513293
8353527
5710600
8681746
606595
3950177
9866068
7044294
5665828
4895277
7820901
2846701
3760231
1509363
4142527
2274087
970658
2028026
7692276
171823
2233959
3311585
4152301
3993561
8434689
8547781
5216757
813167
6189189
3023864
6902514
937305
2562408
7582950
5947097
7135963
4683451
5607030
4715946
8665825
3568896
1414706
7554979
729785
7608037
3217260
8349431
5931934
8596849
8781008
6759614
6614789
8208451
9118856
7284713
6128586
9827826
6385041
7268696
6836298
6765268
9071397
6723476
3174966
1730989
6863028
3112315
783362
8565477
1513857
1601702
5938860
8533112
4947739
6899301
8055296
5316214
6689570
7711325
2842363
1096962
8042839
807813
6808276
7464318
1264526
6511704
3104497
