2000 3579467
2606079 4713947
26491 1236715
1398035 4882762
2752292 1415511
3579795 4738738
1046439 1816664
3496733 3311417
3694798 4874658
587597 4938068
3599966 469758
3999729 2964758
2137669 873552
3961446 1811145
4892000 961469
2520009 2379201
3518795 2321883
1449579 1487169
4108075 2558310
1646609 1263963
1873772 4767711
1336804 3561391
2805345 2071193
4773087 1645914
4369343 1724093
4101027 524442
1403140 2599296
305531 588278
4047446 4897931
4446041 854800
1470761 1814576
3968317 1885507
4357268 1566490
1645076 4224422
2741014 477888
4648529 1135112
4806462 4586982
913105 1392528
4617480 309902
1747953 2023602
1301675 1713565
3614877 3719523
1555809 2977533
4296026 1416052
3213759 4252616
3414483 404658
315886 4670085
2715870 1165657
1587100 2235768
1553099 4980507
4682384 653127
2689055 1434988
3692309 468868
531912 3407128
842385 3636657
3927959 3148236
2115333 4457067
1021324 3096459
1901542 300356
1116675 2454404
1956189 1407052
2378269 1860313
4601978 4484364
4803127 2779381
4601123 3558793
3744592 2561746
3943604 665117
242417 1253148
3390168 1978307
3730977 1941877
3256023 2246351
855179 4817838
4699536 3736259
3853094 2487447
912369 2894500
69520 2483972
4775688 2392711
138752 4463040
3868835 4360524
2915337 4871568
2920934 2733358
889175 4843407
4574809 3069860
3768271 1359500
2822084 2591620
2571657 1024204
234329 1853867
4196188 3313188
964617 1307812
873457 2648205
1257315 3211182
4438833 2800141
1178254 3586055
1644358 3736929
3083118 1876653
830390 2364314
907128 1524912
723444 2123115
3082509 4078391
2799567 287969
3752043 4836472
4337996 3769087
1913022 2038851
2735704 1492919
4788682 2079378
804895 4342681
3988803 2750419
3356067 1791159
4981656 1419336
1782692 3218164
2011917 994634
1764298 4611583
4450657 251699
178610 3872122
2574467 3172961
2376864 4567334
4436858 4699208
1901583 4095867
1913742 4467513
4848124 151061
4895312 565598
2232665 325667
2443341 2769838
2800422 765055
4143003 1882949
3791795 587800
3892390 2347496
4286682 3083055
1382412 1133603
4444699 3681994
3310528 96330
1094298 1103964
2522994 786875
1154043 4436601
2906530 4707786
3950719 4376799
219050 1876625
4116727 2677319
2776536 451497
4660269 1960003
3271525 4596132
2214632 1197236
4693641 2400594
4038709 3191138
2482660 4619604
4426913 3027549
2634439 4947843
1544312 4342043
466160 2376844
957461 1601520
1478164 2625074
2969678 1058321
2363214 2939830
4166007 1434065
4141339 2549923
3135232 60373
3796789 3280015
2318905 3803067
4427506 4154643
472908 2629490
3622989 2789139
3175195 2237792
1822778 2462844
4755181 2640918
702629 4927122
4653767 4993855
3874762 2294668
2445042 4373201
1587598 4963265
1161256 3680148
4622119 4202264
1752252 124919
2818709 3565397
2209051 3108303
4811227 213714
4971027 2351347
4392627 2559978
3146074 2144777
4085397 2592930
2557037 4359076
2754000 1069779
4464988 4600304
425881 4393482
2618798 4756590
1366179 2458672
1735588 4747548
1588264 1608584
1545767 1605249
2798144 211065
4658074 2357257
292686 198418
3388334 1178616
1418555 732413
4039620 861727
4846851 2061950
1999153 1831299
2774502 4990525
244765 2442251
2046598 885644
3795970 1399414
3679905 2681427
1121613 3766425
3822390 270797
4342909 1724066
4877450 3811498
1859232 4073075
1864378 3395265
4506943 2447122
4140105 4283364
4011229 3016847
4154202 645919
2436421 1624587
1920812 4994923
550228 1877285
628737 3148513
4153507 3287711
3314055 3833242
2142207 4502006
250442 4548266
1320394 1087944
4154221 4982386
1827337 2076266
217410 4380566
1928987 4582003
1498019 1870560
83061 1951891
1619498 1265754
462597 3410072
2498069 3588299
4168734 4320643
130748 2221435
2452056 3882754
2394567 1560278
96583 705434
4735692 4546794
315324 990051
2523615 3741499
1211964 1661413
4081557 2626540
2631963 2577455
3302757 3550465
154929 4172879
193771 1073804
1356907 1950666
3084812 4051202
3215555 758844
3389672 3077435
3553451 1569719
273614 3695671
1386179 1024381
4339492 4734912
3933836 3083518
3034853 405622
2512192 4147017
2392246 1275697
2179555 4568130
38676 1571387
247712 3574512
2619058 1553243
1689781 2443590
2214982 4820162
2147728 3636408
4101751 3730142
830920 2378001
2051638 1914904
2065345 2333775
2480090 3051993
913679 1772779
1182863 1849972
2775767 1434916
642071 336252
2388957 4157340
4753587 3886191
420427 4025737
1806357 4488629
1507081 4434671
1338019 3462618
1666879 3917953
1128693 4079717
291284 4850560
3022567 2899487
2443186 2850663
3552018 431399
2552774 1695502
1360136 2924637
3771934 4594118
4550224 1687800
592890 509919
3160855 3798579
4707500 486872
1963473 3670051
2517106 4254092
2917216 796677
1177433 4506332
3598789 4321741
2319668 4040786
750233 2106761
1616551 821204
4227523 4227500
3253116 250635
3854920 568908
153578 4535844
1085894 1574959
1265182 521371
2961564 2882267
1255057 2596041
4684425 1322392
2332141 3200541
2876045 1873559
1006532 2849205
4248312 1595309
2272299 382158
196265 36231
1279850 2384437
1855989 3698975
2526429 2943952
2633639 973721
515361 3633563
1814358 4627048
4470800 4054177
994058 265431
3918445 910249
3820370 4955603
3332810 2231616
1160513 4734601
3660413 3331017
1859687 3684629
385019 4283570
475272 2971160
1780728 887683
2827341 732264
2924778 2147810
3718073 2918692
289042 4551901
3788137 1038572
3717752 3234579
1532644 1735823
2804971 3991687
757095 2595584
1766648 3657300
4996617 1075175
1194116 19500
431654 4457048
2429382 1840069
206846 4970309
2459797 2100285
484676 3169845
3853829 2572948
3344818 2774538
4411811 1047245
4110795 2052382
2907924 968988
4793308 134083
1601079 973832
2595817 3582344
1486659 446985
272176 1557871
1854088 3849203
2384078 4050687
4888696 2393262
2810232 2480735
111228 2918583
929234 915921
3133217 2446579
2564972 4798609
1586278 656715
135980 1758815
2978080 4552358
171303 2271486
2338357 2153575
3701749 3517026
3109578 2606330
4664413 4812275
1453152 1684914
3452942 2417092
3274596 2135118
143428 2105784
297124 2811784
732955 180804
678135 3156576
2400704 109124
3459245 2763790
4786632 784894
377977 4891244
3851320 1962019
3612383 1780766
2360394 1400234
2889155 846027
2365228 705250
1077480 3230083
4265328 3780966
2829665 1044043
1119582 938285
3576331 1227746
725721 1521854
4396183 3577981
1013185 3549831
3753403 3831312
2696130 695358
1831203 4197785
4940212 4024252
2931840 612234
3140880 979543
3342492 4911668
2162810 3080349
362417 4648734
4275024 2338705
146944 3839784
2894055 4443394
1931271 2686891
4185273 452606
1177922 3547508
885264 1798264
4316478 1495771
2125179 1169001
3667951 2200307
1157139 341873
167304 2959958
821680 2714466
2096921 513006
3181831 4219777
3193578 1232216
2341176 120331
3518338 4054385
4827904 955910
1006695 3433845
3056969 3621746
1061506 3681555
2207789 2889979
1434117 602002
812691 2866555
2938605 272356
4865431 3478742
496315 3457772
830079 2511405
3109763 3378312
3088583 4360053
3555273 4484064
3799136 3335966
848352 4137781
2422995 150128
2917872 4813502
3924719 1129633
1942554 1168973
861166 2042255
2466457 1845050
4260503 2810302
4831747 4000232
729844 4826129
2229462 4247301
1918646 1965706
183625 2718862
2400113 955666
653476 721330
4608897 4689243
4962329 147604
1648303 2682256
64984 4531521
2582333 4690236
1844460 2085973
3089903 4715527
3963062 1542176
3983668 2982209
4917348 291505
495685 2678830
3850380 2730517
3828199 3398715
2108905 2978381
762564 4185445
2281631 2767583
115516 4172566
4503422 765053
4743658 4751088
4268133 4491002
2923579 631163
4137174 4275035
3980404 1069148
4470817 4531552
3408873 4323700
2128913 2628706
3356334 600161
2521960 1026926
1028305 3044615
3132601 3277233
4875244 3925111
2425309 385605
848371 4447870
1571580 2994284
1068185 2436528
3536803 2050207
1306253 3329513
857046 4469116
1689857 3111000
1414116 538317
820109 2190036
4752286 633131
90916 2345621
2276378 2313780
272826 1613422
2033232 726252
377826 2557898
194957 2464852
2318747 4782507
3837530 4606790
3328982 3086076
484658 4256720
2175532 206327
285585 478967
2783282 4250909
2579277 4388699
1351550 3214324
1671459 894013
2613619 2995437
4102577 3651280
2034033 66902
322256 4112186
4766431 4282467
752261 2908380
2076270 11582
1508052 2920900
2941399 490868
3276221 2200948
3005060 3026193
4383046 4739547
3796402 3964437
2667581 4223837
3077352 1852947
608836 1563951
690250 1997504
1473720 2315600
1415798 2364848
875300 4141660
1693783 1735870
4746199 3769287
1992569 2922377
1352714 4549261
2274248 4278569
926286 352428
433511 4042392
3656596 3638445
469288 3063684
814015 1417780
538108 4802824
464538 3176992
4141891 4187923
203787 3038418
400366 4714853
594110 4301047
1492834 673053
157380 817569
3653356 2579485
3336412 2090839
1747853 4701637
3506389 2121565
4252857 3288647
4893431 3859863
261920 4841647
4519409 260140
2825976 4426332
100568 1848408
1827609 2190271
2404298 1902883
2648011 2104535
333369 1407655
2299135 4880199
2272341 286474
2352292 3932287
2568753 1720621
4313524 4972805
3936113 4695335
4687886 2368985
4154672 1501688
3703876 325046
3881282 4257819
3593660 1865203
3413463 3283617
1414876 457294
747493 4826493
4950366 2278920
4402905 2515402
3720264 4056242
519225 300954
2115173 3425669
4016558 2502437
4361811 4996679
2139308 351003
1562449 3095968
915825 764613
2019832 4709750
4737345 1731698
1513975 1599762
1457502 3869551
1203804 531626
1219939 392839
2598642 1605744
66198 4010530
2802241 4779154
1965505 790085
2035291 4055207
4367047 1508842
70354 1410366
3031345 4256811
3592226 4705111
4985228 2018540
4949107 735595
2260417 400208
2127892 4001569
3256493 4321964
289274 4273678
4379617 1757499
3264802 4954193
178565 1523019
4335303 1599157
3670778 3529930
3881129 352637
1338053 2339132
146533 3625907
3840532 2137392
3644846 1415272
2067544 1604210
2345362 2696755
2190719 4200801
2233280 4623416
3664754 1628194
1650315 4611360
1052417 1737165
2144409 3228043
1795959 4493589
105655 1239640
3741599 1662452
4231064 480209
2595797 4162773
454972 2919384
2416665 4550541
2725429 831660
2478992 4520118
2965026 1054122
3789944 2334634
4320913 2693662
2870479 797952
3195305 822505
2199407 456995
3883190 1425463
3788046 3120858
1952312 4245866
1401956 3569931
3786057 3325557
3636645 3421876
4680908 3771131
1977464 4832121
1548729 2503928
3482380 4731502
4622643 649720
1961093 3263980
155973 1086242
379150 3703265
3048526 4360833
3932377 324450
3878 2500880
3010900 308950
669900 3272010
4292506 2174012
278853 1633677
450450 553076
453431 3668275
3719285 1913354
1716185 933318
2296185 3696393
170435 2759675
624703 4684587
626183 1894012
1398213 2570009
4974746 3940011
1834276 914241
2843568 299587
2955114 4341151
3938581 2021911
995582 461033
688077 635082
805385 83857
3468030 1306631
2627546 600460
278485 1714991
3720103 4678614
3048117 3670536
1560723 567131
3233650 2093463
3208833 3346790
4200919 1033417
4083986 3970021
1427225 2632869
3979119 3298755
4641497 3229464
328985 940199
226775 863800
2451461 2730166
3415753 4954736
37799 1290271
3330638 1628278
443614 3706423
3133599 2906086
1816844 3193694
2844962 905545
4522140 1679335
4800556 1048629
1018360 142744
3713972 1794086
4357033 3554389
4433896 1891850
2093269 3491453
4061547 3833460
3332854 1581723
2260696 3813827
2934637 2687710
4079406 4713462
3850072 467605
3120905 3564794
1523809 2084311
4650246 1234674
2232038 3197377
2995653 1312145
4895933 2345700
1832542 3611037
3784476 105212
2901917 3970783
3172380 894974
1383635 275940
1750197 3938056
2802069 2125328
3841677 962017
4890111 725558
1074304 2784307
3293871 2432998
652060 2848431
550859 643492
1204343 3033889
4563763 253106
2347138 2850386
791179 4055971
1055172 1820606
4208550 2470723
2007977 4843599
3152598 1770422
4492776 4443365
4207567 835575
4179863 1242635
3154999 3231130
4954702 2603004
650911 1018587
829410 1311720
4334015 2660874
2176631 4478798
2325264 4412490
3260776 3146479
2754991 3909282
450886 2246659
275479 3687403
3601549 4951681
1661748 4880335
709392 524765
556267 2415115
3634533 4259203
624336 401874
884610 3041663
4997258 1703252
711796 996214
1975279 3673426
4827430 2415548
4919854 1372415
572200 53588
1838406 3891304
4796784 4899294
3256572 4350960
989423 129809
264016 1603730
1070566 4431219
3671100 4506384
489210 4969850
332083 1915163
4716438 3495884
1218150 1850483
4037199 2010990
2232580 1436648
1515264 1796795
4154163 295969
1155278 520868
884189 4531193
1384174 3442691
2283436 4953596
1496985 1566986
2523172 3349887
1342842 3936080
3225259 1020604
148519 3606641
1121872 4212560
971646 404982
4136099 520923
531916 3804226
4830384 1215402
1984579 114492
235931 922090
1907368 2508128
4545736 3310749
3054421 4420964
3370328 2986050
366381 2355560
4771884 4045582
3050405 376586
2573362 3212949
3517636 3361848
1332813 1247676
2506142 715177
2752136 3229019
3222814 4577768
1458818 3278430
2070335 1628215
3910817 1644674
1689653 2085982
2576678 2319706
4272917 2154090
348787 4476202
1822815 2847725
3426040 557478
1956446 2373805
3934200 4901832
4278239 4747955
673134 3731825
4331980 1786928
4549706 3455730
3292142 98838
4849410 680985
3255625 4114322
2911728 3910706
3231631 145474
1605649 2500646
2711884 4816468
2408103 3334917
972264 4943684
1498789 2329427
4280143 869116
2995218 206965
3663018 4845608
2030604 4807966
3398644 349884
1593749 3060822
3943717 2877951
1852688 1233724
4357833 2146323
1444441 1338668
4156606 3646337
4047676 2182484
1032134 3842585
2634273 331726
259820 3508391
4585413 3130298
1784914 1364896
1176467 4827480
2407874 2614637
3424018 2070903
791279 2972972
1296344 864261
2457888 2849090
69962 1278844
3061493 1937113
4926597 4272258
795977 4549623
2524337 1655632
3737201 386978
4771282 3003079
4326115 496620
3889430 4270477
4800931 275266
1879101 2842925
2178596 2222253
2237614 1180176
4941197 1213416
996632 3909961
1342437 1609967
3683871 2216679
3127886 444852
3994211 1474919
3482526 2040114
329123 3724277
181877 1759169
3691904 151322
3412940 4538878
3423535 4809266
1691711 4484933
2863042 1964836
2515536 4187958
3976245 4238057
3813138 3926657
462820 554877
1196794 3957623
4961594 344403
4903216 2728535
3080648 1570352
2186855 3174675
4490262 4166667
879331 1867454
3457974 3661617
665856 4966512
2788598 2014740
2618242 4632419
92042 705703
2935919 2892453
3070325 4392547
3552731 4851991
4646551 1852310
4630845 2270522
3914087 3183497
4410094 3747460
3992633 4695520
2186135 11856
3744514 3363990
235320 1623024
3246737 2169783
398671 732057
3936819 148453
1177647 3643283
3915719 2216801
392095 1034026
1588217 254055
1219869 1643182
370542 494675
4169149 258116
2464529 2455810
68677 2537316
1587373 380112
4353445 4219760
3959270 4132012
4335336 1848265
2584074 3667799
223098 3613728
4203769 2092109
3804801 4087874
2972682 2438771
1741327 2409910
4925010 805861
1686468 3465043
4172220 1376358
4009957 1094718
2972372 4327812
1566919 595525
474831 2523642
548611 3739599
57019 1838288
3060501 2385879
3204873 3156124
368540 4206473
2369804 4544860
2313407 1566614
4340190 4603965
850331 3528034
2974700 1232186
3181045 3514097
4920431 3687419
2435738 3970884
4395931 2617474
1579433 3942223
2813615 3301384
361711 233048
1079232 745169
10769 790072
3679033 4156047
2693390 3109567
2329685 2915783
3055201 4684201
4161904 261866
4024713 3625978
2584897 1280116
952509 1556345
3779773 2145769
1773274 2899172
1888780 4817312
1446877 4165976
3555884 2584261
750053 561546
1488989 3263216
2406069 3745192
2386869 1829147
3536616 778775
3267853 3637084
4379405 880325
2796381 2846844
1374652 4152325
4664904 333280
2912509 4813527
3228549 2940889
115242 314460
4460236 2138174
964243 3813881
4689115 3544066
67360 1653684
480135 1407769
3040611 1829483
1847579 4879950
1200818 2346371
2295606 1425564
3610465 3391393
4194385 3551544
3458115 443581
3931271 210541
3988973 4386641
4754177 2314156
4956635 4290481
4178393 3431045
1256446 2962386
850721 3097420
1381368 2478870
1735507 2089672
1579852 1694166
3240372 4337084
4242681 1909770
4335364 1439494
2316196 417437
3671795 4483081
1117312 1816384
4830453 3605297
3091775 1155008
2020410 272220
2839880 4193614
4342160 4248366
258466 4736380
2454089 4991407
4007884 4583230
2807919 987655
3383243 659501
1677982 3100365
594559 1124725
1316031 1910979
4090427 224585
3864814 1643611
695289 3832510
594615 1140104
1124595 46566
4269261 4837575
3746240 566329
3625236 4944546
3300513 599703
4464265 2923923
4344903 4526290
3323085 3386250
3624983 4914020
1784642 1907259
2368841 2084185
3695355 1006622
818657 878717
46936 2563839
4639933 2057183
719641 825707
4627144 4267361
2271130 453599
11806 4111153
23289 1631978
2010348 594462
2271000 1147379
2083908 2978037
2744655 4460221
3611212 1434157
2548692 3677151
2151205 43681
49157 4587787
695051 3929854
1690177 1853617
2862760 3592564
1254876 2477986
612953 3713725
452902 1739493
1294328 2759704
2760584 496855
2998264 4201988
3707432 4709674
3605223 4456178
4827590 4958334
3692474 2867955
4132216 327887
623880 2736758
2086187 106668
768629 713365
4962787 2471142
1117978 4704770
529575 99180
3689849 2948002
1559257 1027957
4677178 2819019
4047499 1376525
1771404 2112471
3295455 759454
1022329 1194483
4721603 3057370
4978041 3913665
3710556 2032330
3115158 3319044
1621586 2374103
996575 3278460
1931032 218608
2743763 2933766
4843625 2832200
2894656 1247445
2934890 983
2378549 1858941
3481672 3961346
907676 2789037
951971 368522
1331904 3056469
735276 365497
2780472 442182
2867210 3575370
3482307 4092414
4804984 3944658
4936405 888027
2648182 826556
2642852 2769489
2500503 4145692
1130184 132188
3781803 1263979
3394995 2632864
239163 3639158
106122 4133831
3372658 1818738
1820964 1613733
3200001 1869487
1926039 3241279
3147434 2225743
3208134 62962
4477868 4923165
3508557 2871430
3415908 1431745
2866352 3184953
2829675 838045
3212878 200781
913420 2070045
3097140 4080142
1946324 2522796
754921 4455134
1229671 3529929
1855755 2971325
3752305 277338
1703205 1006869
1222297 3533332
1477933 3843669
3098606 3741303
1878112 4618770
4846399 2083675
3711161 4977119
2075780 26662
1222778 479055
2423288 2105245
1770284 3820764
4941938 597057
2307033 2981974
4737491 2933209
2482573 4004295
3462453 1138145
3955938 1008654
4688181 1763574
2703516 959936
3593888 4682990
4631180 961969
2863531 3648848
43064 4892993
1881709 760136
1302061 1485168
2677491 2993161
2871267 147845
1026412 3136519
934726 3028309
3704715 701653
2790457 4671577
669480 2487480
77599 1734238
4867119 4796193
3836033 2255732
4864601 1437611
3364893 2227828
4234719 4696716
2140973 366448
3503728 1305016
3904308 2982068
4929072 4481306
1046785 2340342
4567558 1858671
3516272 3361112
1490706 3983068
3416163 571196
4500216 2614844
4240380 4794697
4912605 1728327
2599178 4743049
4630616 2169408
3363013 2166403
4730579 4413057
3660468 2065547
2421465 2991451
1468610 1181997
3762300 508848
1222337 30413
4603825 3597239
4997158 1566407
2303984 3713531
3489977 4536715
397169 3501475
3529489 2712309
3133965 3279093
1304697 2549641
518092 3889967
4357615 2183640
3857870 1460046
4550571 556584
542711 1250000
4510597 1479513
4642473 3199497
1751405 943956
73718 3039758
4897846 4270881
110914 2832841
3317098 1228130
2507231 1231078
992488 2580808
3471738 2780087
1736310 662358
4604937 651000
3543722 773917
1552026 175007
4523490 4537218
4936092 1291924
1914187 3649672
1869486 2124111
700524 2121554
1021981 2828170
995367 2671205
482126 120339
1171395 2063775
3846450 1059841
3147956 3187728
520511 3134600
1232037 553691
3928627 4046566
2037425 2394624
1626055 1545918
3433296 1989792
1781471 430297
2741947 2005719
3145704 4911978
1312325 3136072
3217486 2693883
1066672 1207083
4931969 4727895
2533728 3099644
4483925 1339852
1019339 1606041
1989779 1052946
4950725 343299
1752575 4728779
3993148 2785401
2572951 2480918
2385331 1895426
219001 2823547
555006 2700409
1336977 4751979
2594692 386527
2483993 3389513
2572878 2292563
1409939 3565013
2403641 3243319
2601023 2683866
4178143 763906
3320372 3568338
3761996 3186442
236809 3183258
3529864 2740524
3380902 3909580
3924761 4092803
4945386 915125
1166345 1400826
312178 451418
1922140 1885985
2244680 671471
4788550 4738867
2435063 76215
2998270 1052320
4925598 1047342
2762496 4900607
2344461 3131103
1566860 3902222
732811 1371195
1006328 4183599
860866 351677
2789355 2967174
193437 2109868
4456190 4192742
4616787 6730
128921 3218090
3318143 4311847
4168977 2840144
3248474 4378198
876576 3274426
1704761 2677839
4744587 4282037
2283308 3908277
2521295 2581503
999503 4161057
1852262 3778787
651856 1822289
2609722 3581312
654347 2153915
4902940 1974582
775181 2186152
2521021 3213363
2687688 266362
2185375 2971569
449603 706501
1415326 3111088
975209 4034888
1285681 1604774
1654953 205062
1473662 821516
1538051 4937093
4404120 2303886
4120334 817645
2854700 2686655
4968988 2661360
3505823 3332592
3667578 4396685
672140 3538179
2680137 2578350
603422 1359576
2304604 1798806
2770628 2466229
4234022 1683480
2863539 2699426
2287851 3367778
4982990 4496242
22248 4678392
3866230 2348754
4606211 4714074
3809458 2335974
2171039 4905107
3587007 2103245
2974996 720247
2871858 4144362
4282173 2153958
3176709 1744922
1037387 3708565
1437915 2741188
3311662 317135
807238 507050
2178997 235146
348208 2745626
418605 1609695
522743 242413
4629210 4012722
3627852 2501282
4811512 4814301
3910222 2547099
4429197 3559270
1524553 3774286
805127 2915407
4444902 63149
3260918 4157651
859931 3983012
1231904 4028170
4324167 406416
381870 3617851
3781330 2094424
3421692 54933
604364 2235968
2105478 266925
676581 1102078
4152167 711765
2979819 1634074
3771307 3041920
82157 2989699
1319932 3109355
1260855 4660839
4653413 4326477
55387 2196186
4582526 4823368
1977758 4062445
924345 3440975
3274191 3091982
4297191 1028674
1942676 1560581
4637359 2599344
366379 2321946
4821386 3712730
646736 4642373
2150818 1157861
299527 3289649
1824689 1602443
4113459 1713487
4266052 3613045
661455 4496761
3395360 4004397
4985111 1023256
1728126 4492903
462633 2794156
1918459 2333508
679655 2934105
3725411 4645302
690810 620701
4567506 4077152
4684827 179141
2659549 3395968
160597 3724021
619084 4896333
1176955 3503252
2366216 3088921
987607 1302097
2960343 1094630
3896966 364553
2195840 879370
3088651 3052873
1168551 4965233
2590078 1844671
2982418 3361466
3219863 2315376
2368730 1731120
4585327 219954
1245352 2170016
1268703 2271985
2181872 2043883
1102663 3839052
1484677 2349266
3424026 2397015
896147 3082466
4948478 536936
59698 4245752
1019445 974729
2626374 3101755
2873535 3727222
624156 4001869
1763982 1118606
2808386 3905069
162273 1145541
3970320 1259738
3979865 2392363
668949 731843
3826485 12031
2824183 2588337
1049073 3413247
4348906 55221
1496191 740829
3649446 4583616
615153 3749103
660870 3772444
1844832 4954188
1086640 4732147
1400702 3554608
2551153 4641887
4197495 2074749
486691 3265038
4394601 3334510
1071837 1716481
3188689 4199883
2514264 2764132
2519970 3314029
527938 3105399
4390175 2570182
3323846 962622
577624 741924
4862132 41016
4975078 2534591
4062031 2737159
4207982 2550279
4648170 201287
3738171 2614457
172148 2656043
2539848 4730520
4178824 3271252
4949644 3043931
1308991 339189
4561261 4568170
4671276 1694451
1856969 4017412
2949861 2147102
643071 1859828
2489139 2823322
2056855 69855
1060428 2088976
85567 1262336
3872415 658784
4774821 3507629
4983667 1279992
3371262 1225612
4599382 4602205
4339233 3643901
4526568 1109975
2634426 3025184
3158940 1171685
4556294 1279457
4717507 3719843
1009360 911534
4165054 2685762
3234070 1115648
926648 4697440
393119 4090170
1425588 2455999
4282632 4045818
1970411 762704
2758269 2277485
3750249 3510192
1907585 940368
2198159 1917936
1207258 4194050
1341266 1905747
500959 1679037
3120369 4174054
4627229 1260556
4238255 1576324
560060 293943
3671374 294144
3597047 4806969
3695954 2982694
3892420 4264330
3666426 1354753
680967 3517699
901858 4801400
4509948 311569
1672777 1849018
4302201 4169965
1703860 3968331
4129372 3949523
1283070 3072542
3698311 655647
1454195 2961180
62201 1664518
2475405 4570275
2838057 371364
158053 4272089
4863149 3376802
4809224 3786718
4321117 1166488
1851350 4387223
2154340 657638
3549630 601806
4358653 1560084
2558690 110381
4922510 659838
3425819 568721
3163092 3685581
3169727 2322460
3177884 1415358
4235611 2183938
3019456 2643576
3221858 1433164
814019 3436761
1548027 3132247
555966 957563
4591368 2042585
3326410 1042238
1988812 670700
3534521 828311
750860 4271129
858983 3842310
1624071 2727998
1368255 2370979
3773807 2066863
4403511 2655122
2320802 3190568
520035 2403236
2032427 1607670
3442569 2796905
3594858 3703033
3416269 2566493
452700 2611446
3822870 1658336
1069909 329042
3591998 603670
4580924 1296522
1009684 4357679
4840345 616397
1224089 1530166
132275 2411768
1953994 3194831
1412020 4386156
3352272 2138471
4025144 4932251
370059 447240
2028992 593772
1462893 3493222
1693919 1052288
4624752 4752728
3161713 914139
475134 2423383
4312956 302194
4718198 1913413
4502610 3662748
4041428 662084
2053708 1942372
773910 1671355
827030 3985239
1822083 3535310
964122 2865236
4099595 3080949
4001526 3471336
267417 1641903
4247333 492101
4937920 898775
2975051 2176765
454278 2339204
679294 2171177
3139918 2384376
1373263 908414
3453481 2422853
1488000 761726
2618656 2811485
2998529 53364
4439816 2222211
1150656 4723246
3213095 3183412
1310922 3662505
3559806 4417884
620778 3320945
1099538 515599
2724273 1831402
1887134 3664378
422629 187851
2468586 4930875
4401015 4690641
2589516 3415594
2519401 4124914
1076682 551130
4329190 2446466
856313 1065707
3172541 3724012
704799 597858
2822205 900801
2714868 4822222
4883568 1017558
4099607 947568
4506192 2634086
3814072 1296096
453058 241876
1504193 2240134
4321415 633597
3386566 798228
91313 1040546
4940769 1827917
4275506 2042835
519593 2988074
162104 3847659
3623925 2154313
1242405 1533810
2247106 4278621
3899461 4486749
4909921 4427360
3463166 289292
492773 4989157
390556 1046296
4413263 1725419
2584854 672406
1054840 2368758
384805 1838171
1140528 1816040
4850423 3269952
145189 4624675
1654533 2931243
1018820 966409
805666 4278102
505374 3703818
1181130 4023322
3552517 3276715
2038217 3256836
4476843 3452246
864630 3750
2233916 1273435
3924019 3599233
3172326 1116596
2887872 3641381
1315660 3973662
1988367 4116274
932747 646623
575426 4555270
2129067 2789027
2081534 1520385
2821244 2321317
4149895 4625472
4631446 3624964
146432 966509
4913199 718451
1999899 1987810
2418586 223264
1042477 409742
412953 3319575
319493 1882111
744961 307924
4960529 391059
3858952 501364
2584406 3762036
675633 3948074
801651 2134863
56065 3491444
3458427 3610253
2133155 1327610
1542455 4552188
1322003 534017
4351587 3749734
4221442 4811055
2842188 2534561
4933243 4605402
4832433 1309313
4047999 207535
4685851 3891653
876182 376934
229865 2041174
932589 3509271
1237806 3041796
164721 4356945
494316 3203981
715348 3785999
105206 4540197
3468410 3449547
717416 3452231
467315 1835375
1651654 4871512
4475120 48017
1671998 3360198
3679052 1292291
1875367 2331132
4470689 1263911
3663619 138271
1233663 3736893
3087988 4269244
1605745 1732607
4554113 1972434
4954921 4839770
2173340 3983425
2723586 4934148
4375372 37716
4015923 564826
2846161 1812270
2503366 1203478
991212 152210
4635189 393997
3282116 2700081
258557 4188705
651707 211392
4861295 2261946
1899689 1956762
281207 2744821
1302271 365483
965241 4131569
71800 657598
3138675 3240517
148844 4147829
3138741 3234558
2614420 2824022
4271364 1503552
1793345 605413
4371580 3451229
4314412 1331020
2884314 2452674
1301270 2977076
4707672 4225700
1748205 198311
178485 2628515
1986331 4186288
457822 3132300
4179093 3798424
1199825 2191631
1163284 1353244
2823826 4069637
3425544 2718385
1291853 3339379
1765552 1886430
320862 2058650
2451498 3331050
1124805 3339058
1517963 3342654
4044778 362378
77139 232106
3835538 3563323
2465200 2526318
1879953 4521901
3372272 2590760
192501 2033760
4903623 3081943
3357516 974945
2498629 1940688
180055 4128248
4957443 4280913
2795173 2871610
4569691 2143402
1426505 2507929
106897 3219911
3800579 2702334
788539 2463169
2453757 303705
3792719 4683869
1503744 1409690
1670937 1136769
2646417 1725677
4821849 2035748
1927662 1839896
4544780 1793648
2400978 2096877
4864142 2073596
3176088 3666063
1429458 3458732
4843489 4959749
4031089 2863398
1651619 139411
2751931 4319996
1366198 1669780
4989150 814284
2946306 2771161
2067873 2935291
4291658 4072975
2778944 2515541
1982250 2346411
4051764 607200
444245 2945462
3112097 2652296
4619709 1620282
3955631 1605161
810218 3027987
3948105 2260212
1412272 913511
4851793 1769498
170097 3354443
1131090 3924607
185917 3552348
2659778 3201927
2377536 3581139
3151023 606044
2029562 217960
4686195 1522639
2779086 444636
4608767 3756644
3630421 340475
3839998 3803719
758614 3011550
4891669 1446152
288225 2377292
4220030 1023881
2539148 2287153
3576514 3320561
1417239 3613277
2179168 750855
2629260 4902589
1481860 3964267
611969 2457937
885711 4310993
1701255 4089363
2792670 4269078
4709129 4355888
470917 4044766
2258781 1561001
475331 849353
3998343 75667
2116333 2325846
2941853 4386412
1379330 981783
1465252 1887500
1059931 1567017
4556701 1019571
1116311 4925156
1711093 2733585
3382384 2543144
1659879 2025209
3502180 692067
945522 1767548
2823957 4126821
2462019 1162462
1567879 3861923
4159427 66774
4706695 2521837
1545687 238590
4054069 3254213
360739 1774210
3089147 1490157
4857037 729083
1606244 4544332
4874034 4107919
3456373 4370975
4243761 107776
4222352 5537
1466447 1500157
3750714 4653746
2799650 3490617
3566928 1711480
2420983 2518210
1771588 4685681
2951262 141964
231568 3327306
1642687 3484676
3197263 2286644
4424684 3386622
3364675 3136392
4961904 3737662
3281339 1952884
2372429 2938322
2264341 3527876
1504084 4775026
3059041 985426
3889774 571363
704953 4156147
1878712 2320335
1189723 2247004
136350 3404915
3815803 219456
4095310 1583356
3622649 4321428
2859531 1399873
3988460 55964
3045124 4870453
4655085 3917070
992957 3203767
3225751 3330005
3494069 1210624
1003390 3268898
4247522 3058702
1585486 2481537
3614789 1020663
371021 452783
847685 2803277
442840 1284504
74569 3472839
2535781 3497761
4459813 2692624
4716127 954817
2987489 1175785
58906 1973164
1286487 862150
4924422 2954011
2947563 1866894
703776 3190542
2587675 1954629
2929732 2089509
1686534 1955816
3680095 3043637
1062210 1642883
4069715 1881023
1466835 1813160
2857763 4324561
4400641 2060744
828445 3896344
123230 493465
1268756 4223411
3910127 3162388
319966 4245123
616275 3340714
3943820 3166229
88284 4194599
3423776 3995719
1843098 1543883
2322372 3867748
2648025 1957645
1001155 4926898
20000 2424778
1278676 2957418
2126935 1887958
2931612 3090726
1844644 788383
3011511 1221540
2604121 3567062
1695974 3436896
4763760 2978346
3549064 669654
4273454 2951038
2629507 3513665
752252 3443704
32716 1187912
1595772 221249
3971184 2508377
2781643 1603224
4711881 462418
3165318 1548696
4207697 4781706
3649980 83921
4544802 3957090
4377084 3971613
4650035 3239018
4153573 1158194
1721059 2284912
4163661 1700444
922474 2605000
2143794 801771
800181 3795875
3132172 1326107
617046 3825632
3530003 2502406
2350381 2887620
1335671 61561
4258436 1390412
1604936 3889752
1330809 1482570
232749 4870173
1619702 2267549
2152064 1298929
1859176 1598396
3307484 4433001
3033351 704009
2297105 3526812
4750636 1602824
2357060 4868517
108166 258928
1607868 642279
4642930 2482328
