2000 1949188
4794337 3963097
4772133 4336502
544885 2629229
137828 3877682
50252 882997
2726784 512700
1856247 4354913
678004 1925994
4493531 4085527
2352131 18247
1586685 2214864
241670 2965286
730589 4849718
3658442 2664844
4260510 3211375
1949551 1386041
1728915 100183
454378 4189461
3175387 745912
4079427 4714440
3731732 2981560
635984 3368909
1259351 4901265
3236158 4200097
3821219 3919223
1299061 4902501
2643432 496127
4351268 2181312
3410318 991326
465052 786478
564418 4398604
4901997 4126258
2595391 4324475
4895261 4075296
4665557 101262
2620244 3867856
3380427 1027267
4569637 4632668
1376196 2889255
4413307 3649817
4069523 3350804
3649561 591732
665225 318451
4459861 2179628
2161219 4172656
1176365 562098
1467019 2762239
2284252 2720196
1085817 4174843
4873296 1207174
4498161 457970
4198992 1943284
3054771 1273425
3000817 3723783
4269974 4347687
4637157 478740
1213638 4796331
1246043 2035287
874559 513151
473636 4934655
1101709 4509342
4211082 3444990
1555874 4237297
1885594 4093210
2890688 755014
216607 2237868
717475 663688
4804470 4664595
1504971 4063669
3504680 701000
4525743 2921543
3624065 1415972
4679344 361425
777091 3080533
1331347 3944803
3953353 4234260
1722102 4861059
4884671 4272255
4379378 3846603
1791178 436955
1574855 2778132
3517412 4802715
923442 1255687
3772274 3987642
3802092 3481046
3034753 1410832
4533307 2737849
612032 2569990
4080445 968946
2337924 2225188
4435605 1066870
1419201 3328857
1289600 4548519
2840209 1327397
4778351 4882108
4004935 10143
4039802 4235368
4000179 2107841
1088967 1980927
3101059 2442153
4428377 1470206
2623781 1191781
1001765 1682436
4187831 1016955
569266 4940272
1275739 1892215
3937634 2640293
3822832 364426
153119 3232931
4918586 4066781
449099 3510183
4083267 1534943
4642083 3811399
1630062 4411969
3160250 4713098
4359827 1199734
1531193 858453
284321 37621
2327490 731750
2469069 1638280
4110704 2454847
1219725 114072
4307315 4771242
4676232 3950263
3384508 1636932
791504 4822645
4962263 3496965
3891586 2469614
3279494 1091427
3278577 4112330
18883 3381914
964710 2847640
4119879 4919950
2001897 4133473
4149440 2382574
4474649 4964164
4668717 1189960
3657096 980166
4660153 2911180
3074091 2213753
4944962 346791
1808797 1581587
3937512 3591640
1175941 4711464
1422109 533036
3551631 258314
3883636 1372565
3635751 4998450
4547341 568284
2466911 17929
2335181 2386266
4153826 3434265
1154465 4023409
2816751 1785367
130890 859216
872885 1904277
2318912 1821505
1463700 1752072
2221646 3256733
2149779 939809
105644 3696475
134861 4249415
1691264 3406927
3579399 4234465
823905 3607897
2963373 3782185
4423375 1623237
3429784 3628096
3341312 3644685
716788 4027759
1523144 3321634
726684 4737661
3104489 3892418
4285282 1822023
574013 2105736
4084977 251690
1349327 1234551
3403556 3570356
286643 2077007
481542 4434928
2656741 2149824
591271 2543130
555582 2199953
37904 3609238
334251 1918016
115741 777141
1347716 1394775
2314264 4694679
4600038 2162208
941113 3917796
3194839 4288076
3656546 371262
405860 4694223
72689 3568355
2581649 3722770
3915060 4254408
4233193 1894333
4107350 3069513
4797351 2420296
3026814 4005760
3693506 3013680
4675246 572018
561115 4436828
3301652 3704320
1344511 4412672
112661 3514402
319622 2065994
4142984 3007583
2744344 2606865
4717937 2244486
2219257 3862190
4426375 372536
2023613 2929395
885297 1652329
4080948 1621966
2089062 1296239
2009559 2434751
864 705014
3851274 4517196
3540205 3831454
3693323 2082532
1827705 1186378
2822401 4792040
2241750 4542629
640667 4425134
1356307 928922
1664247 3270429
2145671 2011644
2071935 1725727
2771778 720769
2683668 4734012
104045 263124
3610085 1623669
383761 4428753
1920639 3995991
1063757 4856390
1955289 624384
4345253 895551
4049484 2683407
2706797 3958046
2331156 3417235
4557187 1210319
4274099 3891441
1353455 2126359
3482660 1321794
3669832 531297
2460901 656337
2134456 3848761
3929683 4291260
803856 155065
4833376 305325
837647 697767
3563457 1658484
3657233 291292
3969683 2607568
3487259 648977
1787582 2809128
4636741 1534151
414370 691127
4773998 1933868
4135571 4378059
4906581 4681381
4361430 3334135
2196045 3883316
2527812 3197724
2889014 4392809
1566764 1014340
4123583 2995631
1631226 3816128
4111042 3043845
1601587 2549667
491486 4306460
1461912 4432388
67973 1957499
3219711 2333879
4600962 4295032
1322294 4860254
3895736 3698709
301312 1856545
2456968 523293
1946687 2561958
3025966 2058270
194715 2708723
4344108 127293
505449 4569300
2839509 1231950
3504783 3966732
3621157 869515
4295800 31648
4389335 1566846
2856102 1262924
923811 4115192
2318939 4307084
414869 1412885
200869 3270679
3141109 3835112
976031 2882709
2768306 685920
4619361 60512
331384 764137
1965811 346328
3180256 2465328
4000271 1653638
2912201 889282
909847 1713111
3511220 992848
4409683 68194
3854935 3620790
2106080 736708
1699641 4785865
3696627 3683883
2090741 4467622
3183355 3139845
2103129 4322340
3775338 1828369
4771935 4925962
4050546 3997830
4794830 2735759
4753493 4360222
2649091 493073
1419534 4940921
4000393 4338361
2972864 1511854
3775115 1330918
934146 3356914
484187 2502290
646991 3906059
3334690 1096420
4645984 2108986
1607392 4899423
4354776 3080290
4188392 3605548
1126566 4593907
1103835 4767068
179058 58703
3821544 3512499
3819101 1482987
1495380 3272019
4816713 555807
269470 1870463
4480970 2003913
296884 4693549
584905 562623
2063407 4410964
749937 1230423
604193 3470873
294797 4808996
3046043 2866030
536798 2625341
730880 803458
710300 2647754
2356502 2840379
245242 3856034
14571 2513286
4691263 799049
547582 1864586
3685933 1375534
884778 1339195
2189094 2713103
1400934 73445
2908946 235709
1582138 1931879
3685026 4270476
663491 2440279
2008494 3069230
4995648 3627525
257027 2422584
205696 4421291
3683805 3206628
4921177 3257231
144473 2897510
2261746 715289
4542752 1197664
3961901 4310872
413496 1498988
163986 4011243
418777 2400164
2231089 3286090
4321542 692098
2345906 3205941
664511 2811830
4542832 4426556
17759 4208546
677228 371927
4168537 1101432
1569702 179551
1886608 2433141
888829 1059975
1956804 2125545
4983050 504662
1151659 1918657
943594 4407850
2511473 3915773
3032611 2181827
2349347 1647626
2883850 1990415
2590222 4264879
2228981 4254455
1185913 2760477
798841 2311927
1714353 843460
3183103 3848791
3090938 1193
761685 4524835
585923 64028
4570006 2301641
3723684 757827
991430 722567
3130388 1672289
2516878 964597
3916659 4617413
1306267 3213966
4999309 4694364
3536722 4963927
2411725 767705
2688319 4810924
4999206 457497
312861 1761042
4246726 483032
3043759 4952798
3152420 337734
1189830 943664
4807109 2775201
1546962 1645416
2183223 1375395
4891560 598179
4516009 3666961
1826543 1893622
4592526 4159658
934535 2254249
2140043 163448
1221388 3302215
1326527 1852309
4399159 2344426
2123468 1983590
1539492 4876158
3744208 3434803
502154 2203767
451414 2556602
3040141 3173937
789063 4925958
395942 1637343
2538868 1204647
4623262 3503309
1315648 1886522
309272 3913998
841898 3441957
3425342 2765537
4802581 3977951
1216999 1094126
1586781 500037
4174416 4039662
1973032 2555451
479728 3734399
4386886 3576737
939322 1106202
2687004 4367441
1596189 2252991
1697403 569767
4612890 683249
4581530 319897
1991194 85808
198956 881910
3373697 5000
4960813 3425125
585608 378621
1675719 3912577
2715407 2232717
3739207 918731
4041155 4965548
1913148 590132
1392514 475304
1127473 2559844
137680 3489457
1193242 375504
2875676 1799852
533162 3706068
203869 1210280
1022236 3829854
4941014 2525565
2859228 2366883
4672134 4489602
3151836 1062699
4524640 1719611
1855254 1392276
3428115 1707537
2922571 3551493
3143459 2438216
4006230 1707787
4030752 3803719
2132912 98976
1534507 4741064
4857221 3562494
1388788 4850621
3225241 3177378
4309661 3986709
3299962 2218413
1548559 1226671
3954705 140413
4050044 3347638
3284822 3721200
847125 3201949
997800 4219004
1375165 2583784
1864115 3714823
2801011 1283544
337370 4408718
3566015 871758
3109122 2887325
767684 2642019
2220668 3185665
23993 4817429
4236973 3945872
4469980 1730383
4772859 4776039
2648455 3970900
443198 4492389
1777389 2624577
2776465 3029112
2673568 1946557
569828 355817
3600547 4578257
4982964 2557116
1746360 4800442
57320 927184
1223469 2374992
2495832 4251918
363465 4711402
4839822 4297367
2848262 2282966
2755996 3203927
4289616 2912947
4670371 1879159
1459443 2011216
1030962 3817159
728125 3247862
4734703 1344738
1060105 4821305
2213149 1203910
870325 4397635
3852992 4011912
814636 1098671
4814730 4553347
1367040 2311687
3774919 3351513
3625702 1998253
3025855 3689425
4739080 168054
3183697 366760
3580203 2701971
2465276 2393274
3280237 3669672
4375664 906127
2037294 1658973
1166046 4352987
2934778 4370910
3150182 4982068
2306388 1690726
469614 2281211
2289700 323288
2832432 122179
2399550 140002
247667 2763631
3028640 4708197
2553320 847777
288189 2428608
908563 4942391
1312317 4985836
2069887 4641180
4864890 2218399
2578427 2415715
1712414 1469119
843861 4481221
1345581 70341
4634041 4756606
597659 1317746
4652230 4352028
2312920 2581151
2564838 1430126
4473177 2989083
2029723 3148010
1409396 2056177
4568055 244217
2339793 4662048
346020 590846
4949422 3816722
4794966 1601444
3306132 1969014
2125260 689110
988146 55547
2945284 899930
3007426 2159534
3764018 962083
4916619 3252957
2816424 2045734
1715241 3860521
597137 3346070
3330091 4984793
4470517 4288552
1963325 4059057
4310975 4987229
1032659 328947
3362635 2607045
756729 3803634
490562 3675780
2451086 4138922
4477348 1907314
1882850 1471534
4446298 546019
166611 3221386
577372 3728882
3829299 4315496
4131542 4595912
716191 2289812
1349528 313324
854295 1439371
1388503 467161
4911585 2325663
1018595 3437145
1612514 1536622
4846380 3626575
3960507 4821259
3981851 2567001
3944210 4337647
679998 4941973
1286314 3924550
1371327 3744130
2393302 2826144
3209551 1825716
1436399 2215330
783989 922774
435146 1620601
3415598 4211884
3358927 4056477
4368982 4176721
3941464 2720913
4650072 440810
2427619 2683284
3539201 2330170
4972932 2506449
4034792 1556541
1624336 464830
4076746 3121386
4504428 133319
2371130 2823052
2924376 4813941
1279769 1564447
424043 35703
1482189 3579449
357115 2888188
4142925 2863994
255967 1606487
3660900 1944660
4150537 2209254
2602878 3714517
2160890 65021
1586979 3262099
4220473 27216
3603078 3292420
2345475 1458179
1950934 489877
2683387 3203578
2248327 1220712
178338 89341
2973807 681034
2523582 126890
2029184 1606514
2692821 3354728
2400006 1698017
4308208 2512249
1041436 4471489
2179 784797
1579942 1932386
2419930 1164518
794325 4922226
2536252 2902023
935861 4754086
3029140 3326576
3707965 3689904
2101922 5178
4487070 3327744
721176 2380708
1631618 4729616
1052040 1461581
1083473 2000433
4518781 4331276
4336758 60108
3608777 3149700
2118072 1201250
1513426 951975
4985017 4906986
2831171 1333286
4038198 1588105
4309215 3725964
4290418 1224852
4985928 2510154
4442494 506214
508732 1035070
1653326 4845417
3502089 3644476
906492 2822128
4469572 2276737
559447 3424174
1057849 1430757
4704326 3552954
2157109 173675
4326421 335163
721757 90562
1792110 3505813
3660577 433245
472072 3265195
3354156 360693
2513600 1128
3775884 2112092
4656834 4273280
3591897 3442575
379146 271660
4465392 138021
564723 1205684
4533520 4385838
4542257 754641
1092129 1184192
463133 4707243
311329 2776187
4462743 2083468
1102235 3869102
3519247 1895871
2674893 626208
2345 1261793
1676992 2589511
1650614 3600345
99365 1967577
4416444 2593220
3829712 1141796
3172638 3889349
3528276 3623051
3977507 4365737
1805762 4939197
1300659 1173388
4590115 3761092
3387957 2314532
3827135 1554623
1035864 3677228
3841511 1537556
3908495 3702698
1747368 2757231
252 2856331
3394704 1941573
1521440 2299871
1641353 645872
4556525 2780363
3496352 2787317
4447541 783000
4378440 3058414
3348226 244450
2689423 915796
1710809 4202340
3517519 3631730
1470715 2543598
3862747 2558786
1699506 1523686
2070939 31277
490127 3250191
4229051 1747606
1384353 1044609
508109 1105686
4975359 654202
3939669 2530249
4674537 4898922
1903356 2854998
371807 75709
3150973 1367726
321334 1593586
1451605 2004217
4888058 3228230
3291514 2896688
1674803 4883543
4185883 1199807
4835216 3961437
1704080 1186950
2436005 1877296
148002 4115844
919939 4816843
2053006 2976102
1497520 1972479
2086658 4998865
2469034 4072811
947285 1047444
2454264 948412
3881832 2258602
843415 123066
4124270 4702353
2943811 2508273
2966741 4291428
3086055 4613557
132297 2101931
3431298 4165662
1110730 4522133
1570930 2871312
2652526 4773708
4441349 4186211
720393 4334694
1859749 3970407
2303681 3225967
1202937 340791
1317642 2712646
3910667 1619002
3618317 100880
702791 4366879
4792367 1090285
2291295 4953453
3711396 3293619
534947 3739030
4928112 4216709
1957324 3957630
720508 228943
4377364 4127182
3079737 741021
677521 1030535
3671236 3347722
306532 3405319
1103010 1724970
1246624 444344
1493687 1230392
646652 3976473
3726421 2039762
735039 3840414
300500 1414449
1746094 1468224
1748384 2596842
4557208 96076
3124077 4359121
3229139 3454086
3224233 4036823
3478480 381947
384822 3941925
1959353 2064675
3590562 4211542
588387 2628899
1295686 2500409
4993791 1050748
3968582 3043530
4545037 662314
253706 2963471
620927 2496889
3834952 2697964
1373062 284662
2585719 4226471
2234247 1371840
3358231 3893416
1523380 2355507
3645259 1335141
191960 17161
2791782 925519
486483 4508981
3958188 1128126
2079117 807222
4559671 1118773
1372535 3412717
4775584 735427
384753 1179086
2263956 2498670
3643984 393027
139192 2864209
3746361 3796597
4410682 2500776
416072 3075673
4040529 3789122
4274412 2990365
3949241 269086
3158175 2603396
353799 2706797
3744291 3984008
636611 2303742
3325381 3387746
1792155 1247472
419345 4848453
679440 3351713
2651590 2178999
1681384 2871921
3971867 3582147
3682103 3449815
2557881 3193339
635410 1125301
3278486 1576804
4755496 3138510
2422487 2276660
1601497 968492
182626 58546
3257709 3642931
2673157 884656
350520 4460001
1753806 3172651
756318 4703854
881375 4572484
801252 3016016
2096264 3522895
1040051 85569
4997193 1298508
1510820 1925199
3795777 3743486
4087071 3979482
2458550 2272280
536781 1607713
676658 3614937
3972811 111319
463353 4106473
1411851 2585453
1144086 2067203
2385535 921121
2064228 3842656
926781 1528484
2832912 2953685
141536 1344372
3848088 169640
2762487 2266821
4138213 3025897
1011330 2700468
1572334 1728541
3554164 3766865
10481 2292611
1315209 4790549
930202 2512719
2147038 3880836
3046675 4458065
1292566 4183202
3355566 3966795
1168163 4077262
90754 3257833
1752700 4616576
3321562 3117935
533460 600010
425592 382035
4641516 1190509
1045129 905471
1225657 4836419
4904047 1144531
2154439 1824352
3173661 134998
918829 4863440
3718372 4570364
4446623 1809872
4695558 3931902
3874612 575196
216828 2928315
565981 914167
493873 3849801
1623842 741428
1357427 599662
3425457 2416719
2005585 565944
2054653 2824987
4428340 2666382
4681042 166001
2359194 283922
3026105 3501097
674299 2396535
1080421 1653381
2981756 3523621
3705521 2658918
36296 4822361
4273630 2986182
912080 4166477
1883299 171424
815397 2285642
1342127 2301263
3387095 1133098
1657730 4586110
4011856 3193623
4947497 1341260
1928016 1095774
2378286 4842310
3473719 3668896
2226778 4802925
1370835 3521085
4207881 2523349
3944339 431116
605414 799887
4395994 1530658
548100 2487411
4911150 2983952
386471 3869746
2549267 4874663
1474334 804208
3689618 3378998
1536108 3374214
1312708 2282286
3945725 68573
406076 843136
875402 1353153
2536332 2353007
849404 610632
4018091 162268
4595440 2502111
3858382 1127009
2502996 76656
1335970 2521807
2508667 1595018
2121261 4303842
1987230 98483
3609869 925489
3423315 18604
1175284 677832
3683221 1259662
2747855 4302152
2614513 4859905
4068649 3965885
2149327 14746
1424522 760705
3131764 3002785
3256781 957192
2857668 698354
176408 1580808
1646437 3090859
2567463 4419301
4877786 2235204
1905518 4575044
2110149 1359568
636661 2151982
1600576 1131634
144727 2661419
3978158 3320626
2737428 2216553
3109415 1108732
4566325 547817
2846021 2946778
4802599 3714753
325764 2844532
4501088 2576071
4873436 1674698
1867621 4931032
4172516 604218
1057680 3284851
3192146 857715
859333 1664782
1279308 4877075
1278661 155369
3316325 31131
1547016 329548
1104230 3573589
3899885 2391272
2569490 891824
4715995 2744183
374894 4349673
4808423 1475610
3256029 4674138
3611195 2209093
3362340 923837
4789152 4719591
1646420 1102096
868441 4459514
3163386 3029772
77800 2188433
3476277 3151615
2235609 3575263
737170 3618699
3857343 367580
3049654 3509661
2149023 990420
4955610 3077515
3486511 1283653
3727167 3019950
2809591 973291
953286 1646050
4182940 2257208
1634978 2791437
1242325 1837728
511938 3935446
1531065 2974124
3628466 957423
2023509 2762524
3958579 4143630
4283171 4425647
359362 4242017
2398400 811952
1225661 3468924
4187556 1914308
469564 3289115
1506796 2545465
2463738 1124718
159826 2186568
1917467 1958597
1527463 4917833
3442900 2038042
3949433 2671229
2296994 544890
2117321 2664872
3151173 959338
980503 3912612
1836462 768887
1471439 2103745
508373 2697635
1530146 2958249
4297616 4956093
1896986 3649875
3816365 2552924
941695 605901
3465618 4706368
2613771 2458780
2275210 1926948
4986032 3274092
322112 900768
634870 4555267
3543588 351545
1824266 3272114
1413378 3417051
687468 4721152
646970 4918166
2978976 1573551
534182 4584042
3790268 1854289
568564 1868472
4944723 1442661
3162454 2839604
4624551 2028641
2899703 339341
4329003 3988790
4326740 2704039
4331731 480675
4321882 3008510
1835144 434172
883728 1661179
454242 3246664
2376471 1055752
4896965 4983192
3702078 2747772
3145273 4087781
843907 1565955
476331 3244176
4928634 2661217
2682355 3185699
3471873 2499088
4540110 664370
3397398 3021209
2533757 305194
4223753 2184842
2434629 2476454
4956397 2817136
4079739 3866226
296182 4430770
1958802 4102775
3558999 4182934
248811 1763105
4585179 2662849
653880 2138414
4388001 1797264
4563367 1702834
3924572 25182
3547517 43293
4419139 4040508
344854 1352849
3161161 2856519
1126910 3502914
4012395 1123396
4985617 1762775
1183402 626645
2392326 4086323
4454969 4157082
1738237 284624
1947053 2585244
1073589 734835
1891831 3217903
2444002 3596965
4659007 3229844
1997945 3039831
1857790 2173570
2750271 810454
4804584 406071
3454255 1155260
614509 2033173
2939827 2648396
3329008 712913
3097932 619697
4633300 4334409
4405943 3721402
2662206 4519357
783697 733954
2941008 635230
4321009 4611533
1938606 278525
4079947 2881360
4271986 1233717
3607039 3588289
862897 1847230
3923663 3685840
4554530 3538340
501055 573008
4549089 3008022
1984850 2501433
3953649 4263698
639668 2497851
4259885 4400800
2734858 1831584
1380731 169655
4855850 283119
4383750 1548452
3244556 2985871
1082394 1033436
1550100 2239001
2561831 3023155
308724 3666330
2450414 4751049
3071283 3631420
4589968 37028
4383485 773741
3662539 3995278
3065033 733327
2944396 1539914
4464090 241775
4355953 685129
4530212 1362573
4705849 2029829
3484461 3896047
2796486 3008423
2732347 2857618
1223058 2973061
4846056 3972317
1145297 3525333
1542685 3089052
1136559 4826757
1363514 1177604
1646172 3592806
4949226 3423339
1414082 3715692
4955114 1717343
2044302 84818
1933647 2339147
3895370 2829647
4262596 2310010
2688791 1568182
4768877 4330610
3447695 1353197
4314396 3727043
1532949 4569967
3712912 2352287
4899663 204243
679187 2947119
3443819 1117497
2421057 4203417
1031959 2345327
2604565 4526102
3697303 3555002
4003554 998098
874844 1998070
2285239 2041061
2804310 4980347
1914351 2412109
473227 1738612
685783 782191
4224867 1855752
1746382 3352161
3354971 4521986
580346 2008732
2939419 3838263
2331732 2906411
1240563 971483
2100841 3936022
4227677 1273277
1438070 4408729
2339392 4662687
2857282 575906
569865 267866
2868514 117630
1327819 3542606
1465560 3025947
2821691 4102137
3592389 2794373
250811 4171240
2951497 1856432
4022042 55337
3523592 869074
4862491 4945529
1592259 1202605
4601678 1090742
3055295 1705548
476314 3668267
2714706 2868599
2857837 2058692
3043525 4857169
1505888 3276819
1077012 4021452
1221961 337360
4012914 1199552
1382352 77613
4915647 1938652
341837 3141508
4885861 175175
4264989 260393
1061690 4383288
1637961 4079141
1250593 1318406
1432561 1276465
3506274 1499248
2921406 1445741
1562513 460005
2485792 1538950
4245008 2196429
2909247 1050872
1480160 4446703
2736166 4098564
1610200 1391789
2333073 107732
2117790 4339242
433274 3783599
3639206 3509248
3989012 1250227
3494219 2006531
4986445 3961948
3667202 334529
621475 386269
880143 3257462
1149324 2641845
3654985 2058423
927176 4068715
4091157 1387718
4248642 913655
330855 4346513
1913182 336769
1598578 2742904
3099262 1933327
607584 2982011
1848639 822769
408491 2501940
4641430 1370362
2310496 4266692
1943816 4095306
2057505 2948406
662251 3065665
4109806 3241528
1156731 2040650
3367664 1577703
848979 4575882
2446726 645523
3070592 4581706
1088074 4803396
1523233 380933
3523812 2649815
1973630 3215959
1037484 4989123
2809427 2812656
106359 4774812
2408454 3209597
4889705 3505749
2020329 2995408
2746175 4180936
3622426 1214732
2946211 1028162
1612349 489734
2805583 1862469
4257937 1624686
4485047 3854351
4539659 1434811
526938 3274499
4343172 2004062
3649151 4998495
867132 1839985
736204 1039058
473330 2195323
2076284 2224104
142183 898769
242865 3172762
1683227 618811
4224144 4771712
3840688 1690062
2279100 1810123
526515 4945294
3230437 2551195
4073371 4466983
3626324 4382985
3623676 2290903
442221 4842415
1673177 1900117
1655904 1164172
3727916 3609070
1381475 2934264
686790 4567949
2199996 2004796
2045020 4739390
1247223 1304071
1915716 1209808
4623943 3414265
1999809 1276758
3836136 1018643
2098224 936093
134479 2690927
1544369 750775
528444 2525186
4864120 1613198
787065 3987284
1701308 1483402
4553039 4869628
3712198 307891
2429798 1281837
4144323 626023
29693 1532774
2339676 4153575
3245697 4286216
1853025 4087538
4944019 4024958
1218326 3542225
94560 4200251
1500141 3335468
2422776 691040
625879 1648718
175315 287869
3607078 2618507
3162709 860223
3010165 3398418
2307758 890838
4962328 1246018
204736 2078458
760721 1415332
2365030 1248264
2770846 1422823
4517454 3587345
4487055 4915773
2827246 1404367
129040 72913
4611135 2991020
3714759 2648928
981943 3183237
4125953 4295411
3752802 1722862
2960877 2001470
580338 3523878
3689408 1543328
2949165 1218541
689664 1155368
2529553 403698
1824002 4095267
2518377 3967311
2741364 2094495
371245 2638742
756976 2512350
4884600 1803424
613088 3173649
2200958 4661295
2431272 4070011
559386 444946
620515 3640503
1909959 4352021
3921538 4473109
1441920 1519289
4377549 2429257
799849 948307
2184518 2881383
4579634 3872091
3611284 2438626
3876802 3993802
3304347 3389263
3846208 534601
3365297 3668135
1161794 2134491
1444449 3947527
3561099 2208866
235986 1992809
771167 943822
507490 3320642
2961018 1661000
1407233 2419659
2265065 1205054
4319178 1297216
4581297 1188987
4800387 600125
336975 228129
2153288 3686484
4712626 2679234
96783 1180024
2251691 659125
4749752 1609470
4246914 3381423
4552607 3204947
821710 1671210
2373558 2942737
3724522 213913
4049777 3984404
3870992 873424
4314772 1174551
1722678 3921601
770052 2112249
1212779 2244574
119017 3263706
1014443 3768348
2982385 3563091
665187 3068509
2719736 1265754
1273419 710120
3164548 3653752
893903 367558
649234 1038436
2163909 4248644
3879401 3432575
2850523 520571
4662298 1060282
3314298 2803476
1618553 33418
367937 1735663
184396 4965001
1896042 3021045
648656 4834701
1503577 961209
1807234 2129157
3874147 3355884
577711 3930400
4623732 4202376
2971272 4496033
1205186 3161833
1037403 4496755
2257086 858934
4338499 1703730
1860086 3235721
1359383 2154422
250244 3038515
4502800 1405345
888943 639784
3578464 3995000
2048608 4308749
4009570 4454443
3623924 3559374
1737870 2513299
1489687 4634413
3176566 4838700
2404282 2016159
4513374 3252440
2692482 612510
353903 2637814
4279589 4742251
4997662 433302
1644950 4419706
1752042 3830626
974872 899898
1599479 1159744
1009564 759782
4337050 1761440
1974468 3880158
3719397 4132604
482825 1077222
506277 1781328
453729 2173493
1523553 805619
3069907 290109
3252957 2388914
351438 1153993
1869984 2310908
1573364 1647872
4772827 1023783
2020138 3194970
939172 1035208
4423425 3082753
1803877 3608847
1944679 4538415
1611905 2812547
395706 3111256
4714230 2155139
2934008 560521
2917735 3708688
4643620 3154469
667499 4644670
2787163 2210108
4811523 1409554
536484 34977
1661818 989404
871131 1127166
1033917 1304844
3372916 2329466
3965605 2444491
427311 2297168
929732 3538795
606416 4953467
2908138 3098496
1791521 4453390
1558174 1993055
3799712 2260542
1157004 4079017
533827 3990501
396483 2704906
3566534 2075990
700665 4482097
4928945 3002061
3187724 2630283
1294572 3983046
2199509 3988220
1190717 1616973
1874078 713355
390660 2535147
1012357 1528335
2338360 340639
2228367 2231913
487704 831906
3239893 4875031
4115008 4555197
3452100 1097842
4652639 4692604
3244344 1659088
875405 4395007
2539663 400257
3594948 3635730
4760494 4170562
4943951 2995949
303027 3932184
1425455 96433
230153 1925788
3030612 3234913
1085527 1262934
4556146 880864
1359299 4116255
3729082 711778
3084443 3796207
1940507 1901010
220588 2443491
3665633 2598168
309803 2793193
1151584 388687
4579447 1043949
1096434 2545093
3493157 2226719
1846943 3899154
4451235 3904366
86074 3890139
3544928 119594
3557288 325145
1516310 1148506
4932275 2016494
233239 4493880
1859849 3573995
294893 4911080
4098329 65289
2343566 2929649
1564651 287394
1029164 1995017
2598723 348622
1735514 3108787
1623835 4608446
3780987 3756456
4861907 4588864
544556 4358126
625683 4711480
2448401 951025
3623324 4727485
1025046 3866545
4146227 2954173
387997 13283
4600704 431658
1554942 313419
3894927 315601
4438601 3236429
1724128 4735718
4035864 2756734
293850 3464133
1159473 2133334
802129 1580109
2708489 679591
1881680 2326622
2069087 3508546
1602675 1081905
4326201 4390954
3687859 4953929
4475227 38699
63248 2353892
3813796 4907874
328954 2564839
531488 29773
1296277 2311359
2766168 1715799
155626 3414079
3964351 3388811
2232310 3412394
2584578 1529729
1331918 221421
969766 1356642
1674258 3228350
2971041 2782496
666539 157304
4348581 68026
3931024 508591
2422216 2034252
882924 461317
4774678 1477172
1800554 1562565
3510969 1874179
3380873 644499
2846692 2080866
721943 3713843
719105 259321
3168821 660595
538796 4367841
4502755 4091196
3340824 1785824
361633 4678358
4523880 1689015
2570105 30384
696355 3374027
3316133 1612531
3087507 2833555
3929019 3771553
1769907 4279337
2514330 1513982
3083589 2061518
235708 2229819
1646045 2190226
3273238 2235224
2669168 3323379
901799 4870442
1265020 731893
3866381 3590102
1862510 4978367
4166137 367341
3481036 157550
4735414 247392
195595 1844763
1771959 3507100
3497498 3887149
1216010 4539424
4676145 3131567
1090451 3546646
4772375 1969073
1977305 2059920
1842387 328263
4516479 528819
2913490 3568838
2019162 4295960
4459890 2621709
1300256 4568600
1852964 1775046
4903498 109821
2859634 4259070
330151 2568951
939505 3021340
2309765 241653
1617788 4105717
715450 1188024
4630579 2608204
2122622 3666334
3364542 4230484
3450526 2996270
348353 2733709
2893285 938528
2050510 4153229
3582898 2027949
612891 99648
4646846 770695
1498406 304523
4403078 3515458
4794081 4920706
3195477 1185464
4697104 455777
4068632 4818610
3217041 4626945
2593345 1280308
4766152 4164680
1254734 3182713
2225516 4553258
4519248 2203368
923545 1246562
499043 3101403
231204 2468635
922851 3941239
1130317 2039897
4888316 3649438
1639015 1488196
4584420 2288971
2902552 3651118
3227421 1159593
3675094 2999720
996314 1465000
1615828 67264
4804358 3752222
1556536 4776832
4971441 2828276
2631699 4269607
4546820 300449
2465971 4501649
1777064 2116980
4925118 949316
646049 523921
2973191 1174822
3524044 2291316
1681822 4431809
2176854 1813011
635820 872762
2601839 4185300
2891739 833149
32460 1975964
276865 2229251
4785579 2264570
840944 807171
4412324 2164614
3568610 2758532
3650603 509360
2773632 855246
1034551 3572882
3224325 3889267
2240746 873589
4256807 1684864
536604 381240
1944439 3856257
580567 1174936
889651 4469918
4727582 4065701
1044104 586975
995502 4421996
339960 387780
1784430 794231
2992647 3226380
1938363 4569169
254480 3590578
2121042 4775085
767677 944437
753151 1522531
4260886 3301719
2380333 1482540
2211062 3959945
2881471 2242416
262135 2088974
3878555 2441140
960043 2424027
4333962 4762660
55246 4795056
1803586 207299
2233035 4184845
1136776 900709
153291 4169734
1737565 4105311
3776817 3717712
3408075 415659
1112283 2835358
237005 3736954
3739147 214710
1643378 4105079
2893373 2798608
2467012 3340691
4380936 1116911
742389 182009
986260 625189
1531933 4075112
4880393 1693442
2133883 2716206
515176 569590
3693064 3890062
3922490 474497
1526792 6514
1872677 3281969
3105894 4527675
88268 3710808
1336239 2257769
3873850 1908507
216578 3206163
944255 3441289
4398489 3069080
25666 2765983
4183959 863586
1914741 2486794
860963 912057
2245305 971335
2726825 1225010
587545 3828250
3364774 2777739
3583962 2292108
61511 3869943
2959457 730796
2010159 4098884
566572 3671228
3167944 279591
2807031 1086262
3096801 4251568
4740092 1161405
77290 1539751
257359 3253465
2437134 1554089
695872 1575978
705605 2732800
1136801 2268796
4080404 3157425
799724 1700651
1310202 4530799
1860303 3563785
2972758 3128280
1501086 4614250
4297025 3024957
2344428 1807361
493858 1192962
3820166 4519532
2121766 522609
518120 3772740
2690951 4079415
574535 3541677
2387592 2027731
4498909 1686651
1158536 1033206
4851122 3484558
4520237 788736
3300869 2520539
3884425 1594285
4847052 3568680
4723745 3820986
1077826 3718807
4645108 2124729
2161884 2809735
3991690 740095
1784816 1480155
2386568 2999328
1429392 2869872
4116058 3601192
3059360 4958582
2859486 665657
548409 1732862
3436735 3241599
4991740 4084213
4274499 2522920
1427489 694495
4326085 702220
4464559 4863380
610741 3117698
1155158 1810228
4435783 3074526
3114422 744581
318785 2783656
626247 420840
4883150 4893698
3730644 2315157
819675 2062430
621869 4458283
329436 2833569
2278861 1481638
3280236 2919832
4854433 2438735
3042706 1635861
4944984 4938190
1575109 60642
3408516 95190
4607373 1478985
950789 28692
4562633 4862551
4556428 1002626
3986631 3681692
1554993 1994253
177565 507229
1812705 2997500
4249374 528221
3349715 3215060
2338367 2176435
4963658 1997296
2978988 1109623
3976762 1516900
263058 2218523
4922696 2251329
298780 2056800
3367115 69037
563936 3306197
3207803 3257902
3240005 1451892
3736505 2513660
931759 4651229
1986844 686969
3005036 3943681
2996688 1777736
938005 1749061
1685438 2733766
4066163 2093039
2932043 106809
4527817 2926719
3436486 4147300
3515929 4740844
2243559 1107035
998400 4607603
4048086 1431642
3113579 1057002
669861 334914
2496457 1237462
3648465 4248372
200119 1863174
2707780 3777407
2143429 2253238
476912 2995064
2573365 4439016
3021479 1644137
483 34580
4493384 914332
3695662 907294
2834829 1164814
4900198 594633
4421208 3158947
1807488 3994525
4088506 2183206
2183922 2354377
2270714 4285564
4339275 929728
209565 950842
4203564 3647798
2540924 4631763
1988414 4186025
2968359 3721455
1509456 2724917
1752520 3049262
149728 1590115
496019 1452234
4551920 3037571
2261570 4067745
4573935 4464420
1093608 2226635
