2000 2655082
3852913 789459
216476 2271328
4581839 818783
332588 3008332
2171797 851125
1489480 1933719
96717 1323073
1982896 1241612
3826149 1258455
3690894 2656974
2554020 2467467
3460031 479161
4585894 2108935
3888002 3735470
638817 4594863
3401539 833428
2790835 3507146
3027553 2532110
2622941 4852703
811557 1380584
4866782 3330656
4571392 4580810
4661700 186019
1893041 3768128
3458920 2912561
314547 967767
2873316 1899478
4968319 3609580
7611 2013000
572037 972216
3503803 3841075
87947 1804373
4326630 1725392
3551809 2674992
3961802 3877191
319094 266762
2654740 4105716
2752532 3811081
3699414 2668401
523054 1135002
3895236 2043575
1376840 2134154
4842946 1589804
2987419 3283396
4426796 4671729
2376120 370250
3679476 754648
598732 2840269
3632326 2741122
1399698 3329982
794542 576788
958239 4225509
3460279 1746508
1777844 936250
2185355 3109385
1902155 3664149
1290402 3074179
1502914 2255369
2498494 3778397
1852705 1810987
2587339 56290
1401772 49933
3737120 377810
639384 2489933
863681 373639
2659821 4219783
4729143 4217550
686600 1307198
3240993 2866676
209230 534252
2622765 2016658
1150577 3114317
888525 1796423
1818081 1128486
2892659 4670334
4923589 4078015
3816324 4595069
1809215 570158
1704829 2125791
4964472 4517651
3341167 4480279
672576 1599064
2366804 4191281
3359840 44781
4482521 3522303
1586362 2497137
4018421 4816356
4860107 2068620
2758888 4970761
1276405 2544300
2149426 3824296
1289606 1038762
3116947 373235
3046793 3913446
28699 391216
1191004 19838
3992234 2546914
3679314 695725
946607 4888152
1671445 2576638
2449004 4551035
1074533 1463553
874231 2304177
3628983 234465
3878294 1893970
623774 1171219
1035397 874805
1182284 1340364
3609190 4795836
4461189 2139912
1687321 396680
1748918 3661747
2377934 123991
1556201 762498
3946306 2994430
4604761 2603448
1226639 4930517
3325932 2443892
1398474 712445
4668780 1401901
150168 1489817
2010979 3039813
4761576 98460
1541239 831899
107588 306380
72300 2299877
1932727 4212896
489598 2542377
4074433 2192906
1667520 210518
319435 1211704
3297682 2263954
3344423 817395
355994 421839
1572331 2424008
3304819 2802212
3987352 3869885
2198406 2899031
367017 1678634
2126627 2107569
3120619 1896883
2256744 4050285
1641869 1149174
4250672 314165
2639938 1490169
2621520 2244366
4197452 854869
3331010 2238093
392396 4443331
4223952 2650745
3801885 2314963
3870729 4093771
4801938 1476126
4997663 846276
4856371 925022
4560237 4433790
967576 1083923
2601462 3719184
3147979 2154669
2720628 3438209
1402717 4995004
4912272 543773
4099034 2998102
1488498 271180
1138955 2432518
3013334 1996667
4484497 83333
1378185 1952647
4786691 2532763
3226092 3112156
2222041 2819510
64559 4386745
90605 1499478
2306294 4942435
1928714 1032248
47649 3556244
2031625 1335892
691583 3093234
904155 4129744
123938 2606576
1113025 4504574
1571808 3834847
3337963 4401563
1993322 2699358
2701685 1880119
4128774 4226559
688239 2646882
670132 4575968
2199452 1143641
1439953 245488
4988755 4853986
796129 4867986
4085562 1053796
670274 2650273
832903 3188805
3134839 2662888
1217585 1766705
3272344 87332
2912035 1755241
4458452 3476466
3449448 1334022
1782218 2633157
1224269 4950469
2702040 4144237
4531466 2505972
2102855 3993433
836274 1774856
2524601 1420302
1154897 4986400
2135734 1343440
2778553 2592482
4790523 1487578
1883604 3502747
2345194 4680399
1582546 1757345
4899293 2787908
3929745 1088426
4490372 2482627
4064973 161931
182668 1748430
1575152 4441512
400385 1027420
2345619 4106121
3778764 4240718
4178954 432939
4878397 3826261
263273 3618950
2219756 2202437
1358982 764536
748916 1100018
63004 183762
3981741 334919
832126 1350734
468699 1055906
896066 4476678
2959590 3181006
3963477 2334439
310515 65300
2901387 1261942
1855414 2927849
793897 1384751
4497264 2108358
1189686 1266180
1616290 1478775
1236429 2292923
4911639 377774
295657 2545993
4803223 2768722
4708298 3189048
1531229 334305
4192896 1258277
3645359 1571874
1898110 1151542
507594 2055038
2477647 4509969
2718405 3816724
1997460 802757
646740 3885924
4621346 2407074
2735438 4977612
1115639 4873919
4702959 4662340
3629533 1272003
1414229 2032097
4618517 1463227
2945093 3818993
2591843 3280615
2518096 4380510
2184416 4372257
316379 2650413
3741239 995244
2962232 2111144
755588 2763490
2363021 4061810
3199135 1773248
4753057 576672
2933993 4675271
4525003 1828442
3053859 4984674
3984120 1931172
1237877 3873880
3509450 2259791
4642048 3269600
1710524 1893744
4275448 4625186
2396687 4808483
2088987 2752967
4419082 1794120
3617983 4227141
607003 1681409
4466618 1376548
1584121 4787328
4469034 1517548
3909573 1256044
3496839 543692
142401 2981638
4609617 1712494
3424725 2214330
2947677 4064068
4727473 271617
2886547 1111905
3605870 317452
2556925 3818523
4806420 1432156
2607397 351937
274843 1731861
3023304 240924
595697 747146
2153206 4431868
3120897 4583885
3206582 4598788
656279 1059762
4338804 654219
2903408 2486165
144150 4116203
1930429 4551854
2547475 3245131
200964 3829912
2708384 2088701
4234554 3899661
725715 430026
546662 1074524
1098535 217136
3058425 1817204
2787392 3541434
3030435 2245418
2848427 4614632
603432 1855268
2969405 139910
2549000 4914362
623957 70577
1828904 2511369
2100424 2141258
4512930 1322265
1562706 2755844
1137198 2949065
2019240 4761130
4701749 1922260
4423227 2306035
2032265 2227214
213978 3593642
4372822 3118534
3219342 1055431
4266064 3350017
2320763 2976584
2331974 1714628
4718373 3185185
125743 4330364
47330 551975
1499315 1293020
2852136 2981107
1249700 101642
1998337 374063
182156 2860946
2448298 1365561
3062932 4688787
886837 1983364
3023410 3183009
1941311 1825338
3007365 94627
1174344 1154786
297823 2698768
1712045 4635315
2048091 1452451
1054506 2625343
4658517 2636126
4216697 2838394
224501 252803
833873 812451
1788230 3654742
2295855 2494839
859523 3244588
1211853 789070
3756342 1319530
1261173 3355863
4401087 1970644
1810413 2850601
1739749 3407065
1271709 4701382
1760180 41392
3157867 2944994
1918122 4334484
4086535 2904186
4318944 2241267
1919779 1495972
4801696 3064076
4739672 4971464
4696006 2024914
1038369 4311573
4057436 2981149
1956718 747564
2668268 2304857
1477363 2155224
2759447 2380530
876273 3746505
4941271 3280811
1759056 2831269
2584205 3589017
1166491 4159047
757226 3057055
349448 4816518
2560742 2858099
95948 1353845
4663955 2351647
2303049 403720
262978 1447807
3544175 1820410
2327002 4469956
1066814 174734
2439801 4662459
3223708 1342348
610199 4741337
2955119 2066898
4968533 2206278
2685134 1777808
117443 2147478
1984602 3899021
47024 151080
1466956 856498
1634302 267114
4587261 466292
1998978 4523219
2961099 3518422
3616795 763693
2901471 718605
4068899 2320735
4422787 893821
4645752 3378195
2497586 685397
27722 2490732
2453464 2150843
2334292 3923764
3466548 1849390
2461960 767916
4350264 4673939
4870435 3473192
4689620 283235
3884430 2175499
361506 918614
3088945 1245765
2250198 1221518
273370 23397
2700122 802434
2248745 4160359
3563142 3486713
738198 490884
4470946 3257489
1557791 1830384
1234430 331353
3922264 4599003
4383651 1228638
3198964 3166218
4079730 2020039
2242011 4662289
4282640 2600341
2664335 1530548
1248150 2526549
2611748 3976373
91720 2305
4101348 2949031
524237 2292093
938606 4490656
2651982 876922
137448 4171967
148087 2371718
3133078 1340618
878845 4556520
3520005 3550575
1371678 4551619
2469754 4876218
1243041 2391495
3517674 3571880
2176045 3003517
4666159 3051320
1364913 988230
949181 3950948
392234 1101431
3393029 1971813
3174819 239893
1404323 2642290
388212 4832653
3685997 1008339
3898 2972986
3158021 3954463
912806 2688091
1948939 2692945
2323128 4948585
1238552 4936305
54227 1989132
4322673 2082326
283386 2865130
692798 3658949
1955104 4615424
425964 3237395
4991480 4973470
3693148 2378962
1769566 1175883
4638124 411377
2891274 4780239
2041234 3024887
2228593 3818341
1632555 1424563
264902 4723143
1627184 4010757
229153 829722
4624726 130179
772796 849146
688851 4499844
808408 3272929
1148515 772373
251173 2026963
4187523 2488877
1503089 51384
2536254 1548484
3668513 2210441
2348276 3952852
4921731 772373
4463574 1874886
3850798 4609509
4287416 1785571
3062339 613334
4971982 3333487
2975686 3040866
1397568 4279438
3714658 1088511
2949633 3541716
1789630 1328398
3161116 4932448
4495471 3013087
677582 2427582
1793104 403627
4003202 3197702
962550 428175
2802406 3184330
2868948 685601
4799305 1512361
3007198 3846816
2615490 1936712
2859368 4934742
3952195 1373786
2566797 3768340
769693 4894770
3441548 2261089
4403645 3824506
812310 3471655
3957149 820554
3088094 3974798
3552150 743492
1146963 2259952
2538507 3343632
2818213 4067458
3078625 2333937
1500457 2822803
341465 2622337
2837918 553792
1495133 1898368
2137350 229819
466474 2586821
3119605 1830685
2523549 3703260
141491 45556
4033313 4510257
954541 4433759
4079257 4421173
3462924 4879043
2346270 758412
541225 4298698
3241155 3253221
740960 2712272
2343673 958210
4313074 4921
3450648 327900
1690395 1113486
290480 3032656
1933177 3117877
4842078 1695805
4771712 4552746
4762765 453803
4164223 3619257
1204983 2299956
4785847 3439423
4288938 976424
753026 4750402
2060064 3574884
237440 3924441
4846011 652079
3777686 1696616
343335 2899004
646261 1827481
1032209 2483497
348396 2104211
2867603 2774663
2359586 2809810
1653347 2999265
4409784 2171112
217697 4112407
3458679 1242461
163160 3908817
3413986 4996566
4835830 3356246
2982701 1324159
4365175 2474095
171594 3954887
1641453 3874038
1356612 3979069
1610381 2098791
4030939 1709650
4901828 4874375
449028 4835487
3868103 2700189
3608324 660364
1915456 3150476
1570680 3028297
3242830 839222
4902272 1107595
4327566 3470953
3525937 1555899
3147208 1135370
3614146 2144540
2064259 3562095
3338716 1142913
2159812 4509874
242373 1315218
3767290 2749399
38405 1871480
375944 1401080
3711033 2994256
620812 212115
4304747 617632
536767 96881
614032 2199323
4112628 4035259
3558510 4001066
4091638 1707062
4273634 2984865
3472862 2686488
4069774 1439037
3607209 2867347
2502060 3115092
2323649 656785
580561 4731139
4908855 1083588
864016 1569708
3066191 2295044
4575296 668170
3325777 4173195
1114705 3022634
4307856 4135761
3633168 2625649
4404168 3392922
1234119 1019821
2868005 942577
4245909 2643935
1286237 3782834
3027396 3709645
277186 2669620
2735930 3711368
3061125 761381
1163873 2235433
4692542 2384722
2935497 1860554
3041419 3355650
3483883 4395356
4206884 4400592
717923 744292
417364 3210384
734179 629461
2553082 291001
3695534 1082943
3613125 1778281
98944 3524528
4072581 118430
1535764 4455963
490296 3189785
3229153 237974
1060369 126228
4786605 3933584
1761798 3555974
4662615 4197122
1359970 791043
900096 2400544
2183026 4080873
1163019 3151700
2038949 4834647
4725876 2956882
489526 3002850
218235 4634618
4613434 300213
3284640 2401448
4308456 4907672
1911841 1578738
1244901 1690394
860825 3907458
1115774 4036440
4942188 3737028
4645999 2236856
4218825 4305380
704718 4982379
1823555 4765627
3014060 2732483
1509548 3912196
317582 2068780
3767063 4827556
1540673 381593
427254 2536914
2348436 3550651
412709 346743
4513896 535281
573536 2134796
3060997 2379873
1369809 1604725
3290710 84426
1825348 4517266
4389073 3866456
3339239 901861
3780798 1992557
1704236 2296330
546709 4956898
29330 3118867
1885295 1380883
807520 1002880
2498229 4653288
339022 4340514
2285734 3521516
1451698 271436
1456880 4385608
2799081 3395301
2594518 34152
1124342 1030249
1383035 496139
4056897 366143
2667783 801940
3899641 3528466
167903 3219007
74241 1310541
4382596 1214506
254930 3352827
3069512 254500
935285 4081144
457515 1889797
137318 2451769
3664102 2227864
4961758 246408
3306662 1046281
4894191 4093607
938489 470348
2687895 144056
842545 4903909
4840498 3009067
2608143 1311150
892469 1222122
4462907 167438
3282442 2218396
765661 976523
4640365 4869552
4703634 2090943
3451583 3751578
2449851 3131320
2650056 605851
3977467 2372601
4645360 4995039
4790707 4861242
1821908 1939288
4223422 4567836
2309372 1978780
1116088 2373816
2774998 1929276
2295817 1054595
4832100 1637271
1419408 724028
1534116 2840781
3717555 1990344
1228492 203765
2226051 880068
1636848 1884338
678772 1435802
4305109 3327021
1662160 1218120
4459693 1150864
2518536 1538612
1747331 2723195
1873322 4495428
4603352 2814160
1750265 4064475
4445488 1109796
122028 1114004
4278806 4527357
3491331 2666337
3383350 1938572
3059733 2478780
1069777 1215818
4191170 3151985
1941687 1847137
1097933 3045433
1551981 2297382
4671640 2223252
1006155 4131455
1767525 4412372
2903929 1725812
4764973 2687894
3806393 2798619
3803188 3911209
2272251 3210368
4596268 853707
3755954 804503
2350050 3294514
3849821 2694139
3912442 1765070
173733 42150
491038 3065313
2108740 4540738
4797298 1224002
1388813 158053
4226767 2154553
4077216 1890799
611754 1532590
3682588 4424210
1039270 3563582
3003103 1647406
1973232 1605686
4395791 1563251
4758271 679401
4908194 2287127
1955766 526779
512666 1621675
3924492 4596067
4766367 1399152
2999813 4130054
569962 2012012
729066 2313759
4605112 1334949
644160 3775498
655933 1834841
792384 4071428
3335225 4445776
903766 4319212
4724121 806030
1365861 4822055
4222456 4394053
1154940 3924657
1611842 2760919
731033 2190039
4758509 1970334
134177 3293680
4788585 449099
509506 1075478
1218092 3333853
2502917 2053979
2367192 3881507
3253149 4362423
1175909 2174317
2640165 3138726
1433863 2303035
4084544 503228
3842985 205097
4963820 3817440
24506 1790942
3670726 4618087
680184 3687241
1588625 3499588
3326068 4629756
28354 1455034
3789644 1917342
4329200 247004
3865011 1829678
3703076 7969
1723029 3645212
772946 1338406
249227 3609607
1681244 2076775
690096 2399535
3432199 1011813
2826816 3070256
118320 4573127
1900821 3679688
546820 1889896
763779 4436393
67042 293725
2447136 4048905
2160944 926153
3568954 3877006
4681954 831975
4645798 1723360
3666952 4056791
3110645 4072209
4881559 175183
2244544 2562042
2913511 3244442
1712262 303856
4704197 369518
2338643 3517087
4204474 171256
3060366 3424258
1182372 3112048
4332251 3103970
2427985 1567002
4303472 2270784
2325411 1669364
1585938 4241769
3331276 1312588
1144813 3810812
3367509 1454017
1167279 4197775
4513065 699665
1736429 3454725
3377207 159237
967513 1255294
4197789 831117
3872069 2981329
2790999 1873416
3411475 3291368
2227310 4535459
4233011 3768038
2466692 230095
59884 1152010
3641591 2938699
3317156 2723338
3972324 18755
3950119 262610
3818864 819907
1931665 2911328
1048338 4998323
1441717 4305213
4082839 3731625
236423 162269
2421268 2682273
3014514 3341439
1184585 3985083
3748334 1607087
888509 2297746
3093110 2239030
1209100 603277
3549617 1994591
4730255 4182468
927460 1075956
4479572 2614381
3015449 4733327
4890007 3253841
1803689 336388
2743931 3917208
1777712 3650305
1921618 3395031
2223707 783894
2632309 933377
4226466 1417179
1949613 4257841
2575137 31842
2773004 2636639
3539254 3220941
3775600 3614438
1441138 4787715
3017988 4957368
761988 3940013
1404302 1892052
3535406 1220660
2838308 2186311
430312 116486
4122033 4441283
4306037 787274
2103780 1233708
1593543 3966559
3973300 1322499
3587989 4950674
4408353 2646339
4071776 459595
1961100 1564718
2879529 1093635
1969490 4932612
3031298 3139260
3761447 369775
2029862 4696584
611284 4296664
4903741 2896289
3931378 3114867
4703741 3562794
4239909 3268001
965331 802264
4177800 2144762
3176924 2052227
347037 583230
2558356 4121651
706919 2685520
1074331 1602473
1356791 2901843
2887378 4185176
3462238 2424752
504828 4742075
3452254 1970221
1450542 3787531
3381375 3529868
256684 45383
1273160 114040
1204444 3027228
3618425 3113781
3380993 3668552
1545058 896075
4345641 2065822
2236170 1163856
1294470 788687
3685439 3242433
4291078 928071
2147735 1654846
1137945 1327571
63305 3005244
3094781 65574
3995794 1308811
792173 4838564
2849762 2538788
4059633 3640962
3945905 48958
4730682 1823769
1850937 3891023
1595773 34669
2600483 3990274
2901026 4314124
1277973 2631386
4245994 2118529
2562317 4702068
602748 688026
3410623 4604949
2714917 591199
3162792 1940437
2870177 1408825
2766027 4413433
4087678 1289786
1963687 2143638
2231967 4837448
3529674 469635
1832580 2432792
3306163 140987
490950 2838608
2319055 4043618
4949689 280291
3603044 1827636
4247216 557472
4642526 2150246
2988224 4261963
2982791 4653700
1937008 733905
1351965 2142106
4995478 4832791
1625653 3987926
630293 3758828
4750210 1542253
2308473 4206600
3826950 1843296
537281 4139966
3550347 913303
1300247 1766381
491811 705155
2496595 4198093
3084978 1030
199144 1276803
2529318 1974455
2419724 297542
4792912 181555
2622849 1351334
1988746 2202026
2070918 647217
4398241 2388432
4769065 2728428
3785797 3842994
3570792 1112351
863690 660868
546497 3583669
3010046 3337283
3469982 3006794
3794786 2009960
1219003 3126876
4821981 3360926
2564150 395432
4126428 4491814
3365675 1342037
3192243 4473338
1429167 4537906
3949364 4085837
4242122 438669
3802120 2426275
3888811 2477543
3371963 1663240
3536759 2190066
1937441 3982471
695350 2726059
3846903 4429668
2094533 377890
2152377 1344641
2331739 3306360
1771021 4513723
1613461 849695
4678916 1610195
4390955 4506244
1815374 2571959
1654150 287173
4144583 4240711
4060181 4002497
2386199 185145
591323 1850016
2905353 1360670
1165418 3066282
1678824 2916347
1258815 1558325
4134745 2153199
2946917 3413182
1857806 694116
123988 1912315
3574121 1398366
3424457 2710054
1508590 3024845
315710 4239898
2800824 3017524
1594320 4857842
3762663 4364244
2605133 957934
2824964 4066126
1921913 124685
2487226 527445
881327 42406
1338609 3218435
3994571 2649674
2390765 3539431
663647 941538
631013 3706091
2553675 403886
388005 1897229
3285721 4585825
3115884 4008414
1834342 543458
531096 4342895
349200 2907906
2810995 3205265
2554613 808763
741558 1984503
4096237 492868
648278 772522
3151583 1902296
4735179 3070460
4019780 1868346
4894909 3632064
4512210 2786502
4712404 3427678
4814735 752603
4807673 2673739
1681663 2437963
4708737 2237898
1122921 759225
2174650 459218
3885739 3229074
398386 4972051
2844692 2450409
4102414 1803961
495715 123062
3255464 415161
1864154 3545495
2899673 1866921
2060155 1875910
2608632 3018385
567968 4773264
2070809 3715366
3552467 3337831
3345830 1913776
320127 3172018
1728763 4080130
2805295 3229042
3801031 4360430
3999290 3699905
3507784 4948164
720639 3004504
3217913 2961793
2306038 1969943
3707850 627899
4437191 1684216
684224 2411198
2724849 4120355
3361571 4679075
2093777 1678564
2056114 4310792
3558902 46909
4392797 4526070
1114834 4580815
2309658 961905
4711895 1926804
3932002 2304802
2179357 1806068
2508972 583833
1134019 321190
3236958 3829463
4125733 3046803
470917 206433
2586405 4266784
519602 3377439
4554516 2266734
1624593 2471263
4617691 1047158
1778463 4783073
1228982 956672
248352 1826370
1695144 388552
1225500 4930076
2484734 3621178
49064 2438037
3365309 22242
3311260 1552154
4968015 270717
4701393 611346
4086387 271540
1648098 47643
1997456 1898320
2660714 4802278
3861083 1827115
2703847 180098
4975184 1041276
1782369 1118926
2294404 1900893
613581 544055
4143007 371368
1172069 4566215
1577737 1972162
2560417 4044302
1401479 1217480
4267813 4508929
3376892 2505620
2643613 615306
10086 1149901
1776008 812755
4820446 4538281
2114222 433645
3088218 3089532
1211362 4795233
410446 846436
1576604 1370873
2999208 2108830
2338146 1056230
2729811 982078
4809793 4433779
1537831 3913732
3074280 4024098
4914928 3298833
1211520 2518160
2579716 2273395
4986396 1312250
2248491 998482
4031776 2898419
1851598 3341604
3192240 653129
4187611 1373751
1750818 4487946
2217755 3075575
34031 3052139
1382157 695395
286430 4803993
1646532 3177260
2731846 2812056
3227347 4274610
2785341 153031
365638 578893
544640 182091
187434 698169
1435092 3623326
1004166 3806508
251826 3971945
4472579 4959919
3108123 2182134
12594 2072769
4016498 4709573
1174683 4697458
2626423 3329355
1926006 159927
4381254 284767
2409308 2687010
133895 257150
734036 4341281
4329803 1610713
1312537 3255866
2904608 2326943
4630766 2310071
554152 4440353
3630205 1618395
4240145 3746965
4002591 3875413
153948 2243723
1436550 3579789
3486597 368519
2241126 1154272
2551247 1595813
4759037 2211732
558625 3150874
1871589 222563
3674071 1820368
254930 4650460
4006571 859041
4702125 3683181
1862916 1532564
4443351 124692
1079508 4368568
1034857 2417067
1296587 4124685
2036223 2925643
838965 2094261
3696807 3471488
4525125 277541
3634981 614217
26318 1738803
4178220 4667290
2669959 4891449
1305769 3331568
2890809 4064195
359818 1035886
366714 2311026
2191536 2298975
46546 389943
1445295 4348891
1237839 4952237
3173072 3372318
2822505 2408967
2519299 141832
823189 3108696
3063732 3697863
90480 2895335
2164467 137214
1458973 3615871
2615536 4786946
1581570 4475470
3910169 312249
2909881 1187232
3462844 4405730
2476576 4174607
2722631 2057308
935060 3550079
1669228 4987897
4167290 2738369
4093719 3859429
2808493 1910407
3279078 533314
1689366 2566772
2806788 4596303
1342064 2156743
2646891 1409218
408610 3814262
2603970 4199439
356355 4053089
4289099 567807
1571282 4161444
4867959 4318360
1906701 3916348
3621325 1525335
350282 1656556
656270 2421011
416763 3934178
3335457 1255033
3275427 1215602
1406634 1031410
230350 2969123
118036 3220006
4200623 2028556
3297263 4780332
1887262 2114431
2556907 447899
3974928 2431984
3564440 3078753
4034500 2268063
227386 4901541
1881656 784810
1934399 2236411
4933167 4252759
1382484 1067049
862377 4892034
2739896 4780107
2395877 2311158
539260 4591998
3614985 849446
4860828 1002254
4482793 1850740
128187 3116929
3299120 1532308
4157893 749778
4359688 3582385
3077212 4714846
3714116 444506
1271434 1782501
2548727 65850
1649182 4791798
1007824 3965658
4509784 2204376
2344599 3169970
2353349 3063464
1957286 1164063
4062585 4621404
503190 2281878
4422410 1894895
3064949 145216
4774065 2303681
3430478 1636233
2868889 144721
4987410 2813171
82820 1208728
1991661 1522053
2097263 3328868
2285299 1592659
2788315 871206
1799868 802074
3342758 2801273
2923279 1895940
4759265 3898071
819496 985879
915522 1801292
4147419 132650
3951371 3968785
2210483 2536016
899940 2587673
905682 245890
3562080 2873980
2221670 791779
4489892 1436689
4968050 3376439
504219 149001
3862516 255178
1947119 3165984
474514 3200788
3439998 1356573
2025963 1556846
2650813 2167083
1532283 125995
124686 2017222
1882036 3593338
1317383 2603377
3071221 3414187
2527873 3207618
1276683 3604923
2178901 698786
4774345 4209864
4814198 3353623
2858260 4135586
927797 488728
233253 4897611
4700946 4319585
3939243 4760545
219375 1582644
98231 1859515
3164968 3275491
3193840 1741627
2046599 1987453
448476 749679
4139762 4351484
2109257 1942692
1693527 1180967
2297990 873162
1154405 4901569
2734440 4142894
2725165 4959889
323414 1767025
4384741 1487166
2037356 4167073
3854272 1011683
3001318 3959877
981215 497008
1732526 157115
2614901 1281133
1984573 3150293
3968955 655496
4727160 1171569
3703415 4125609
2443904 675469
3099281 4521428
2735527 1938147
2169069 2810650
3344394 320748
3110862 473783
2067294 4876863
2579611 1851615
3469258 4166825
1548369 1422065
649672 4551201
581518 4019502
120012 528048
2756194 2378613
1908888 4793890
2060290 3954323
3346071 4995376
1424677 2280788
461515 1477209
184988 4137514
2868105 433422
3775657 4243691
161498 975583
985194 35872
1015248 4825828
896145 2270497
243402 2603532
3203027 4422393
1798584 564841
988687 4149258
4819755 137722
584752 3160709
2765501 1893807
4047024 4293542
1111431 379151
3392450 2127817
2817709 1116008
656312 3486994
416767 536017
4668631 635656
1289135 4680499
2324578 2928210
3960435 1025133
1672833 4889421
853871 1795726
4379813 243327
1625307 3083184
2161114 309834
4826722 3821268
162156 568523
4529783 325768
3262605 4946013
2764726 2143239
3946041 4738320
713789 1332699
3698533 1351170
2751229 3504348
4908445 2780094
2555649 4076959
4815821 2730595
3977478 3787690
4573643 1611789
1901491 2886489
2788055 1478163
531155 731799
3843233 196910
4295689 3493693
287359 2744641
3536088 483935
3808303 587700
2470767 649398
2633117 620534
3182605 837870
3691720 2531666
1977544 2013213
2325773 1141098
1724776 4452132
3912824 1561213
1307183 3609178
1806106 3477508
1312063 1724071
1723830 201188
4264133 559958
3738818 3724440
4456029 4500347
3880141 2900421
4087712 2121425
3830655 1111430
4719955 1772058
4775950 4627265
2475530 2495951
4039997 1427731
2921655 4592128
1057848 4878215
4209553 3311687
4277 3191540
1268616 1915753
2273156 4718336
2563326 959765
819779 4353983
3194505 3551427
3241186 4460825
289131 382112
472067 2975525
1440916 3156896
4932721 3788627
3526990 3872606
4442765 2261134
4582505 1287332
4568010 4274147
2508322 2072137
2784552 2411586
4392299 445250
3392530 4364599
3288194 3148859
1729950 385849
4736648 2172120
4777642 2827731
1248438 1724576
1959731 1060557
2777034 3844606
3045187 691192
3644131 4702666
1975314 4351191
2840050 348884
2527225 1017925
900921 1380186
1078385 4524296
3885238 1106400
2640045 1708585
1077684 4095912
2861713 1254712
3468203 4496542
4409104 1115296
1681161 4666461
2347555 3202307
1078286 251158
47467 1220035
1172266 3487116
3710288 3092654
3050795 2099749
4409380 30239
3822816 1439593
3233077 1899576
3860950 1814106
3970940 1285035
826365 595506
4003075 3047433
4998672 545015
4905907 4186384
4948860 997567
898916 1484406
3764580 4583940
4786211 143870
2999867 1389831
891033 3443080
674348 3073744
4871460 2617166
1945378 4241863
1130978 2348870
2151766 1953807
4182923 3008921
300655 4708369
4177834 4487789
4328099 4405184
1338957 2488462
3612739 21334
3278238 4644969
2857778 3155922
178714 4705729
4897998 4556777
1610316 1648725
4637720 855402
1320254 4253118
1920142 1399168
3979659 252101
4982147 2076307
1335131 4245535
510093 3559676
4454172 2726272
3565238 2811595
4068944 321471
4720946 2389239
2508637 4557321
469900 4570536
4244982 2932845
4874412 1917787
3579904 4608580
467401 255753
459845 1850561
2754003 4989876
37588 4099804
1854937 3500534
2204068 3206599
20473 861300
1722350 2234383
2710804 4893319
2406113 1086732
1064636 972698
3209057 3317423
3079806 3075226
2091276 1191723
2624473 3035980
1209344 4366195
136513 815710
141499 3623302
1875208 3124208
4146860 1708672
721858 931925
2012557 2439949
738395 3901751
3334868 4110165
1160697 2499467
3619096 1491613
106384 2553275
3185031 2887186
1738835 718522
1543594 4825685
2453064 4030522
4632586 1983366
2513399 699356
64145 3726280
2875163 2355308
1291652 2333439
4395737 4944739
1994997 2590205
1690541 2698309
4348477 3058773
2045750 3825411
4352068 1009100
4328636 2188600
481468 8121
1444325 1253537
2285255 2943118
3672291 2027019
3447770 4690834
2367878 479654
85947 412695
281002 2086308
3078983 4602030
2549307 3425633
2214885 4793039
3108378 1229817
2158273 4027213
620255 1439563
4523679 1651962
3637692 3140115
4374499 3853817
1975097 2872952
1987595 2125260
147733 4245040
565373 2931812
1721571 392917
1948591 815921
2320474 1494106
4546935 2448133
2315748 2323301
2404339 4386782
790253 919522
3182392 4166658
2613524 4017261
2747069 4772118
3903109 98119
483554 4243846
1863993 694358
534237 2575171
288513 1247697
172055 1398515
4980788 4868739
3275844 2951065
1695019 4089255
3427570 2547722
250803 2524272
4761599 812643
1900630 3787482
4251632 3785074
1757830 1561399
606683 785015
4588624 235342
1914989 4997208
3367524 791801
2997413 1129443
3106835 3817695
2807023 577738
3086556 583808
476866 395787
3580401 602247
3779107 3999430
4122107 685001
2637993 2808444
3490474 948648
2489319 70227
755922 1706451
2806812 4177118
2453977 512633
605943 1316045
1764089 2274566
3743828 4102032
1704543 4701624
4019807 369258
1579422 3971101
1416671 1800381
653153 337991
4608887 4025118
1142623 3325462
2534911 524149
577223 1529038
938125 4002879
4472085 2841027
2660421 1122018
4893669 1654064
3445604 340761
1432598 386936
3388045 4108315
2594468 1316236
2218647 1769786
3948734 2334636
4062983 4042946
540841 2417300
2717240 321571
4991270 3260911
552514 1888388
2595823 1583975
3531251 394341
4560903 559831
169606 972329
1463649 1731447
3446717 3099040
1791797 1245899
1228603 4901586
2060516 731283
690099 3038903
1000693 504342
3595295 1987484
1702526 4593792
2469110 1884754
3145564 2116385
4450997 3394036
2789361 687629
654366 1007182
389766 3469332
4250000 3623694
2097374 994899
65730 3694798
2537345 3181877
1932921 2235352
1514264 2090130
3657168 2754870
4416335 1935779
1773026 4882335
813805 650885
3686905 4033918
1076013 1507470
4673837 19478
2184334 2407384
2730729 3024428
2324325 990129
4940538 2608634
692587 68474
614784 4893877
4312264 4574340
4646000 2635851
3196127 3217115
2236841 1686221
3535359 2507843
1166117 4125540
4941266 3623162
1973408 1233171
3337295 421156
4109160 3581951
3378240 1382424
1944085 1676367
3405992 3847720
3036752 1589082
2568664 1817586
3091321 2285174
4178141 3958703
1442577 1410189
3712427 544971
1073954 197689
30054 2034377
3694733 1614447
1902119 1217839
3744816 1915461
4000011 1054730
2710967 173560
4966783 4249726
1796254 2520876
1273527 4104085
3241104 373518
2748608 4407879
3946788 2743882
169653 1051324
1413113 2542452
2807113 4395214
3399099 2625249
1812369 2303902
2550236 290523
357389 3135695
2095002 4570861
2609170 4372393
479697 2107405
4470925 4238253
243953 3085157
512981 1014414
4113866 3995425
987519 351603
1554881 2549070
908440 4149540
384130 280815
4632234 3256033
2077555 1814212
2003669 531488
503729 2286515
3532115 1677934
1537373 2490536
2218146 4907313
1349836 4994949
1437943 2625085
748697 3572832
4010354 3432709
2789695 3827888
2608262 4348615
1486364 2733341
3266143 325748
1322185 2532236
2313790 3309218
3529893 4547659
4209866 3212189
1986259 1748220
99571 1795997
536542 1293207
148145 1666703
4389232 3898181
197235 1200807
580437 4339747
2769510 4037216
2046876 3718980
4856441 1459123
3846054 1120168
1816499 2282536
4703061 2293223
4839872 3557784
2600762 4877172
4206573 1387817
2188069 4052329
3049266 71746
484177 494086
4110637 3336221
1049582 2800931
3190618 4858241
4926155 4508499
4072770 4953799
732483 1898179
2390138 3304717
4485866 4130672
2818921 2852270
4035500 3105052
93881 926065
4538870 105990
4610461 1517892
2950935 2524765
4254439 2709565
3991657 152997
2458011 3052994
888108 4474261
2077994 1764528
4279895 2738412
4387786 4595259
2880111 3821420
3708930 2718804
4586297 2096588
1134995 4783676
2019971 702968
2962008 1888430
560117 1174153
4637325 2185971
2279855 1179229
897569 1937822
1705670 3564200
4204262 2208850
4019162 375643
732251 1439997
2474285 205058
3912180 3964792
2358532 829389
1601162 3949870
3933134 3926716
42933 3255876
3737166 4301554
2417593 3274836
2422233 4542293
3764427 3425093
802916 3679142
3751709 237143
514943 3874757
3135322 4901302
652829 4924990
4486855 4477261
2589638 1855449
2670318 2018284
3692514 4715881
285684 2120761
4984897 1364779
4537670 3357657
103466 1083616
442390 1171410
3582170 954120
2389355 4558137
246191 652777
632083 3887556
393772 2738196
3781374 2122998
3429056 2883013
2617433 1172646
562611 3563643
158654 2137919
379701 4544979
3816261 3244684
2136490 2684478
4012170 1494921
2985563 486448
2602128 4865076
4703236 3325769
1793194 3395178
3677879 3135514
1953724 3351418
4670749 2790716
4476447 260939
1796146 3110454
4359928 2829820
1007416 3972883
1727958 1565828
1229776 3172230
2030969 1156276
996621 2404228
3513315 1394045
768943 2808798
1584685 3454530
