2000 3781151
2341773 4162000
4448505 3158346
3966005 2213290
2093652 1881411
3112186 93783
1402537 794098
4413237 1007261
4062952 393406
3968345 3065913
3627663 1583159
2128581 3391737
1983436 1591802
2910760 1761039
1386160 3765026
2194853 1331895
376237 3233086
4600783 2820066
188730 3144529
1843574 299147
1645036 3460374
1661104 4025284
4284554 1707837
390380 1363121
3261965 4471833
2919076 3107984
2555094 2548851
2149918 3841706
4938032 2453537
4552276 3649043
4717950 2227123
522427 1726213
838968 2336338
1425430 265205
3426263 1856507
2664078 4356806
1655999 2479661
2489144 2977026
3393366 1858541
4918738 3743879
1968880 4566475
1772358 2627071
3044645 215620
120837 3908136
4585784 282264
4425942 2339973
1718421 329557
4776572 1661152
45775 4058125
2280673 2782822
1901877 1969257
925937 2906852
4194951 1835218
4578679 3892429
147502 3918656
4760925 2803780
3117282 3588478
314954 2954550
3777001 2510766
3714169 3037197
557486 3726525
1010012 4159441
3439839 2081104
4361920 4888620
4604542 2759924
1741548 300580
4982455 4802807
3531465 1204117
2577785 304765
660227 1240400
3738365 1843902
4233034 4209165
2568926 3511887
272339 4671480
854988 2691579
4091710 3041401
4688747 214557
391639 1529900
142335 4740698
727281 4389252
601623 2115893
3541365 4974928
4845108 4292716
2397282 4695905
2708918 1819895
3839830 1759622
3382587 2182929
4053750 2123669
745109 95471
131718 1998858
2018444 2961567
223555 1790582
2924605 1507843
3585684 1829705
3501621 113188
182960 1800160
4388862 1168203
4285954 2709792
143035 827131
3482523 4325882
3689044 4870224
196360 2511139
4677657 1771038
906543 3463282
1767196 67759
2819424 1315435
3078897 42084
3941411 226986
4591365 3472209
1710393 4738473
4019417 4006184
3201185 1929288
2000322 2652080
245996 4961434
3977263 692339
1532359 3357328
207108 4754807
1445744 4559045
2787446 1233456
1366069 1578789
2666658 1917288
3972243 3626045
4816943 2886806
3635152 3001403
2533005 2056408
4634238 921928
1544046 4124369
213823 3292279
3622365 1523216
40648 789425
2850226 3972182
1899128 124425
1401507 1689200
227543 2914308
3514709 1144983
1431024 4024486
949233 908790
4276858 2383264
2369112 294803
2359894 1248368
1922384 3132550
3831576 4492590
2683441 4179701
866458 2124467
149205 146611
2632007 4729587
2368693 4086715
1279167 1696466
4674150 4095179
2632149 220357
2703806 4796534
3743543 4604705
3342077 4920983
2705806 1411211
4050171 2276939
1978361 4005410
4504856 81170
2292288 4306615
2973875 435633
2166146 4462144
1633887 3134144
2822157 3682565
335282 4980190
438443 385926
4031464 937612
98588 2869982
4598650 346604
674455 3223615
3503763 4839372
505129 4440893
698542 3595201
3375836 4262497
1560438 257858
983790 286421
2826575 1819546
2851076 4182821
2524819 2780506
2976865 4321261
4739119 1028038
2733469 1738295
504298 552065
4738212 3480367
4996421 840981
3054285 2878613
2989290 3272471
978754 4732048
3799265 3313090
638387 4105851
890476 3403114
1843352 3849616
4361447 4489977
1034394 4206792
960772 2012519
3662392 4821605
1805640 4661456
2573276 4545225
2196775 4176326
3668877 4908122
748277 3591004
768989 2283163
3019852 3949427
2830588 2572237
502819 1564635
2398869 3299392
1498855 2163155
4917320 4956875
4216383 3532131
1437936 4492780
3663693 2046477
4271387 1913336
3421102 4664847
458035 178704
4536535 3525456
4081654 3105520
4617279 4718617
942014 1893147
2693079 2476055
4119403 1965140
2961730 3627584
2805350 3069549
2480639 461001
2295910 3464546
4804932 1468662
3940293 445774
3361065 2867409
1108017 2594642
4399843 3512792
3269596 3878473
376379 2559702
1462697 3686538
2764737 4472649
4205631 4370733
1000144 3004690
4312225 1696545
4759960 1076115
3243883 422449
3055937 405675
1066774 4647664
1855010 1320233
4815616 1825860
2345219 2177686
775460 384892
3393272 2758958
2254352 4412541
2086143 4944615
781052 4607738
4103953 3028899
77667 1035856
4976371 3036954
1258506 1783228
2409128 2279115
4114993 3715269
2767964 3517182
3464950 2214126
4349492 3913137
1753259 1890379
4828348 3905029
4602736 498927
45814 4722842
4311001 4362432
3425259 3187467
1280218 4132889
836296 1931979
2769336 3562854
1828262 3538186
3736454 1488070
3924684 395054
132794 3480034
3936102 4374492
1850712 2672247
986453 1647742
497950 1570362
2593027 42336
3075763 4627346
2821564 2937659
3998866 3560205
4948231 2050095
339314 2791336
2018097 2107439
2515642 3960933
1675518 1518360
4024047 3570960
3326005 2981968
3814096 4722240
3460154 3424665
4839732 3540993
4073569 3778759
3409671 522608
3738968 2284046
951754 2399870
168521 1573943
1548682 3927077
4903271 4569489
2856166 3713994
661696 4991215
1468651 763983
607745 4015113
507189 2629714
129357 2171197
2775492 2454256
4401332 1506625
66511 468866
848019 2380507
3705268 2209002
636282 4461273
2094878 3626361
2699998 2962110
862268 2899758
3364061 4992770
2808047 1061839
3230486 4390071
708387 3136551
2634217 145666
4121659 1688275
4582304 4602925
774661 3583602
3959965 507354
3302534 1994607
4082598 2796806
2822063 4124129
18476 3381599
1922816 3202195
1759825 1161263
3852363 87663
4886652 2735355
254332 1586342
1877573 4689674
2816068 1979011
764005 1754730
4154176 2827426
4520271 1450818
425586 1647371
550942 458540
2705472 3505682
1900349 4326040
4832038 2931426
1125167 4796136
1931246 642585
4525671 2919552
4866173 576592
145466 2960482
3905883 828515
522443 3292758
3896364 3054636
1905269 740946
761075 456331
264042 2672733
2620044 1749523
3220060 4612146
4271963 4381090
2551642 3256677
1377020 349946
1979415 3277822
1737812 2836126
1215127 815188
2269711 3115854
1359671 4512315
330716 3668062
4437704 655928
3039195 3922993
3624019 1408350
2827577 1752605
2705144 4711133
4707693 2196012
3679530 3806759
4875794 1949117
1823035 1489575
3745263 2892455
881617 1089834
1169284 400432
3161428 1497088
512309 2145819
1406635 1239873
3008475 4429988
1615505 4064759
2807176 1232410
1708835 2965344
3206415 3295287
4887631 929654
1585460 3228321
2597505 983673
4899935 4585215
3336446 4684823
111913 242200
246617 353259
2255595 2257643
786157 2224384
3358854 3349968
1314808 4202241
815070 988175
4346329 3774248
202539 3552571
2331304 3918203
1842955 4286816
3145338 2652391
3261019 1665980
3389070 1066045
3875406 1638331
4585673 4804964
3249553 3528284
1725717 4241818
399010 2116217
4032155 351026
4274831 1376577
2194635 4597623
862369 1529167
4832495 306702
459807 1281564
2556689 2302127
991544 3678245
4522730 2587575
2058373 4749960
3898337 1520370
2658659 3957016
3958167 2173824
888925 710202
2579477 4590233
1094039 4652864
4657945 4037855
2381138 3126719
2060171 1457111
391583 4130762
1148462 2940456
4778957 1769070
3281100 4280090
497623 2891384
2102965 3054157
4610972 760389
4087042 2599857
3323882 3530919
1982173 4722172
4811532 4416284
2330933 1149319
2895800 1659543
4548291 3849024
3755335 2004126
2602365 3590382
2392147 3583616
1553551 4056192
1182143 1881734
999023 2447020
833003 4824183
3180085 2097077
3417198 2851450
1970783 2939597
1684699 2311592
1175776 403698
3730433 11947
3398863 3849329
3362192 1426710
1631831 1898007
268445 4010143
1411799 3572598
541104 2706540
4402793 4244741
2425536 4154348
3924542 3167649
3594135 3664762
1798728 1247051
2473475 2642799
2238807 2155616
2813180 2096316
830458 3881258
2046784 2432937
2064034 4947829
2484660 4217594
984619 4387857
2245378 2448079
4209071 2423791
3743379 2367635
740309 3801581
16904 4136871
3936292 4916866
1005641 3903480
1355615 146502
969601 4440755
4494397 2748167
3011325 4146849
4310717 3122054
1670172 4105339
567145 2071427
27905 1017146
2175123 261918
90333 256273
2337252 2780262
4294223 3617653
421077 1508121
3188361 1610075
2666783 2435982
1324550 3204356
2108617 3206510
4609652 4545160
1454041 4594547
1308570 4055776
3038008 1364963
3464203 3643964
3486198 4374584
1839122 4527595
4376853 4242296
2798487 3480488
877645 677633
247984 359094
1814853 3205590
4337744 4036544
1972416 2079228
3939089 2003834
549064 3093416
778816 3033375
4458899 287505
4779073 4849006
2524779 1611047
3246931 1277241
3084241 1980002
4035753 755191
4702834 2517267
356863 3019679
1109237 2489260
2736783 2559804
3572054 3023351
1810332 3372442
2333406 804351
2909930 2269852
3387554 1960931
2731101 2029963
1913369 2022856
3717207 4279275
1777819 753053
3250190 2157231
70352 3139097
4577939 3013083
2924444 267982
3802793 4774818
4464421 3964758
115393 492905
3099903 2188460
4020710 2949589
230165 570762
3289856 4998215
4085184 6273
2043835 1501792
3861503 4337912
3653808 3145583
2663452 4094701
4348570 379204
3221442 1417552
2555260 224946
3352208 4369023
1321506 82851
4370333 3339800
4575456 999002
862737 2048531
2732310 2564505
2040384 2531948
3399187 3752296
2699242 706751
4297344 981656
1993450 2347156
2441978 3893010
2655093 4336897
1212515 2074493
1534944 4589221
4842735 807226
2764666 3707986
4097417 4737305
2954118 2295856
3596648 4995676
2594853 1671710
4975480 2260339
2012150 4132310
4266033 2356168
1119740 571015
3940672 98604
993237 2132496
1266006 2576651
4361295 918856
148796 2460602
484710 3786605
3269950 4883841
4576557 3463829
1998057 983994
1343906 1725836
587731 2527072
4371143 1693269
1133827 1642389
4650712 409691
324907 3791778
1892382 2906070
1694266 1151284
2242411 2827932
2176589 3840325
1535909 3371899
3918139 4568438
4030342 2126604
4744908 1280240
1297455 4399748
166637 1558033
3088657 3063071
635559 2331911
1480588 2664676
3705702 2075283
536263 3352420
1227939 357749
3475281 4967876
3714023 1689352
1994608 4327139
369675 846341
2597304 911666
276477 4975102
4008982 960204
739876 4775784
2538993 4795935
2118316 2074871
4512121 3763958
4717809 4879435
1745883 302334
3436232 2916201
3636560 4206359
1944219 2448460
4573982 1429995
4606525 151785
3552869 422991
1745941 2767553
2442426 3115222
2601004 196777
1968590 4503037
3716903 1933646
1160673 3576144
4957438 4274667
672994 1921346
833218 4893386
2890917 2017795
3611658 960745
2924908 42530
3176455 2001988
3294254 1229491
4940069 4543739
3914249 2837009
2895842 2624514
2146258 2755596
1855195 3515207
2797846 1363122
2636383 2801939
3383708 4804856
4648829 4811034
4758009 3070779
2395869 1885158
2103348 630806
732341 1700316
2214468 3518677
1163458 642716
566845 3731247
4798822 3135503
2875948 3312502
3542793 2044546
406694 3688038
1564861 3701873
4653182 3321626
2827405 3319300
755745 922591
4106707 3933189
1331146 4605829
1375877 2925113
3961921 4534269
4006071 4676739
2664192 3821624
1641503 1576621
45316 2528602
2635797 1260361
4075434 1534190
3137711 1656381
2929924 3827164
1119585 1225684
1497197 2321049
28931 1275784
1213807 4804470
70006 154995
655085 4795583
2805408 3807377
680786 1774389
13722 4878642
1103842 471416
1957503 4980739
3908106 2210097
733747 1370638
4408528 4288807
2592065 4416503
3156199 4202232
3810818 1796650
2709258 4159530
477039 1801254
3304242 3058127
2746262 4504701
3469319 474352
3356744 1238720
28649 1321331
2637681 4876502
2609017 222113
1402465 3094705
2308197 4903610
2275629 107525
1210784 3714609
196423 1707747
953738 1569759
4364837 2075629
3505262 1453809
3008289 197909
192536 2035306
4667401 4986269
1231650 2728526
2104584 242591
2461667 4758463
4303636 388345
3671140 4444507
963960 4318825
319023 2357566
4547381 1637855
3898507 4210251
2243196 4441494
2806992 3330454
2069724 3029715
2234345 4025015
3464714 269096
2220268 1754409
2675251 4995760
4549142 3119314
1961947 2165301
420542 2561698
2977679 1513994
1705340 172791
1669256 527038
879888 4413166
333242 1855577
1875503 4242816
3707007 972787
4850090 2301401
683238 863843
3738762 638715
2712116 58647
802116 934108
3803250 503864
525471 3009832
786 951902
1682118 3391348
254981 4186761
4773711 699883
3751877 2068609
1131168 3282676
722600 2182875
4566916 2229120
1773040 2928902
3895955 2141340
3272615 466830
827389 1521096
75420 2492172
1013155 2954977
4046035 2853831
3353304 3299529
4817871 887312
1716179 3663596
3193876 690081
3446187 3795163
545298 1310766
1751547 1062906
3407976 1584010
3202927 3587469
2035835 184683
3941710 3335480
2410705 4563233
4809661 3817287
1695655 1969486
1354673 1853884
4405242 4274760
206503 952750
889132 1525440
1199572 2351637
846590 111670
3279409 4088988
3397600 253432
3527910 1556244
332776 3066359
17608 3374857
2761998 4386188
592016 1895235
2572340 1929541
496237 2735773
2707168 3850488
2820530 1269031
2265403 1084242
4803029 3277952
1416976 1835872
3357379 3772274
1393500 1031673
3599180 4503877
567139 1979829
3090263 2787469
3390482 3669453
3290197 210124
2682144 2379898
3584796 110277
4508293 1220450
1194294 3902244
2085431 1047253
2214585 3904039
301119 2765894
2246647 4441774
4307764 1064150
4712051 4211830
1604449 683768
3381028 4752852
4795048 4264396
2246719 4659768
2103849 4887645
1988629 3702120
2393011 4278262
903627 4477293
2325884 4258986
2451173 3805195
1841280 27990
1284074 2407194
3858932 3394759
223122 2549906
2995847 542714
544165 258744
3348071 752785
135315 3627035
2111117 2301122
374919 2683492
1562225 3236954
1394703 2448239
4029869 4175769
1350899 3097768
412169 3394521
3276945 532007
3570194 4673488
551356 1805592
2670954 2774957
2561045 3797520
328954 2800693
1922908 1780229
4249356 1378118
1176299 254414
4839604 4970077
4667674 2057103
3459636 3207251
4780892 1007638
862779 868969
4814779 1120291
1815892 2667386
2854027 4998998
4908876 4008578
86745 878570
2361428 3440682
1623473 487557
4186078 585397
1742824 143156
4891444 3715988
394698 605200
1097212 3600641
2455748 3789665
3445935 903878
1459549 1649349
2224499 4558626
1219269 1694948
4522337 3441724
4699843 1741107
4391961 406873
2667626 4155351
3027508 3402174
4542628 3717429
1033205 2825748
1103246 1934489
3726942 4857541
4901501 3782543
2990225 2680139
3513430 754807
958079 3094223
640822 4817141
7603 3639765
3163438 2402716
4138563 3840926
2347850 1273792
3367408 1055267
3462593 2262037
4704660 260738
1700916 3855378
1936414 1316271
256948 1819744
216971 1009059
2173483 1546015
4735953 1405576
822771 440981
865092 3614360
4771227 4684328
1915559 1877309
4009559 963366
3036710 3737531
1407244 796869
319822 2097971
4143222 2121516
4909359 196705
3613953 3122434
4194152 4626269
804303 2362271
1899173 2675552
4444745 3653538
2883904 2141737
2190539 1908574
3341970 3687234
1516298 3848735
1493378 2877163
1891749 2731951
4080736 1806571
3649927 559328
4019407 599335
3325735 543289
231413 4401365
2083355 4859412
4799932 2433662
1935019 3299140
73636 4653017
4341482 3531687
4507761 3363004
807027 313419
4582638 4652987
923628 4368934
4430640 2956981
2422864 1322032
2478242 4860979
2311023 2491960
2900804 4102925
2988728 2405069
707980 2311435
2058156 2240161
2903727 4788744
4588602 80467
4844946 3058147
3183414 1444424
4427694 228003
1052063 864152
1304392 4241541
3619913 1824964
3819634 4753407
2610421 849807
2644054 2553237
1553131 1556887
3837079 4372266
4742729 1724531
798005 926210
3892684 4762033
3130104 1738788
2096349 255889
364086 2768162
1403479 3061015
3743054 1398937
2029144 4218335
1383593 3431602
4511968 4735665
2015893 1171912
4546005 1625967
3036236 4948460
1282210 3267677
92353 3924113
1002768 3472436
784659 649977
478914 572779
3983263 4380562
4999526 4852871
407846 1096825
324743 1789438
4094688 4693555
471992 2066969
2764986 4368526
67638 4128055
2186524 535570
3804380 4699161
3823035 242313
2145808 2801691
603849 1741353
1076427 4006945
2053091 4258363
4462935 1280423
1799969 3965647
2631107 787053
3603188 4576590
3477083 4519933
1855054 4732796
920168 2559669
1257787 3378139
3082885 2046301
3275476 1519867
1609472 3469706
1031873 4218980
3026810 4830754
3563192 1393807
2343845 4084868
1839794 4693823
504790 118742
4544371 4004140
2222422 3804711
171634 949147
2905554 2661765
1869368 3651596
2152265 1042190
3982977 3139037
3355764 1020171
2903555 3453526
3858759 983203
3163436 4635622
1046173 1680390
715030 89851
1253833 536108
226933 4434751
3302869 2746939
2869508 30100
1395999 4184789
4540340 2880378
2643277 1379654
1076406 1105178
2461980 279255
4870136 4676987
2532894 190831
4652657 390173
4464005 4568312
1370159 1653130
932079 930935
4954237 1933406
3265437 4689094
856054 1339750
2938847 3140781
2689271 4659889
153953 3975112
1190084 695842
2980447 2990448
3954821 485745
3564485 4974636
2802175 3296948
2363693 4058481
4584821 2808734
677470 546322
923620 1065368
3465954 376743
2164938 2366724
565098 4980464
4964648 2351448
2311102 26702
1645225 3928888
2089114 916768
3521169 3227790
2612333 2556157
3643103 3701728
4675467 2864497
2594667 1704350
815484 4242782
4332190 2767578
4748057 2005260
2417759 4653298
203817 4465069
1381061 3968723
1731925 1243485
4303182 1336099
956200 2056371
1439212 2958810
794211 4113329
4834100 2541014
2724326 4065128
1819104 2192847
1997887 3712379
539813 1550080
2819430 1530144
495554 2453213
4175353 3321755
4217153 3166197
4100851 2666298
3697888 363197
627640 2872224
1286710 6278
615358 3006484
4915840 4098525
900161 1652865
1453877 3182278
2724616 3680081
1723337 4715114
2678139 4244186
1664052 183596
246115 2794388
4137862 2159107
3992163 3757227
4344347 4088476
403462 959
3341359 3181179
4819447 1505021
4383617 4595421
1945800 3784473
2436302 1486787
1932669 3588935
2338261 157915
1863203 1670940
1210413 2220135
38356 1871614
3904740 342580
967099 3495618
4175445 3152100
4935147 2171654
2273202 1743769
2267714 4756786
1919875 184308
1693421 3010024
1783763 577196
251572 1610522
223710 3425656
1890512 2787468
23277 4262538
2127538 465869
4822196 3340609
3477842 560547
3195 4578856
1516423 598765
617222 1150519
818655 4140935
1438362 1191461
692070 1256144
4352738 4247014
3132469 4241798
3244835 1355292
800595 4263560
3457392 299563
3591426 3854777
4926728 3292010
1538483 3312938
3175491 2029128
3657879 629336
688061 2014648
133330 2646651
467983 3321528
96441 2958751
4498199 1694827
1380465 4866072
3022941 4940437
4094216 860309
43390 4988763
3926663 3601541
4796250 2886477
3455370 1881533
2282826 1599637
4877029 1971605
2771408 4942544
2881310 1423069
4950733 546300
1411134 656821
3712334 3439419
2349109 1746094
566758 4063850
3331191 3654905
1988273 4016461
3872835 4557858
2046327 676827
2242919 318088
2887212 2580104
4686733 3487693
3361481 3258213
1129669 2019084
3763369 948810
51740 2075579
2474380 3877711
2432355 104236
3429063 686572
2202780 2145882
1055100 2945567
2541767 1067708
1383958 613957
1557964 302595
1219703 3256153
2682895 636224
1950732 2896441
1644107 817129
1280375 565723
844928 4277647
1141166 179494
4982945 4923693
1909821 1544720
1818465 3247986
3015392 2072284
4115613 1800544
4532262 3930343
4818156 2912484
3683542 3900254
907145 1979064
990288 851630
4106892 1287352
2070782 4887956
2575695 132813
2684146 4966857
424899 2787996
4912706 2555711
1101859 1083604
432362 1738592
2944909 3085917
2203547 2869095
3575620 4355758
2056919 3403903
2655143 1758304
3284850 4573984
4205209 1509068
1204925 4609251
3889431 586041
2284232 2406155
2076050 2397920
4052593 14159
2698381 1313713
4014132 1004866
75353 396092
2499547 3171092
3807193 3658197
1775540 373912
1592888 3759552
3148690 2860255
4741539 3992969
249780 3513800
3271030 3522212
3804614 3824779
2928466 3408237
1251813 3898934
2028105 2648084
4630203 1198128
226862 3995462
3415921 2135923
2094254 3893925
1893930 3868740
1093282 3045186
323540 624953
2496936 4569191
1922991 3119520
165112 3952382
4290085 2353264
2639834 4597031
3959748 2209956
4639494 2442609
649526 4220937
443029 3018184
3861462 419290
4894079 1951022
3322216 1332035
4005875 4542433
339052 532435
946002 2384852
3639238 4023849
3630774 3631634
4734132 1760796
4096871 3315138
4889566 572509
3713464 2532341
4202760 2989313
3604466 2352445
1425969 1354844
1713225 823385
1652701 4263253
4876452 2264722
396055 3467989
2647086 4923561
4002462 3592766
2528580 2052288
908676 215203
356739 4660077
3540279 708317
740217 3552970
3034819 2306339
4683417 679693
130605 3946787
2366986 4236623
1109421 580624
1987725 3586381
575974 2308684
1081176 449767
3135227 4319970
3041282 2701569
3045051 4794841
4624804 672014
2197728 3671641
856247 4720591
767510 1251088
979702 4785717
239180 1995223
4153410 687421
2961212 1671048
881036 1776824
2236400 763623
4725658 295434
2997578 2049609
2484755 2935569
4697037 4826887
3717981 480226
2599216 587350
808838 4734439
1829901 4267948
2082273 4077848
3313277 4108918
765844 2969450
2033545 625630
3256109 2271009
23108 1501068
2808456 1752136
602140 4147390
2478615 3543968
4952637 4591473
3074287 1410515
2307177 2806916
4626289 2584410
431296 2761675
1598115 2433418
4956545 3769961
4311473 4193647
2346847 4347826
1193851 1007134
2346729 4555579
1147908 2837044
841251 1598941
2095479 2620267
1895005 2410221
298321 1373053
1713332 4416546
3292201 3800708
4497493 4285460
2399691 488367
1999294 1988008
1739606 2920463
4918273 1435047
3532623 812957
1512416 2893027
235020 3015647
3151757 3315326
4020417 2956593
4504227 839667
4985897 813491
3082620 178468
3189696 4452831
3652350 3358677
4923272 2373650
3213447 1267232
1014277 4002286
1887045 2237100
4785799 365043
4417061 1168327
3324023 1702284
672832 3046189
4585695 1100531
4190294 3046865
2740915 3295841
2291154 3407343
1837401 2283693
2287651 433888
1202308 73587
1776709 1928850
181357 874996
4934922 352200
2978061 1973501
957212 3567876
2927940 3292221
266048 4333686
4672071 3351848
2722560 4597721
82622 613298
505374 2338764
2007556 149363
1167618 1834246
2836864 2207193
682028 98739
2789350 2182573
833033 1075405
3783068 2853580
2282882 1161796
214104 4594979
1380463 2675070
2426525 539493
3576574 695159
3340276 1087423
611529 2612801
4993199 4759173
320037 3329965
3285377 3591586
1634541 4194467
381575 4538029
3498024 628420
4018439 3935116
1075399 3323261
1131651 385124
4581115 4926049
4575211 4545098
3085062 610116
4826401 639299
259760 3401437
1140536 155684
609853 2413603
4895174 3628420
1856002 4176543
3276763 2122288
4654828 580537
4485836 4091174
1572425 3958544
982218 1270551
1492311 2751991
2112860 2069679
1969001 4502035
2835932 99102
707202 3602444
3415137 1418535
3579362 4866041
3990089 2762189
2121245 1179463
349685 2851865
221222 1427428
3234545 2587585
915955 3467677
1175338 4982254
1188746 1673465
4303332 4444972
1093305 4064892
3518264 1320254
1185020 675838
2812899 4053370
2103187 2610112
3624654 2567606
2105002 2336462
371731 2285865
3996966 4268617
1540588 2813430
67854 2498166
4655102 2193098
1611487 4672000
3794174 3166919
4486015 2482939
3123867 3134497
312862 1777849
1721975 649458
503770 1578081
3363692 1365278
4040708 4721587
4561171 3855994
1985127 3646261
1426265 1183382
2414063 4396859
1047738 2045801
369155 954278
4425695 1493720
1548045 1900162
1227329 2656547
501666 4170384
2121862 4267759
3723338 957938
4052735 223753
3933478 973490
639710 4187735
2577328 2715734
2978439 1974348
3375830 2299422
1880808 1351186
2806386 4793890
4725225 2239648
3060768 4120017
1673592 3402190
2880762 3702122
1060447 951487
3486245 3009612
3257247 222853
1335023 2408280
2393634 2041014
4021824 1864243
347965 2815749
418709 3763034
4311252 3716955
845489 4361618
241540 2223219
3114211 2493459
917497 4645396
3059391 2746119
1515725 3866355
4801598 3921612
909607 1664098
1194820 3804505
4724048 348230
4833527 315337
1322409 2267015
2284904 3600571
3584104 2702602
1996983 76685
4532506 1259662
4891264 713951
1605377 4181453
4600264 4449202
1553770 4745492
3658327 4897994
2413561 1050389
294281 1610540
695793 271448
2145375 241960
4701549 4002349
4876664 476961
2579151 860641
2326358 4561693
35106 2439396
1061936 4893232
2263636 4525164
1519713 4686806
3247414 3538878
2183809 2951688
4952702 4654616
4645186 1178399
1450580 60466
2841239 499716
4716913 3760832
3171237 3615351
4373075 4683671
3651038 3462794
2084211 3702579
526814 4282876
2130269 4617420
834969 430668
2138334 944230
3290559 525147
182853 1322667
4876954 2236447
482529 3733694
1330962 3985496
1932692 2598950
4039576 4557619
4463053 2599161
4435231 1958052
435746 3490369
1001948 3582471
2989127 454017
311989 4533295
4239209 2947068
317894 4716174
3270113 424283
4780317 2550602
4387996 4468808
856933 1700926
1618714 3563022
1673260 2292620
4694883 173199
3053680 1908800
2285562 4591032
1364090 2448737
4758043 4275362
2851038 1862086
269788 2033801
1495300 1453503
643025 1348031
276356 131310
4949946 3447267
2884267 1099269
79071 4374931
1282874 353338
1516604 220765
654184 3568598
602847 2114941
677744 2578273
3417061 831191
3254678 588848
3231269 3780164
680551 159809
2037939 4485956
3453447 79826
336825 3408769
4110383 3389900
4460499 4153681
1868497 2746409
4367209 3169797
4391172 3863173
1816655 774551
2895375 193911
1487886 2207618
3231538 3232702
4771026 4219765
1288850 4425792
697166 3156927
2406615 799380
95366 4158193
1753769 3803103
2335156 2498224
3552796 1125734
1470238 2123049
583846 155889
1513464 4942163
2661609 3423799
4755224 4911085
3799052 1868488
554112 4605729
3703067 2102251
4846970 2709784
2772278 3505103
1873941 1579906
2149887 1572323
3360575 3413259
3093768 3612803
4594838 2970996
1901946 4632208
2322996 3621159
4911019 3660925
4983324 86557
326975 3593976
2863926 616359
3600079 2130847
1849343 4359065
3179045 409007
4302875 2756283
4508705 220922
55228 1523196
2683086 1182550
934137 3060441
4683659 402231
3939722 4176152
3567459 3277709
1576619 3149469
266321 1878476
2890295 51329
1794281 184342
3302291 527871
4475832 1031735
2914947 3881438
614545 1700681
2151278 163491
3684335 3288860
922254 792916
4074531 825336
4712603 733715
449502 2045749
1472415 3574798
4197449 4506815
4968204 1134274
4278229 4998151
2184735 4925346
910512 759212
4709490 1259747
2381638 819285
4278612 3343911
2630477 3213299
64574 2640651
1847181 3090876
1870316 3859719
4996613 611780
556948 531259
243426 1494388
4286509 3573412
619523 1044394
3575549 4979372
3270250 490541
1696454 2001435
4551728 2483682
1200415 1473492
2500738 3896915
2690485 1224130
1462997 2521649
440984 3701311
1597049 3930457
2116342 4338218
3459884 4916087
417610 473429
4943094 4912082
3648076 4313605
250294 4521254
24864 1715850
4194748 3559363
2254683 3824359
3770315 2597340
4486052 1500518
1930107 1940901
3692525 1061301
3770054 264602
504720 828832
4676864 2246466
314705 4234319
2476737 536455
1364485 1933725
4902404 356785
4305123 3821396
2404096 3079235
1424540 2382963
1700283 507414
1839923 832614
622449 276242
3056123 4785212
4187722 31892
116622 4454908
1156879 2360330
2368107 4939503
595577 3087917
716535 2765897
3235736 3450498
1996028 292290
1071815 2531617
3659747 3672166
3336967 1725371
3627496 3943699
2453438 890184
481938 2794668
2363777 2524158
2800279 696719
4086364 1441689
1644762 1519067
2035796 374986
299974 362013
2384750 4917481
3000792 988394
2994595 1249840
2700844 2236522
1447899 1206764
4874935 684625
4615517 4226440
222817 4262781
2554594 3603974
1703014 3133598
1850723 4460280
4502937 1789981
770833 4063994
592210 2660415
2136397 3557504
2734489 1873992
4130863 2642582
1807244 2510982
2006491 251709
2333148 3002756
2655511 1577102
4200506 1596748
4863660 1997646
3318937 4868559
2485761 430110
1407829 2018365
8559 2698690
4139544 260048
2836442 983638
350246 251050
3683044 2506468
4514438 447377
4309452 1952967
2253774 3604973
4645630 479717
1573422 2282201
2425362 2504340
1627832 2687491
1153805 2266301
3040285 921767
3431584 12144
1122019 859512
213488 2380758
4594402 3545057
3041705 1628965
2181679 977132
3531749 887785
4856422 1669436
2467296 2639923
4466475 3532782
2988091 4782211
2182837 3872560
3378099 4700348
4460655 251330
1436127 3468627
3461720 4994260
2590276 4744947
1812602 4967622
4061733 4330705
3114706 1149790
1038507 4509629
2568625 2887256
4089847 4607526
1838502 1238933
1250252 144606
1621006 1384100
382062 4348293
1807543 4545966
4253471 98558
3831838 1851379
4570227 2753986
1489725 1570712
3238499 1636605
4324480 3084596
1594288 1974585
757057 2271685
874606 456180
2330018 2846902
1739536 1247918
4969156 4888993
4858220 1595754
1635746 688845
4367659 2482437
3084721 4811508
1777739 4475914
3303255 2439629
90710 578303
177777 4667380
976277 2831664
4235825 2293148
4052179 4637118
274000 939429
1843896 4842002
1739329 2057935
649372 4441680
4116183 1999700
3664192 875783
3015697 4963242
3820694 2400394
508876 2044902
1534072 48508
1197521 1955791
4863076 4869392
2860290 3682430
3347513 4627237
4576977 2849714
390221 3123960
4788192 3608094
2978520 489492
2463879 3539827
2172885 4396218
2938262 735519
2112285 2383555
4413726 2126673
215756 3794866
2157899 3383784
720975 2886156
1029657 1173090
1230107 1963758
130623 593392
4670822 3430928
3397805 3325923
307285 3846788
4641396 211101
2047570 3589350
1695801 3383628
4083073 679119
2177187 1067911
3587666 1407469
1159501 3436851
518833 3261877
4641295 3865563
1466107 572022
583021 4145581
2151417 593233
2121620 4985586
1738937 2523480
4632420 7837
778915 407078
2119150 4342419
1785592 1371765
2029161 745997
4706444 3404292
4620576 2174817
4532277 74670
1750279 1872940
2928820 646304
1265404 4275748
2589050 1759178
117577 3734004
152855 3161614
561858 2884072
4537803 1697841
1136421 645158
2173015 825996
2408379 4576805
3502088 625868
3836108 1011635
1698527 3498944
2998415 3230258
3108019 2510194
3016687 878383
2310964 156268
4013641 3248684
2716012 833874
1079091 2405371
3165205 3985017
4569850 2761826
219850 1596635
2322080 2920424
268889 2138063
2663943 698460
4294139 2488165
507640 2781714
2141277 3826174
3565210 1684631
3833651 3496992
4063075 1163034
264914 4924827
3846525 3458810
4651167 235000
2192696 2460707
114156 1315046
2737595 4854889
3680859 2250363
2065019 984570
619327 2545711
2568271 3100369
4014433 1164785
665106 1975463
3514280 445044
1297590 1386393
1415891 3575930
4138418 3343933
3191887 520712
4954973 3118468
1659347 1199553
168947 2368671
2746950 1733529
1721868 4743331
193867 725155
3566926 3258923
682252 1559785
4495518 4999637
3131072 2962642
2521969 681010
2683690 2959233
1593084 991945
4209739 3324369
4356516 3025036
4350648 1455449
4579659 2553144
3692447 2741788
631039 158406
4708905 343774
528234 2958284
3826330 316979
1424125 1615047
4108753 113999
2561126 2732054
2301146 709742
2298313 828991
1943766 4446
2047256 2678807
65851 2919424
4599209 3839127
3760535 889815
3806199 2652605
3719950 1655286
3578347 1577848
3340560 1920142
541900 2383669
3926114 2995465
1299440 2242365
4121554 962096
4333532 1077704
4500597 2255966
1630807 93050
4555838 4269585
2711000 1720301
2300785 2475783
4388710 384004
544644 983476
1238111 3508408
4296164 1849962
632721 909179
3500691 3331379
379898 4626423
2172737 711037
3668335 2423983
4802567 377152
1261323 1396191
4714331 4349825
3784955 1011232
4077282 1441103
1457870 1850463
3542994 3819597
2100882 2977755
3433715 4132937
4712254 1190052
507739 147297
3475022 3988484
3664520 3441244
1611508 1118069
1310872 4640190
889771 3777625
128888 891870
4642217 2125316
3120715 43842
4921716 4506059
1156135 92900
4675376 2205183
3877182 4478996
2032083 3344663
1895720 4639857
3398340 3942923
43227 3072899
2531778 4028361
2624948 3988639
2499817 2616090
1637600 1194903
4781220 1552801
1009453 2214384
1916357 4363482
4539122 2127152
1969800 1136016
701680 229590
4326804 2154432
3578180 3556200
2163364 3156927
2451937 991623
4394952 4560265
2445086 4075277
2302703 4925364
1900749 2200139
4124773 4025273
4212420 2908856
3677757 3421249
3013719 183261
506868 1049777
