1000
83 -14 319
-28 -18 422
18 14 541
53 -80 73
28 -25 98
50 59 814
-1 53 757
36 27 219
59 0 430
89 -32 675
-66 -57 373
-74 -18 57
68 -86 606
26 64 708
-65 -17 104
9 57 455
4 7 447
45 32 937
71 -91 152
32 71 13
-75 70 31
7 21 623
-69 82 75
26 -23 295
0 49 646
88 -48 137
99 -99 640
19 -43 773
13 13 740
-98 40 141
56 15 523
-48 13 261
-70 46 515
-32 -93 653
-12 64 780
43 9 638
-34 33 823
28 -89 905
-10 8 434
27 79 359
-21 -36 594
-84 -25 734
10 -50 490
17 63 938
-9 87 771
7 80 220
-23 52 293
-17 -39 592
-3 61 348
-53 -100 547
-44 29 23
-52 -6 406
-19 74 21
95 13 866
17 88 280
-10 -64 840
29 -17 929
-70 -88 942
79 -61 1
-41 -70 713
-94 -1 990
12 -15 339
65 70 562
-17 33 880
67 -92 28
78 52 941
-67 -45 484
-43 57 292
37 -88 480
-28 78 647
84 -43 405
-96 -42 186
-8 72 347
64 16 67
-26 -66 400
-44 -88 2
15 -75 365
74 -92 685
-48 -37 445
98 -74 868
96 -91 48
-64 -55 909
-7 -78 118
-18 -5 718
-74 65 36
-70 27 257
-66 75 717
7 -99 387
-91 0 1000
-25 -86 620
-20 -50 742
11 72 387
26 11 155
-42 90 912
-77 -20 377
43 -43 7
-61 2 609
-15 26 999
-44 -97 127
-5 23 67
83 2 604
-70 -45 822
-64 -6 387
29 -49 163
-38 21 790
24 61 648
-87 -78 682
-6 -32 641
47 -61 421
-83 11 653
-93 4 681
16 -13 36
30 96 974
-32 -100 488
62 -92 514
50 28 355
-42 17 204
-22 90 43
-20 93 624
-32 26 694
0 -95 996
72 -14 55
38 -18 149
-17 71 928
-36 46 698
49 3 717
88 -58 243
23 -59 851
-75 82 826
-70 59 312
51 49 918
-5 -16 7
58 -40 383
-84 11 667
77 49 877
-52 -81 870
-51 -17 835
92 -7 271
70 17 857
96 -75 257
50 -58 302
87 -49 342
10 80 226
-46 81 24
59 -67 304
93 -87 789
-22 90 493
96 -28 1000
55 -6 39
8 15 665
-13 17 814
43 -76 691
-50 62 80
82 73 698
-30 7 715
29 53 213
6 84 207
30 -100 334
-45 4 276
-33 -24 263
-64 11 474
77 86 400
100 82 742
4 65 637
-23 -33 191
8 -43 30
1 14 2
-93 -54 792
93 33 893
20 -15 505
-2 8 655
47 83 206
-58 -37 822
-17 -80 639
61 -19 86
-78 70 344
0 -35 245
28 24 403
-96 8 338
-57 25 284
-13 66 451
-77 -24 434
-54 -94 940
38 -15 628
-83 84 172
-79 53 26
5 23 932
28 27 872
3 90 662
53 9 748
-40 -48 694
-81 68 418
36 -54 903
-64 -56 138
3 -31 221
62 20 494
8 -72 263
-62 24 750
14 92 204
82 66 473
-44 6 658
67 26 276
-79 -66 538
90 -16 857
88 -40 654
43 63 153
-91 -46 899
-80 73 888
-80 -82 288
-67 -13 696
2 63 747
20 57 856
-20 -30 530
-58 -94 919
69 20 757
-13 -74 135
-4 83 10
-54 44 352
-65 -3 972
-66 92 746
-82 -71 961
74 38 872
-13 -3 290
6 -62 925
-75 -51 483
28 -55 171
22 61 451
-17 23 332
0 95 225
-86 14 62
68 -62 26
86 72 631
22 -41 116
-1 -21 748
18 53 916
54 15 56
57 100 128
-56 67 368
-79 10 877
-40 12 663
-54 66 156
-63 68 859
-100 -73 680
26 -71 843
-2 96 228
63 -50 823
17 -39 67
-61 -78 224
43 -100 30
44 91 754
26 78 477
-64 40 428
79 96 127
32 -70 816
-73 56 433
-15 -19 187
-59 -27 610
72 -95 709
77 32 202
-40 -54 657
-58 7 886
57 -3 405
75 -10 322
18 84 569
23 -34 480
86 33 444
-11 -35 399
51 81 406
-67 -18 231
41 14 491
75 -74 807
-62 -21 261
-76 44 652
76 84 852
57 -60 513
-55 -32 652
34 82 421
-93 18 781
-99 45 40
-61 -81 754
-90 -89 751
-2 0 403
97 37 296
-24 56 50
33 -46 845
-60 -56 355
-66 45 593
-45 84 782
-57 -53 436
51 -54 258
32 -15 717
-54 38 980
94 -78 181
93 0 877
97 58 47
42 -43 969
-62 -6 514
-52 -47 920
95 -14 73
-5 24 247
50 1 601
-63 -20 395
42 -81 846
-30 -37 714
-76 -21 71
-63 -37 996
-94 26 356
-87 29 111
-73 -44 106
-17 75 360
-11 17 421
-12 9 228
-41 -37 448
-40 -9 505
-85 -49 751
-6 -1 169
68 50 712
100 -88 199
-38 -50 816
35 -96 871
30 -12 402
40 -49 155
2 -12 975
-63 -81 770
38 -4 705
86 1 510
5 -27 264
9 2 362
60 71 270
-44 4 295
-50 81 496
81 -60 939
-93 12 534
-68 -16 358
-46 76 193
32 -65 844
34 29 471
-100 -29 111
30 76 528
41 87 121
-87 -52 468
2 -97 58
-4 -45 57
78 32 739
-73 71 421
70 32 565
4 -100 102
-40 -91 883
-91 49 190
-42 -22 720
-98 7 253
64 83 995
-63 -38 236
-1 -65 240
59 -31 631
-31 -38 34
89 84 171
-12 -79 533
0 78 77
-62 60 928
-91 -66 297
-57 -26 459
-20 90 165
-85 97 259
-9 15 924
-38 -67 114
-57 100 155
0 36 381
-64 45 721
62 28 116
-33 -17 288
-49 18 271
93 90 551
-90 -19 569
-94 -47 371
37 45 754
55 98 730
-18 -98 916
27 94 86
91 -13 242
-52 2 927
18 0 16
52 34 97
67 14 545
44 86 631
25 -12 976
34 -11 78
59 -43 474
-60 88 750
-28 -19 840
61 -83 698
-62 -53 691
-19 -10 693
-84 73 925
52 82 50
5 21 60
2 48 640
23 -7 332
33 -34 876
50 -74 172
-16 60 923
85 -98 961
-74 -82 632
55 -46 896
-88 -86 55
-61 71 250
21 53 95
-50 -58 122
-47 -15 984
-17 83 188
-60 44 173
28 22 575
-91 -11 428
-66 30 325
92 -61 444
60 -88 824
55 50 626
-3 39 62
36 -44 654
-4 78 589
65 -59 937
37 -45 990
-2 -86 438
34 20 529
0 69 49
45 -28 441
81 37 64
-14 71 147
-84 -49 620
78 -9 609
-7 59 71
-66 -94 179
-92 -57 730
-60 57 893
81 74 762
-87 14 607
-70 99 867
18 94 130
53 -60 330
90 52 279
89 33 552
9 22 48
-80 -66 980
100 23 426
-82 38 387
88 11 76
-43 -88 164
17 57 715
100 -46 752
-29 60 562
-47 79 897
94 -3 308
0 -44 947
0 52 741
-98 98 923
-78 14 229
28 79 248
9 -31 589
0 81 855
84 58 806
-70 2 518
83 -58 682
89 -6 830
0 44 212
-67 -12 820
97 19 990
-75 18 88
-39 -44 971
-23 75 732
-59 -19 694
37 -8 16
-11 50 569
25 68 560
-86 -88 989
-100 -6 657
69 -97 354
5 -15 623
40 5 370
0 41 500
49 47 957
-30 98 300
-69 16 303
-95 42 349
-35 30 836
-64 3 588
95 21 779
13 -56 879
14 2 427
-29 54 190
2 29 776
-67 99 12
-66 -92 599
44 -20 847
96 -30 274
-56 39 19
78 -13 462
11 12 360
-4 65 361
-91 -1 228
65 -78 565
74 19 786
-5 27 830
45 -77 403
73 -4 920
22 46 688
64 30 538
47 -65 29
67 -32 398
96 20 607
28 59 498
-41 -15 739
-12 40 194
92 82 851
-20 87 944
-52 -9 968
-51 47 385
25 -56 590
-97 43 723
28 11 607
81 63 344
66 -58 803
-8 23 914
-10 -11 864
40 -83 44
-64 -60 38
57 -5 514
71 30 138
-44 -91 500
90 -95 75
96 100 948
99 -45 268
-56 -78 450
-75 -65 351
71 -70 622
31 87 845
65 81 376
-53 0 108
94 -58 786
39 41 867
-65 38 345
73 48 204
40 -39 686
8 19 330
70 -32 658
7 -25 2
-22 -60 909
54 60 443
90 -92 392
9 -65 602
89 62 121
-57 -98 514
-37 3 848
52 23 299
-69 -54 271
-36 32 148
-87 52 935
41 -36 390
43 -21 194
-75 33 1000
-6 -79 746
-99 -77 709
53 -12 457
84 -29 975
59 86 431
-24 -76 877
35 32 556
-16 -25 268
40 -15 890
12 30 813
55 30 652
53 -15 937
-31 -32 201
-100 35 200
40 -45 560
-29 -42 974
-16 -46 958
7 91 382
90 -64 720
-80 -65 673
98 37 772
12 -68 870
20 58 928
-98 -2 49
-58 20 447
-91 -18 388
-86 -29 890
50 -20 136
22 -85 280
58 -81 645
-66 -63 304
33 62 515
-64 52 735
28 97 766
5 13 426
-77 13 643
-47 -51 64
-16 91 463
87 -1 106
5 -98 707
-29 43 736
45 74 753
26 -74 825
13 83 952
-7 -95 247
-9 93 503
76 -48 207
-10 -87 2
40 -49 819
85 54 636
-20 96 193
-57 -28 498
-31 -94 188
-88 0 88
90 85 816
1 42 563
-100 2 974
-65 4 327
19 81 369
50 37 980
-34 -99 104
-57 -26 408
-20 -63 764
-38 9 438
61 -96 648
4 47 36
96 96 690
-12 62 186
-77 12 651
77 46 341
-67 70 622
-80 -72 767
81 16 833
85 46 701
-91 83 555
47 -61 564
-72 25 983
63 -32 680
-43 -8 645
26 -25 327
-44 -92 347
-97 -50 433
-3 -89 447
27 72 23
75 -16 580
73 -60 815
-64 28 601
-73 99 918
-33 -31 638
-94 -67 136
73 35 141
93 -83 361
-23 -92 649
92 7 941
21 69 423
-4 -84 568
78 -55 984
1 85 70
-70 21 911
-73 -85 579
45 76 710
71 -53 187
23 -43 647
-37 3 893
63 67 682
-92 58 452
45 91 660
40 -86 694
-57 -32 919
-21 24 950
-49 91 293
33 0 958
-54 70 497
-80 -71 734
42 88 632
-24 96 504
11 -88 577
34 0 790
-2 90 820
26 41 877
50 -54 296
44 70 855
35 -32 141
80 -14 644
0 10 166
30 -86 424
-80 61 801
74 -16 601
-100 -90 154
-60 46 439
-89 32 257
-99 27 414
-93 -8 774
9 -10 13
26 63 653
11 1 841
62 -75 698
-40 87 293
-45 99 516
67 -68 143
70 2 786
3 -97 661
36 6 33
13 -35 215
-12 60 338
4 -13 989
-54 33 727
-84 48 193
-35 91 349
37 -79 616
45 61 883
0 33 512
5 -49 123
-76 -60 548
-87 79 661
62 -57 127
-77 81 655
11 -14 899
-42 -37 610
23 53 12
13 83 682
-38 76 269
-14 -98 991
20 -53 815
80 -13 856
-27 88 543
-28 29 313
-73 -15 263
-42 31 879
-62 1 63
47 88 537
9 84 509
94 -12 589
11 -81 609
-99 -70 145
86 -9 262
-28 87 586
-90 -41 937
-46 -77 273
43 80 24
-7 -48 18
-91 -65 816
-55 -96 928
29 25 204
-87 -36 470
-27 32 567
-5 -31 499
-3 -62 118
-57 -90 334
-88 1 592
79 -41 230
-44 22 384
-29 78 413
61 28 443
24 -6 935
39 89 580
-72 -16 983
63 59 95
-18 -88 964
36 36 330
16 -11 865
-59 55 628
69 -65 699
4 -38 271
-72 78 288
92 -35 922
-40 -66 371
23 -30 97
-38 -10 274
-80 -57 870
9 50 584
-1 -34 931
19 58 985
-75 -47 302
-45 -45 755
2 -91 234
87 -19 476
86 -49 20
-45 -60 809
-17 -63 861
20 -34 433
-69 73 121
-96 62 973
-64 63 664
31 63 631
58 -95 337
40 91 683
38 -79 983
-70 4 131
95 -97 178
-19 88 606
-35 -95 579
-13 34 886
-47 -32 77
-39 -19 275
82 -89 178
74 47 117
-74 -51 911
71 46 592
96 -28 826
-58 -84 347
78 -53 43
-67 -10 63
90 -88 521
-73 71 600
-24 -42 910
95 -13 99
47 60 396
-88 3 986
62 9 43
-13 -59 515
-61 -39 807
82 -16 929
-36 -68 967
-25 -49 342
78 -31 847
-23 -77 675
82 59 881
57 35 391
11 -15 500
90 -88 560
-86 3 422
36 39 705
89 47 915
69 92 548
0 45 851
-92 64 106
85 -37 916
-94 -74 268
89 -34 546
55 -45 410
83 -92 125
-39 -83 864
10 92 531
58 98 150
-56 78 142
37 -70 230
4 -10 65
-78 46 359
-71 -91 384
77 -63 899
69 48 791
22 -46 841
-40 60 882
-57 74 752
-25 -14 318
46 -100 514
20 -16 765
-71 90 265
91 -72 291
-14 -32 311
1 -13 554
70 -24 271
74 14 113
43 -41 861
23 51 759
-52 -43 104
-61 98 85
16 79 592
-48 78 381
36 37 203
38 18 185
19 33 833
-14 -92 984
47 -54 469
39 84 428
49 -31 847
-94 -33 820
-24 -87 516
-34 43 916
-92 6 130
35 19 936
20 76 761
58 82 971
-88 -34 100
31 43 216
1 -94 373
-45 14 438
-63 12 325
-36 12 621
-31 1 29
76 35 277
23 -14 931
-12 -15 831
9 9 219
-6 34 194
73 -7 399
-80 57 432
-51 50 391
88 -17 266
-65 -27 168
-68 -9 675
36 -62 137
79 -56 313
57 82 61
20 -10 22
-87 92 716
90 94 325
26 86 188
0 18 843
-30 -79 522
-50 -49 198
26 -49 939
-13 -31 894
-99 -58 966
-73 -7 520
94 49 381
46 -10 883
-69 -39 482
62 68 828
2 -89 812
-66 49 397
-95 67 917
11 -17 573
-97 26 362
-77 -75 163
88 14 639
-18 86 998
-73 31 47
-18 61 299
-60 0 360
50 24 577
43 -8 835
26 64 635
-38 -9 235
-40 -99 864
87 -23 965
-69 -13 908
4 26 479
-51 -7 362
72 44 303
-76 -12 649
-61 49 855
-43 92 576
-52 74 979
-29 57 674
-18 -68 287
77 -55 664
-70 -84 594
-99 19 956
97 56 251
-9 -93 59
0 91 203
-60 57 973
-69 -24 521
-16 -36 729
48 6 222
-61 -15 387
51 76 244
73 33 246
-23 90 463
-42 95 828
-74 40 343
-79 -64 283
18 -35 153
23 -78 778
71 -20 675
-9 -29 103
32 36 341
-8 23 675
-43 21 276
18 18 705
3 -87 90
23 -75 940
-64 -37 604
31 -52 363
-18 8 637
90 32 798
-41 81 881
99 40 444
-19 81 687
-61 29 450
1 51 128
-39 -51 888
100 -56 399
-52 63 537
-41 -57 20
-5 20 260
53 47 690
-50 43 281
-19 49 234
-74 -2 320
-87 80 766
-20 63 326
-70 -86 52
27 18 880
59 0 720
-50 23 355
-17 53 912
-98 -2 10
-28 -44 921
68 -42 669
-33 -93 5
54 -59 277
-6 33 276
36 9 834
-70 -31 341
93 -12 265
0 -47 970
84 59 360
24 -41 484
