309
542 -15 87
-779 -912 57
-426 228 83
912 807 19
-611 -298 1
-517 507 8
-166 -133 51
-167 -450 66
-361 -904 26
-642 -104 87
126 -156 67
-680 772 19
555 53 92
586 880 24
-997 0 16
662 -934 77
510 95 15
671 -551 91
522 -725 36
254 -396 62
-779 -260 61
-274 521 76
490 620 32
676 -597 49
492 939 57
-234 -184 69
-642 844 4
-458 786 81
47 -162 6
805 804 76
251 960 76
-372 276 57
-630 418 4
-215 419 65
-248 602 96
-606 990 27
856 116 42
-292 -59 5
153 85 31
-671 908 87
496 -191 1
-480 -568 3
708 490 64
-723 276 28
589 280 0
-531 -452 4
255 987 45
-692 228 79
839 360 49
97 -137 10
-33 -147 80
534 -320 80
-811 -249 40
357 -593 66
95 -181 87
248 895 17
459 -805 57
-789 -375 20
-350 -649 59
-194 721 11
346 -723 68
890 -124 93
-793 198 61
525 98 55
-388 554 94
-805 -693 45
-180 -27 0
-663 -368 100
870 -738 15
545 -458 66
-521 771 17
-228 257 33
-90 -568 21
766 -244 99
-354 215 45
882 -418 57
-55 836 7
839 869 86
60 -622 92
-250 -960 96
940 -613 70
834 742 68
-957 482 20
-394 41 54
-405 -489 9
-475 887 94
-253 318 65
199 569 64
554 -907 83
-885 -689 27
945 -151 94
-594 113 53
849 -183 56
-799 -838 21
616 -440 31
-986 5 95
-185 175 15
-196 436 2
750 575 49
635 677 9
495 -24 81
449 -687 45
97 -416 15
125 624 47
-827 -812 78
738 -336 53
816 415 72
609 -553 58
408 -277 68
205 -438 8
-347 871 86
-716 -967 82
-673 -783 11
-362 778 6
770 68 28
-313 988 84
548 -146 23
-290 276 63
-395 -445 2
-923 683 53
-258 -302 22
493 -933 2
-21 -277 14
665 -646 18
258 33 46
140 97 60
-628 -472 84
-610 -878 28
841 -656 80
235 506 60
324 -530 59
-985 36 36
-126 714 30
-951 -303 25
-654 -832 46
-599 682 56
-457 470 80
-94 -255 71
-740 921 4
-208 -958 89
656 295 19
-151 362 84
200 548 30
-686 171 20
492 365 82
-890 -865 90
524 -936 57
412 977 13
-42 318 27
293 -739 9
897 33 36
30 -263 60
-651 -86 48
-247 -118 86
220 -760 20
-534 394 8
-357 -962 93
-822 -837 20
679 930 70
-2 -89 9
-769 -344 76
-227 755 82
-906 456 91
-494 227 48
-446 529 52
555 -703 81
964 -473 19
-899 -132 27
-448 653 94
-408 -615 80
-818 308 26
-96 502 96
33 -308 92
-705 -158 11
-969 -847 74
-976 -722 61
303 -356 42
-27 -828 78
-317 -387 54
193 217 37
-921 -564 5
537 354 100
-132 994 7
-675 151 87
524 -122 30
-715 -732 18
-816 -20 21
-175 86 74
-628 -586 42
47 150 72
825 -34 33
248 94 44
-307 -947 10
614 -512 7
10 134 81
588 152 18
-365 -333 35
599 -387 40
211 -381 49
-287 -431 10
-389 565 53
240 -977 13
582 638 45
-601 774 30
-859 -135 60
-986 -914 18
-945 -76 10
-207 56 81
-138 642 85
579 701 95
-408 946 79
6 -369 95
-502 -844 76
111 248 98
156 292 15
432 686 4
-269 -159 57
-658 199 100
126 -759 66
209 107 54
-900 -456 46
-323 651 32
592 -183 21
-180 843 23
-181 468 89
34 780 17
788 94 80
810 -901 99
-347 -184 83
186 -165 63
847 -242 66
979 -325 43
735 -915 53
289 161 15
-667 717 36
-102 692 35
-678 -791 70
676 556 36
892 -394 96
425 -901 12
152 -612 43
281 252 60
-838 881 44
-320 420 17
659 -784 2
-401 -446 73
493 804 51
-421 -754 99
-725 -660 39
-505 683 76
-309 154 86
-840 -232 37
230 -523 9
-247 -847 30
716 91 84
-851 42 34
508 682 87
58 -298 12
-963 -347 77
-79 -687 45
-143 336 55
-252 -688 84
734 592 33
-935 51 69
915 -238 55
-979 674 24
548 -365 70
-895 887 45
-325 -958 25
495 383 38
-514 -870 29
215 -739 87
-954 690 79
-272 930 28
-485 -210 57
-245 -547 41
-492 -736 32
622 752 52
402 254 64
-506 740 91
-327 -705 93
-616 -23 33
892 -872 6
651 627 59
-230 -462 68
919 -28 12
-402 855 85
-586 952 64
-854 -721 51
186 -751 48
97 -914 28
640 -381 73
735 -179 52
-26 443 78
-206 608 73
-660 668 19
429 -106 38
-338 691 14
9 89 73
119 589 40
-393 511 53
722 -472 72
990 -627 16
-118 -811 58
7 922 67
-415 650 81
332 -963 35
947 313 37
-391 -452 2
