42
449 -328 709
467 329 700
-117 -258 491
-993 931 359
-590 899 370
404 -698 442
705 -757 893
-642 273 675
-788 -291 660
-126 704 522
-617 -630 847
-715 732 304
32 168 76
31 934 419
-782 875 335
-992 70 610
611 60 829
-962 369 928
-407 -602 517
-102 -80 829
84 635 921
-964 304 16
717 898 824
-751 558 963
277 -152 743
-632 559 323
149 925 427
-76 -161 442
-275 -726 901
-177 749 416
922 -479 139
900 -559 393
-353 597 477
568 37 281
806 365 998
321 176 273
-730 53 911
-894 -785 725
-879 -624 419
-296 611 295
-609 917 244
503 -525 218
