1000
-40 -30 941
-40 -29 985
-40 -28 972
-40 -27 938
-40 -26 980
-40 -25 969
-40 -24 965
-40 -23 968
-40 -22 996
-40 -21 922
-40 -20 949
-40 -19 967
-40 -18 951
-40 -17 961
-40 -16 963
-40 -15 987
-40 -14 966
-40 -13 924
-40 -12 980
-40 -11 983
-40 -10 971
-40 -9 960
-40 -8 964
-40 -7 952
-40 -6 990
-40 -5 960
-40 -4 949
-40 -3 931
-40 -2 923
-40 -1 999
-40 0 994
-40 1 911
-40 2 925
-40 3 924
-40 4 951
-40 5 915
-40 6 913
-40 7 939
-40 8 967
-40 9 997
-40 10 919
-40 11 976
-40 12 912
-40 13 933
-40 14 999
-40 15 918
-40 16 992
-40 17 935
-40 18 974
-40 19 900
-40 20 995
-40 21 971
-40 22 939
-40 23 933
-40 24 939
-40 25 932
-40 26 937
-40 27 945
-40 28 957
-40 29 971
-40 30 995
-39 -30 905
-39 -29 971
-39 -28 924
-39 -27 986
-39 -26 908
-39 -25 951
-39 -24 954
-39 -23 974
-39 -22 924
-39 -21 975
-39 -20 970
-39 -19 933
-39 -18 963
-39 -17 929
-39 -16 999
-39 -15 958
-39 -14 994
-39 -13 952
-39 -12 913
-39 -11 935
-39 -10 999
-39 -9 946
-39 -8 957
-39 -7 971
-39 -6 923
-39 -5 917
-39 -4 903
-39 -3 994
-39 -2 948
-39 -1 977
-39 0 918
-39 1 983
-39 2 911
-39 3 983
-39 4 925
-39 5 959
-39 6 962
-39 7 902
-39 8 978
-39 9 986
-39 10 907
-39 11 994
-39 12 965
-39 13 980
-39 14 932
-39 15 939
-39 16 984
-39 17 960
-39 18 965
-39 19 972
-39 20 961
-39 21 958
-39 22 984
-39 23 908
-39 24 972
-39 25 912
-39 26 919
-39 27 947
-39 28 949
-39 29 949
-39 30 959
-38 -30 971
-38 -29 952
-38 -28 934
-38 -27 922
-38 -26 921
-38 -25 920
-38 -24 992
-38 -23 933
-38 -22 980
-38 -21 939
-38 -20 974
-38 -19 909
-38 -18 928
-38 -17 997
-38 -16 1000
-38 -15 993
-38 -14 929
-38 -13 925
-38 -12 904
-38 -11 966
-38 -10 979
-38 -9 981
-38 -8 998
-38 -7 921
-38 -6 991
-38 -5 962
-38 -4 982
-38 -3 904
-38 -2 959
-38 -1 1000
-38 0 934
-38 1 901
-38 2 951
-38 3 980
-38 4 992
-38 5 969
-38 6 977
-38 7 939
-38 8 938
-38 9 997
-38 10 951
-38 11 934
-38 12 935
-38 13 919
-38 14 922
-38 15 901
-38 16 967
-38 17 909
-38 18 990
-38 19 931
-38 20 982
-38 21 911
-38 22 951
-38 23 984
-38 24 978
-38 25 970
-38 26 974
-38 27 942
-38 28 1000
-38 29 988
-38 30 953
-37 -30 980
-37 -29 957
-37 -28 962
-37 -27 932
-37 -26 951
-37 -25 948
-37 -24 963
-37 -23 992
-37 -22 946
-37 -21 904
-37 -20 961
-37 -19 931
-37 -18 998
-37 -17 969
-37 -16 952
-37 -15 988
-37 -14 920
-37 -13 968
-37 -12 941
-37 -11 948
-37 -10 979
-37 -9 997
-37 -8 998
-37 -7 956
-37 -6 944
-37 -5 973
-37 -4 903
-37 -3 963
-37 -2 1000
-37 -1 987
-37 0 987
-37 1 941
-37 2 979
-37 3 964
-37 4 983
-37 5 963
-37 6 901
-37 7 921
-37 8 972
-37 9 924
-37 10 909
-37 11 975
-37 12 951
-37 13 925
-37 14 953
-37 15 977
-37 16 900
-37 17 952
-37 18 930
-37 19 996
-37 20 993
-37 21 932
-37 22 989
-37 23 970
-37 24 989
-37 25 955
-37 26 971
-37 27 979
-37 28 940
-37 29 910
-37 30 964
-36 -30 980
-36 -29 930
-36 -28 919
-36 -27 962
-36 -26 967
-36 -25 998
-36 -24 942
-36 -23 908
-36 -22 932
-36 -21 957
-36 -20 927
-36 -19 922
-36 -18 901
-36 -17 938
-36 -16 989
-36 -15 952
-36 -14 974
-36 -13 943
-36 -12 908
-36 -11 902
-36 -10 965
-36 -9 982
-36 -8 920
-36 -7 967
-36 -6 922
-36 -5 943
-36 -4 922
-36 -3 995
-36 -2 916
-36 -1 948
-36 0 925
-36 1 906
-36 2 975
-36 3 986
-36 4 996
-36 5 903
-36 6 985
-36 7 943
-36 8 969
-36 9 993
-36 10 904
-36 11 961
-36 12 953
-36 13 981
-36 14 943
-36 15 984
-36 16 920
-36 17 915
-36 18 934
-36 19 922
-36 20 935
-36 21 926
-36 22 928
-36 23 933
-36 24 967
-36 25 919
-36 26 979
-36 27 919
-36 28 945
-36 29 908
-36 30 913
-35 -30 951
-35 -29 900
-35 -28 986
-35 -27 968
-35 -26 918
-35 -25 947
-35 -24 982
-35 -23 903
-35 -22 916
-35 -21 980
-35 -20 900
-35 -19 918
-35 -18 939
-35 -17 922
-35 -16 905
-35 -15 926
-35 -14 965
-35 -13 970
-35 -12 921
-35 -11 992
-35 -10 966
-35 -9 965
-35 -8 914
-35 -7 906
-35 -6 946
-35 -5 946
-35 -4 921
-35 -3 932
-35 -2 980
-35 -1 935
-35 0 986
-35 1 906
-35 2 967
-35 3 929
-35 4 942
-35 5 971
-35 6 914
-35 7 977
-35 8 955
-35 9 903
-35 10 901
-35 11 914
-35 12 938
-35 13 971
-35 14 982
-35 15 941
-35 16 965
-35 17 912
-35 18 905
-35 19 977
-35 20 903
-35 21 967
-35 22 922
-35 23 959
-35 24 940
-35 25 981
-35 26 948
-35 27 963
-35 28 963
-35 29 925
-35 30 945
-34 -30 932
-34 -29 978
-34 -28 983
-34 -27 926
-34 -26 996
-34 -25 918
-34 -24 999
-34 -23 945
-34 -22 956
-34 -21 931
-34 -20 930
-34 -19 945
-34 -18 947
-34 -17 980
-34 -16 901
-34 -15 907
-34 -14 981
-34 -13 918
-34 -12 901
-34 -11 990
-34 -10 915
-34 -9 971
-34 -8 922
-34 -7 969
-34 -6 944
-34 -5 918
-34 -4 931
-34 -3 960
-34 -2 916
-34 -1 993
-34 0 913
-34 1 917
-34 2 944
-34 3 997
-34 4 998
-34 5 951
-34 6 946
-34 7 942
-34 8 922
-34 9 947
-34 10 972
-34 11 997
-34 12 924
-34 13 952
-34 14 955
-34 15 959
-34 16 925
-34 17 1000
-34 18 928
-34 19 905
-34 20 914
-34 21 976
-34 22 932
-34 23 941
-34 24 997
-34 25 961
-34 26 932
-34 27 920
-34 28 900
-34 29 902
-34 30 908
-33 -30 941
-33 -29 952
-33 -28 977
-33 -27 935
-33 -26 922
-33 -25 998
-33 -24 978
-33 -23 992
-33 -22 968
-33 -21 929
-33 -20 982
-33 -19 933
-33 -18 928
-33 -17 916
-33 -16 905
-33 -15 909
-33 -14 921
-33 -13 913
-33 -12 926
-33 -11 939
-33 -10 959
-33 -9 969
-33 -8 910
-33 -7 942
-33 -6 904
-33 -5 913
-33 -4 980
-33 -3 934
-33 -2 942
-33 -1 1000
-33 0 944
-33 1 932
-33 2 970
-33 3 915
-33 4 932
-33 5 908
-33 6 983
-33 7 910
-33 8 923
-33 9 973
-33 10 908
-33 11 953
-33 12 907
-33 13 921
-33 14 910
-33 15 952
-33 16 914
-33 17 982
-33 18 928
-33 19 924
-33 20 933
-33 21 994
-33 22 959
-33 23 904
-33 24 917
-33 25 973
-33 26 953
-33 27 985
-33 28 931
-33 29 1000
-33 30 974
-32 -30 974
-32 -29 912
-32 -28 972
-32 -27 938
-32 -26 934
-32 -25 914
-32 -24 922
-32 -23 953
-32 -22 900
-32 -21 930
-32 -20 995
-32 -19 903
-32 -18 952
-32 -17 979
-32 -16 941
-32 -15 936
-32 -14 981
-32 -13 925
-32 -12 924
-32 -11 967
-32 -10 948
-32 -9 995
-32 -8 944
-32 -7 907
-32 -6 996
-32 -5 977
-32 -4 990
-32 -3 948
-32 -2 992
-32 -1 945
-32 0 978
-32 1 993
-32 2 995
-32 3 938
-32 4 971
-32 5 904
-32 6 983
-32 7 979
-32 8 964
-32 9 989
-32 10 900
-32 11 976
-32 12 981
-32 13 934
-32 14 966
-32 15 901
-32 16 913
-32 17 958
-32 18 904
-32 19 940
-32 20 905
-32 21 924
-32 22 917
-32 23 906
-32 24 965
-32 25 913
-32 26 913
-32 27 976
-32 28 903
-32 29 920
-32 30 908
-31 -30 936
-31 -29 912
-31 -28 960
-31 -27 937
-31 -26 942
-31 -25 953
-31 -24 987
-31 -23 910
-31 -22 965
-31 -21 942
-31 -20 925
-31 -19 947
-31 -18 941
-31 -17 933
-31 -16 971
-31 -15 969
-31 -14 994
-31 -13 924
-31 -12 912
-31 -11 992
-31 -10 911
-31 -9 971
-31 -8 903
-31 -7 982
-31 -6 991
-31 -5 990
-31 -4 920
-31 -3 995
-31 -2 944
-31 -1 976
-31 0 960
-31 1 934
-31 2 995
-31 3 949
-31 4 940
-31 5 989
-31 6 904
-31 7 945
-31 8 927
-31 9 909
-31 10 934
-31 11 982
-31 12 959
-31 13 902
-31 14 920
-31 15 968
-31 16 922
-31 17 929
-31 18 910
-31 19 901
-31 20 923
-31 21 919
-31 22 947
-31 23 916
-31 24 976
-31 25 947
-31 26 949
-31 27 990
-31 28 994
-31 29 910
-31 30 918
-30 -30 955
-30 -29 969
-30 -28 914
-30 -27 926
-30 -26 959
-30 -25 977
-30 -24 973
-30 -23 908
-30 -22 921
-30 -21 972
-30 -20 901
-30 -19 974
-30 -18 976
-30 -17 951
-30 -16 994
-30 -15 944
-30 -14 924
-30 -13 998
-30 -12 971
-30 -11 977
-30 -10 959
-30 -9 909
-30 -8 912
-30 -7 949
-30 -6 938
-30 -5 972
-30 -4 922
-30 -3 955
-30 -2 935
-30 -1 961
-30 0 916
-30 1 948
-30 2 941
-30 3 921
-30 4 967
-30 5 974
-30 6 992
-30 7 904
-30 8 907
-30 9 985
-30 10 934
-30 11 992
-30 12 939
-30 13 996
-30 14 942
-30 15 926
-30 16 901
-30 17 901
-30 18 904
-30 19 964
-30 20 933
-30 21 996
-30 22 962
-30 23 923
-30 24 967
-30 25 976
-30 26 926
-30 27 947
-30 28 932
-30 29 973
-30 30 982
-29 -30 930
-29 -29 914
-29 -28 961
-29 -27 921
-29 -26 992
-29 -25 940
-29 -24 904
-29 -23 902
-29 -22 938
-29 -21 976
-29 -20 964
-29 -19 908
-29 -18 914
-29 -17 903
-29 -16 949
-29 -15 971
-29 -14 931
-29 -13 938
-29 -12 986
-29 -11 998
-29 -10 917
-29 -9 915
-29 -8 998
-29 -7 932
-29 -6 955
-29 -5 969
-29 -4 946
-29 -3 961
-29 -2 903
-29 -1 944
-29 0 967
-29 1 950
-29 2 944
-29 3 976
-29 4 900
-29 5 945
-29 6 923
-29 7 925
-29 8 911
-29 9 982
-29 10 999
-29 11 911
-29 12 939
-29 13 950
-29 14 940
-29 15 921
-29 16 952
-29 17 917
-29 18 960
-29 19 944
-29 20 990
-29 21 944
-29 22 906
-29 23 916
-29 24 938
-29 25 903
-29 26 941
-29 27 943
-29 28 956
-29 29 926
-29 30 924
-28 -30 900
-28 -29 909
-28 -28 990
-28 -27 936
-28 -26 950
-28 -25 913
-28 -24 942
-28 -23 988
-28 -22 987
-28 -21 966
-28 -20 932
-28 -19 928
-28 -18 973
-28 -17 994
-28 -16 952
-28 -15 911
-28 -14 935
-28 -13 947
-28 -12 909
-28 -11 987
-28 -10 937
-28 -9 957
-28 -8 915
-28 -7 956
-28 -6 938
-28 -5 995
-28 -4 906
-28 -3 943
-28 -2 923
-28 -1 930
-28 0 984
-28 1 939
-28 2 988
-28 3 969
-28 4 905
-28 5 934
-28 6 981
-28 7 993
-28 8 986
-28 9 902
-28 10 977
-28 11 910
-28 12 928
-28 13 930
-28 14 997
-28 15 968
-28 16 914
-28 17 912
-28 18 988
-28 19 901
-28 20 1000
-28 21 935
-28 22 973
-28 23 930
-28 24 902
-28 25 943
-28 26 911
-28 27 941
-28 28 958
-28 29 982
-28 30 906
-27 -30 984
-27 -29 971
-27 -28 916
-27 -27 918
-27 -26 967
-27 -25 941
-27 -24 1000
-27 -23 992
-27 -22 978
-27 -21 957
-27 -20 907
-27 -19 935
-27 -18 969
-27 -17 956
-27 -16 976
-27 -15 913
-27 -14 993
-27 -13 926
-27 -12 926
-27 -11 938
-27 -10 921
-27 -9 996
-27 -8 907
-27 -7 988
-27 -6 902
-27 -5 960
-27 -4 917
-27 -3 954
-27 -2 995
-27 -1 926
-27 0 902
-27 1 900
-27 2 921
-27 3 987
-27 4 911
-27 5 996
-27 6 936
-27 7 983
-27 8 988
-27 9 931
-27 10 924
-27 11 924
-27 12 962
-27 13 914
-27 14 988
-27 15 984
-27 16 939
-27 17 922
-27 18 917
-27 19 984
-27 20 996
-27 21 901
-27 22 978
-27 23 991
-27 24 953
-27 25 909
-27 26 935
-27 27 975
-27 28 987
-27 29 1000
-27 30 933
-26 -30 980
-26 -29 942
-26 -28 907
-26 -27 920
-26 -26 950
-26 -25 965
-26 -24 981
-26 -23 992
-26 -22 914
-26 -21 945
-26 -20 996
-26 -19 934
-26 -18 906
-26 -17 920
-26 -16 986
-26 -15 951
-26 -14 904
-26 -13 919
-26 -12 970
-26 -11 991
-26 -10 913
-26 -9 900
-26 -8 942
-26 -7 970
-26 -6 943
-26 -5 915
-26 -4 947
-26 -3 914
-26 -2 996
-26 -1 972
-26 0 941
-26 1 991
-26 2 911
-26 3 972
-26 4 907
-26 5 992
-26 6 912
-26 7 916
-26 8 951
-26 9 913
-26 10 986
-26 11 940
-26 12 950
-26 13 943
-26 14 955
-26 15 926
-26 16 907
-26 17 901
-26 18 970
-26 19 918
-26 20 971
-26 21 999
-26 22 949
-26 23 955
-26 24 994
-26 25 978
-26 26 940
-26 27 959
-26 28 920
-26 29 996
-26 30 934
-25 -30 906
-25 -29 928
-25 -28 985
-25 -27 942
-25 -26 970
-25 -25 962
-25 -24 963
-25 -23 932
-25 -22 934
-25 -21 997
-25 -20 980
-25 -19 949
-25 -18 947
-25 -17 950
-25 -16 973
-25 -15 985
-25 -14 963
-25 -13 920
-25 -12 929
-25 -11 900
-25 -10 919
-25 -9 991
-25 -8 984
-25 -7 958
-25 -6 955
-25 -5 933
-25 -4 904
-25 -3 968
-25 -2 955
-25 -1 912
-25 0 938
-25 1 949
-25 2 909
-25 3 913
-25 4 999
-25 5 904
-25 6 935
-25 7 926
-25 8 905
-25 9 942
-25 10 929
-25 11 998
-25 12 920
-25 13 995
-25 14 977
-25 15 936
-25 16 963
-25 17 941
-25 18 942
-25 19 945
-25 20 981
-25 21 940
-25 22 953
-25 23 960
-25 24 905
-25 25 955
-25 26 909
-25 27 913
-25 28 934
-25 29 906
-25 30 952
-24 -30 928
-24 -29 935
-24 -28 933
-24 -27 929
-24 -26 921
-24 -25 967
-24 -24 957
-24 -23 961
-24 -22 921
-24 -21 941
-24 -20 995
-24 -19 954
-24 -18 950
-24 -17 919
-24 -16 981
-24 -15 975
-24 -14 967
-24 -13 973
-24 -12 977
-24 -11 947
-24 -10 940
-24 -9 983
-24 -8 916
-24 -7 928
