1000
10 9 952
3 -2 661
7 9 99
-2 -1 658
-6 -4 64
-4 0 252
4 8 703
-8 -3 732
1 10 910
-7 -9 222
-7 -6 324
-2 -9 250
5 6 746
3 -2 688
2 -9 427
-3 2 426
0 -3 348
8 -3 196
9 3 930
10 8 167
-5 -6 377
-6 7 889
-5 -3 785
-1 -1 761
-10 -5 853
-6 -2 993
-5 -9 342
-5 8 244
-4 -7 459
10 -8 535
3 5 355
4 -8 743
0 -2 585
7 0 727
-8 9 718
-9 5 75
-9 4 79
-6 9 690
5 -5 568
0 -2 573
-2 -1 137
-4 4 304
1 -6 338
-7 -7 805
-1 -1 674
0 5 189
10 -6 257
-7 3 174
5 -8 986
8 -9 9
3 -9 238
0 10 596
3 -1 822
9 -4 482
0 6 855
4 10 286
1 4 194
-9 -10 237
-8 -2 318
3 3 147
5 2 337
4 -1 471
6 10 716
-1 -4 443
9 -10 327
7 9 123
-8 -9 742
-9 -7 869
10 8 721
-6 -6 860
-3 10 914
-7 7 251
0 6 389
-6 -7 400
2 9 320
-4 -10 520
-9 4 78
0 -9 384
-8 3 541
0 -3 818
2 9 184
4 -7 944
-4 -5 743
2 -3 578
-8 -6 172
6 7 75
4 3 683
-7 -4 943
-4 -2 596
6 0 345
-2 2 347
0 -2 173
-3 6 519
8 -1 738
3 0 908
-1 -4 734
-1 0 975
-6 -7 642
0 9 743
3 -3 257
-10 -10 689
1 7 865
-7 -6 954
-9 -9 516
6 -5 602
-9 8 602
-5 -5 87
-5 0 781
-3 -1 733
-10 4 769
-8 3 873
-5 9 359
5 7 945
-7 -3 106
-2 -1 366
-4 10 108
3 9 778
-1 2 273
2 -7 429
-4 6 437
-10 -9 357
6 -2 828
-10 -3 643
-4 -10 526
3 -6 116
8 -1 700
10 0 633
-8 -4 212
8 2 47
-3 1 176
1 9 938
9 0 425
8 -9 718
3 0 278
9 -3 853
8 0 36
-3 8 173
9 6 104
5 -7 250
5 10 199
-4 -10 499
9 -8 574
9 -9 124
-8 -3 726
0 0 988
-9 1 384
-4 -10 883
9 2 884
4 -10 22
0 7 352
-3 3 796
-4 -7 872
2 9 179
2 2 34
0 4 270
0 -4 21
-4 -6 10
-9 4 663
4 -7 607
3 -4 602
-9 -1 677
-9 -2 930
1 9 923
-7 -1 638
0 -5 635
-3 3 615
-6 -9 319
2 -7 344
8 -4 373
0 -4 149
8 -7 856
-8 4 206
-3 3 806
10 -8 975
0 0 855
3 8 703
4 8 436
7 9 828
0 0 653
-9 9 679
-9 8 649
4 -7 596
-2 8 966
0 -2 736
-1 -9 224
3 0 156
-2 -2 201
7 8 908
-4 -10 115
-2 2 668
-2 -5 558
-6 6 547
9 -3 715
0 4 210
8 -1 881
-6 8 920
0 -4 35
0 0 126
0 3 747
7 -8 888
7 9 460
0 -9 611
-8 9 272
-2 8 458
5 -6 114
-10 -3 351
0 8 900
6 0 260
-7 -8 346
6 10 2
-10 -7 209
8 9 30
3 9 635
8 10 960
9 10 340
-4 4 439
1 0 790
-6 0 957
6 -7 730
4 3 783
0 -2 441
-9 -9 965
-4 5 164
-2 -5 79
0 -9 948
-3 8 164
9 0 637
-1 4 788
-10 5 81
5 0 537
-8 -5 74
5 -9 774
0 0 832
-6 -3 672
-8 -6 984
-1 -4 167
-4 8 185
-8 10 820
0 -1 314
6 -8 497
8 1 969
-4 7 106
-9 -3 406
10 0 968
3 -10 57
-6 0 140
7 6 599
-2 7 785
7 10 636
7 2 304
0 7 59
0 5 205
-2 2 292
10 5 7
0 0 386
0 6 95
-6 -3 827
-1 -6 249
-3 10 869
2 7 578
-5 -10 494
-10 -7 983
-10 -8 191
9 7 764
0 9 345
1 2 620
4 -5 383
6 -10 566
-1 2 342
10 4 174
-8 1 692
0 -1 900
4 6 956
-3 7 384
7 -2 743
-1 10 71
0 -2 288
1 5 37
3 -7 637
6 -6 964
9 -1 188
1 1 641
-5 -5 978
-10 0 820
10 0 10
9 -4 460
-2 -7 130
9 10 205
-1 -4 470
0 -8 25
-8 -3 365
-5 -6 116
0 0 296
1 7 599
3 -1 0
-7 -2 216
-1 -9 995
3 -9 54
10 -3 448
-2 -1 383
-4 -3 736
0 -5 211
1 4 54
-8 0 405
-9 -1 154
6 0 712
-8 0 831
9 0 948
1 8 998
-8 9 229
-3 10 97
-5 8 558
3 10 333
0 3 249
8 -2 917
9 0 495
0 4 500
-6 6 191
-2 0 586
7 4 613
1 0 190
-8 -9 156
10 8 299
-2 3 256
10 -10 809
2 -4 731
8 0 415
3 3 466
-10 9 764
-9 -9 939
-9 -6 271
4 2 161
-9 -4 288
0 -8 138
-7 -7 224
-10 -2 282
2 8 611
2 -5 277
2 -3 401
0 -1 221
4 8 686
1 7 826
-4 10 371
-1 4 70
-9 -8 92
7 4 985
7 -1 896
5 -6 657
7 -10 492
4 3 805
9 -3 156
6 6 711
10 -10 498
-7 5 616
-7 10 957
1 -2 134
-1 -6 179
-7 -4 928
10 10 37
-6 8 919
-5 1 773
-4 -2 285
-1 2 326
8 4 676
-7 -2 219
-6 8 899
7 -10 717
7 0 985
-4 2 769
-1 0 105
-7 -9 765
-3 0 280
0 -1 357
-3 3 819
10 5 332
-7 5 129
-4 -6 687
0 1 72
-1 5 310
9 0 957
0 0 225
7 -6 851
3 9 524
7 -6 749
-1 -7 304
2 1 219
-5 6 737
5 9 179
-3 -8 328
2 -2 683
-8 2 748
2 7 691
7 -10 75
-3 6 739
3 1 199
-10 1 781
7 0 106
0 1 173
-3 -4 321
0 8 356
7 -6 270
2 -1 798
6 4 411
-8 0 796
0 -4 373
9 -4 465
6 2 600
7 7 548
0 3 529
-9 -7 783
-7 0 205
-7 1 128
0 0 557
-5 -5 81
3 10 321
-2 4 165
7 -5 716
2 -3 616
10 -6 154
5 8 44
-7 -2 264
-9 0 961
-8 -4 435
1 3 496
9 -4 918
-8 -10 253
6 -3 858
-6 2 30
-8 1 296
-7 -4 54
-9 9 310
4 -2 161
-7 0 423
-8 9 794
7 -10 412
2 -5 201
1 -3 129
-6 1 701
-4 -2 808
-4 3 736
3 7 436
8 10 488
-2 10 205
3 6 135
1 -1 587
10 0 459
1 -10 461
-7 -10 522
8 9 771
-3 -6 565
9 10 107
6 4 204
4 3 769
1 -6 725
9 4 947
-4 -2 235
5 4 479
-10 -7 356
-1 9 590
-7 -6 61
-2 5 168
10 0 637
4 9 440
3 -8 762
-9 -2 730
3 -8 901
-6 -5 692
1 0 480
-7 -2 54
5 -10 461
3 -2 540
-5 -7 553
9 -5 420
-5 -10 667
-5 2 319
-6 4 493
6 3 242
-7 2 945
2 5 808
-4 -5 35
-5 5 909
-7 5 866
7 8 73
-1 -9 624
-3 3 185
9 10 825
3 9 135
0 10 197
-4 8 339
-8 9 945
1 0 857
2 4 268
1 3 198
5 6 692
0 -2 477
0 10 966
3 -2 627
-2 -8 708
-7 -10 80
4 6 373
0 -4 407
0 3 95
2 -6 659
6 5 983
4 -9 423
-2 7 105
-10 -5 403
-1 0 475
-2 4 278
8 1 649
-1 -10 500
10 -3 316
5 7 28
4 -1 953
9 0 444
7 -3 556
9 -6 950
-1 -7 903
-2 -7 607
2 -8 62
-5 -1 541
-10 9 962
9 -1 970
10 0 539
4 9 892
5 -4 726
1 10 936
3 -6 975
1 4 213
6 1 701
-7 9 998
7 1 118
-1 -9 8
1 -4 689
-10 -1 509
-3 -4 136
-2 4 586
-1 0 431
-4 -6 959
-10 9 113
10 0 483
-1 -4 947
0 3 899
9 0 627
5 -9 963
8 -3 306
0 0 194
6 -7 279
-4 -1 4
4 -9 485
8 -7 181
3 6 166
0 -9 790
-1 -5 983
-3 5 827
-5 0 844
-5 3 320
3 0 189
-6 -1 19
-7 4 852
6 -2 522
-2 -10 412
10 -2 240
-10 9 32
-1 -6 714
10 -7 797
-5 7 654
6 -6 311
-4 0 918
3 8 108
4 -3 73
6 -6 257
0 -9 947
7 -2 156
2 -10 639
10 -4 151
4 -9 208
-6 1 775
6 1 412
10 9 828
-9 7 853
5 10 631
10 -3 692
-7 9 234
2 -5 725
-9 3 627
-6 -6 969
6 -3 116
-7 6 117
-9 -9 267
-5 -6 1
0 9 842
-4 -8 516
1 -4 947
0 -5 719
0 6 397
-9 -4 206
-9 1 918
-3 -9 932
4 -10 191
-6 10 420
7 8 973
-5 9 743
-5 -2 249
7 1 53
-2 3 538
-2 -2 42
0 7 670
7 0 194
-5 0 780
0 8 363
-3 9 53
-9 0 92
-8 0 543
-9 -3 455
-7 2 386
10 -10 916
4 0 620
-8 0 581
-9 -8 108
10 5 689
-1 -1 88
8 -7 579
-1 3 849
-3 -6 89
9 -4 44
-2 -1 462
4 7 311
-1 -10 673
-8 2 759
-5 -8 664
-6 -4 591
-2 7 761
-10 10 373
3 -4 813
-6 8 190
7 -1 284
2 6 86
9 9 977
0 -9 412
3 7 279
1 -3 53
-7 -5 837
8 -1 773
9 -6 826
-5 5 692
-3 2 798
-10 -6 921
10 -3 863
9 9 259
-9 3 906
-5 -9 65
-1 -7 529
-8 -2 251
7 5 727
0 3 634
-3 3 66
-9 -2 489
1 8 877
-9 -1 632
-7 6 661
9 0 759
-6 -6 656
5 3 241
7 2 8
6 1 822
-2 0 451
0 -7 1000
7 9 887
1 -9 740
-10 -10 789
-10 -9 734
-2 -10 491
-9 1 964
1 8 62
-10 0 619
-10 0 983
7 2 226
-6 -2 530
-2 7 1
1 3 998
1 -8 213
-9 -5 94
-3 -9 518
-5 -5 169
-4 4 33
-9 -8 901
8 -8 883
7 9 470
4 7 905
-9 1 953
0 2 239
0 -8 12
8 8 304
4 -1 458
0 -9 529
-8 8 692
-1 8 612
10 0 527
3 -5 822
-9 1 675
-1 -9 173
-1 7 778
-7 -9 382
2 8 314
10 9 918
4 5 117
-3 4 719
10 -3 320
5 8 501
-1 -9 416
0 -1 447
-9 -10 682
4 8 193
-8 -3 412
6 -6 287
-3 -4 704
3 0 977
6 -5 569
4 8 668
8 8 456
-8 -9 548
9 8 593
10 -3 36
5 6 342
-1 -5 983
5 10 104
-7 9 970
2 0 8
-10 -10 139
7 -9 437
8 2 357
2 -10 758
4 4 3
-10 2 52
8 -1 21
1 -10 638
-5 -8 698
0 3 668
-9 3 753
-5 -7 838
-4 -9 871
-4 -4 289
4 0 996
7 -4 682
-9 7 281
5 -7 976
-2 -10 423
-3 -5 525
10 -1 36
3 -6 419
2 -4 248
-3 7 909
0 5 190
-5 -6 284
3 10 686
-8 0 355
-4 4 859
8 -2 642
8 10 731
2 9 83
-9 -10 641
-10 0 282
6 -6 329
-6 8 75
7 0 52
-3 0 407
3 -6 445
-6 2 811
4 -8 126
3 -3 552
9 10 156
-7 -10 156
-3 8 103
10 10 407
2 6 512
-2 -3 220
-6 7 868
-9 7 278
-10 0 791
2 9 854
-2 1 169
-3 -6 618
-5 5 214
2 8 111
10 -8 238
-10 7 155
6 -9 664
-6 -10 794
0 4 464
4 -4 598
-8 -3 637
8 7 976
10 9 190
0 -1 217
9 -10 217
-3 -10 601
-1 7 616
-5 -7 650
-7 10 366
9 0 318
-5 4 926
4 -2 663
-6 7 391
-8 -10 929
-6 -6 706
9 -7 40
-4 2 249
-5 -7 718
-5 -4 181
10 4 934
-8 -1 13
1 3 414
-3 0 743
-2 2 879
-9 3 870
7 4 547
-3 -4 671
-6 9 925
6 3 414
-2 -1 695
-9 -7 9
3 -9 248
-4 0 903
0 0 409
-1 0 438
-5 9 778
9 9 524
-5 9 871
-9 -9 460
-3 3 598
3 -3 621
-7 9 105
-5 -4 334
6 -3 804
-8 1 942
-3 -4 843
-8 0 386
-5 9 470
-2 4 649
6 -8 734
-10 -10 822
-5 1 399
-3 -10 741
2 -5 290
7 -1 392
-9 -2 597
7 4 117
8 4 360
5 5 43
-4 -4 687
-8 -3 462
0 10 192
3 -2 708
-9 6 352
1 10 663
2 -9 568
8 -1 136
5 -10 143
-7 -9 42
-3 7 455
-8 -1 27
-1 0 26
-10 9 970
0 -7 786
-7 1 223
10 8 893
-6 1 312
7 -5 152
-7 -6 330
1 2 195
-9 -2 274
-9 2 20
1 10 431
2 1 46
0 -2 642
-2 1 69
-4 3 693
0 -9 185
6 -3 43
-2 10 631
0 4 13
-8 6 183
3 5 559
6 -8 921
9 10 448
-9 -9 413
-8 -5 649
6 -6 40
7 -6 349
5 -3 80
10 -9 321
10 1 752
7 1 498
-7 -2 717
-1 4 559
-1 7 168
-5 -4 37
8 -8 699
0 9 299
-2 -8 936
-6 8 661
2 8 463
-6 4 83
-9 2 261
8 -2 758
10 -8 830
9 -10 674
-5 -3 962
-4 10 635
-6 -7 65
-2 9 122
-8 3 631
-2 3 815
-7 -7 474
9 -4 12
-2 10 609
4 8 590
-3 -8 422
-2 7 571
0 -8 607
-9 -3 508
-5 -9 733
-8 1 462
-10 2 725
2 -5 259
-2 9 202
-6 4 666
-2 -7 460
0 -5 798
-1 -7 104
5 5 188
7 3 43
-1 8 975
-7 -5 533
8 -8 686
-6 9 337
7 6 122
4 -9 554
2 -2 25
-3 -5 151
5 7 1
10 1 613
4 -3 958
4 4 35
0 -9 519
4 -9 264
6 10 886
-5 6 758
-2 -7 967
-1 -10 111
-4 -7 206
4 6 717
-7 -3 353
10 8 361
-10 -8 59
4 -5 103
1 8 905
-3 -8 761
1 0 749
10 6 334
4 -1 627
-2 0 637
1 7 822
-5 0 151
-4 4 75
-10 8 881
0 -3 350
-8 -9 530
5 -9 216
4 6 198
3 7 965
-6 7 445
-5 10 726
2 -3 746
-2 9 336
-2 4 983
-4 8 36
-9 10 374
-6 -4 264
2 -4 957
-1 -5 881
-4 -7 495
4 -10 517
9 2 14
-1 -6 201
-10 10 339
0 -5 734
9 -7 713
4 -2 498
-2 1 624
-8 1 392
1 6 391
-3 -6 224
0 3 145
-6 0 61
-2 8 235
-5 5 974
10 7 731
9 0 998
