1000
-188 475 305
-49 -414 709
-427 -320 462
-6 -180 81
995 -85 855
-498 -991 89
-697 -256 941
816 -928 587
745 -695 215
470 989 627
90 -206 881
-151 477 71
138 989 223
-94 -70 446
-364 -364 978
-372 675 819
-923 609 534
649 -994 159
920 -129 625
970 560 290
252 227 70
-185 -495 508
748 90 423
931 304 798
-249 -289 793
968 104 702
730 964 857
-89 201 536
-977 446 234
307 634 349
-826 -362 155
661 -999 973
-206 949 157
-417 -900 644
387 829 765
-547 -342 492
-326 -744 231
-925 -256 214
260 151 370
-552 -630 648
-311 879 564
-763 -824 510
-770 381 207
-473 899 861
746 607 798
810 676 653
-846 908 237
140 -991 842
725 -901 895
-498 806 924
-549 841 962
-651 546 403
-201 192 645
933 242 319
471 736 536
62 -140 16
-53 287 300
987 472 875
-63 872 221
-331 705 518
955 509 73
-907 608 23
-121 278 17
285 -560 273
341 75 30
807 -540 930
-77 795 354
-86 722 6
311 357 562
117 729 926
974 -283 232
578 -618 789
-375 -225 732
-280 87 678
-849 -507 265
692 621 295
-632 159 235
-418 -53 412
786 -203 340
-403 497 51
-78 -120 935
-591 -932 862
-58 -554 596
699 -413 916
-474 613 907
377 968 892
967 -207 853
94 -789 419
-464 116 269
500 -875 272
537 229 864
-82 31 651
-51 -240 256
893 903 324
-218 434 364
406 926 692
795 75 461
56 -472 66
180 -366 786
-410 -881 461
-352 -218 998
-953 -966 254
719 -720 800
463 -637 760
936 720 937
-876 -727 578
-376 354 70
-943 900 548
722 -57 96
-371 -499 529
158 -564 747
-696 827 94
960 -198 470
187 42 78
788 638 722
572 825 258
-965 939 269
-261 -154 781
492 717 207
-393 539 737
-413 -159 830
356 -893 844
-231 -927 543
723 -962 804
-843 -573 437
-484 372 3
-834 653 375
-727 -434 18
-113 116 284
110 637 764
487 -343 95
326 579 351
-624 667 944
512 641 807
597 814 461
164 256 65
393 -817 900
-449 698 127
-517 345 122
-910 -451 186
-768 -23 133
594 -955 440
-690 793 560
154 -966 378
-805 -329 619
650 558 152
-722 325 483
693 371 252
656 -192 809
536 -932 380
521 -496 337
775 184 986
31 -946 884
300 64 740
395 186 498
-184 618 502
728 -15 469
-575 -781 390
905 988 817
606 929 69
-569 362 633
-220 933 466
-909 -653 804
666 507 88
-127 144 680
348 -336 29
719 -415 780
298 553 237
-340 -444 967
-267 176 717
-552 561 933
507 658 429
-555 -352 294
953 -210 364
56 -719 1
-95 201 595
-454 855 797
-385 116 599
-959 504 40
301 -576 374
568 -500 800
-828 -276 186
537 274 570
917 614 473
-380 269 630
592 467 58
-868 681 985
-157 -643 398
-143 918 868
3 -211 386
377 305 833
793 344 416
626 656 205
-478 -737 294
733 -672 705
548 757 950
-430 -198 416
-958 -955 943
-208 -659 373
-603 -431 90
-41 -470 252
-909 -83 943
404 -473 231
-937 -568 890
435 974 195
48 -702 887
212 -724 877
-966 324 726
-207 384 982
169 365 411
977 244 561
131 896 491
-283 -299 182
-766 -812 6
-775 -595 610
151 276 526
-185 -604 363
126 -132 897
-129 944 1000
-885 285 61
-353 993 347
607 392 261
-213 -970 949
957 181 654
-888 -313 262
-81 706 107
-99 373 815
-850 881 393
865 950 352
-571 515 670
-879 968 504
-270 -887 673
689 -501 903
-789 -353 342
848 470 23
953 693 834
-54 332 118
427 -450 699
595 -415 633
-863 -750 510
766 202 188
-354 174 48
841 216 905
-467 -715 861
948 -865 562
-656 -479 753
420 -760 12
-467 -657 704
372 893 144
636 -101 293
-719 428 763
573 521 455
390 -740 552
-166 431 332
326 -632 272
628 444 931
-420 -385 363
-534 977 440
526 -915 895
737 -832 3
861 -828 29
98 -943 908
817 -996 551
85 -158 376
935 555 159
-429 -608 720
-243 806 534
-538 206 654
-626 -770 806
368 -592 536
122 221 101
809 -659 710
25 332 521
129 420 915
-258 -6 470
-824 -820 927
476 842 7
-68 868 440
-198 302 979
978 539 910
263 552 598
900 -903 963
876 -243 503
-776 462 932
-379 -287 527
-669 287 282
-639 -965 561
-257 -494 888
-952 334 101
-445 -640 830
911 -50 186
866 290 288
877 -897 246
450 -753 196
-126 741 270
-754 -574 556
835 915 561
189 -542 764
859 916 203
-494 687 662
660 675 400
566 -171 236
-461 325 696
-684 -270 110
-551 -738 856
-258 -996 150
52 -125 139
-799 -724 461
-876 919 986
-459 -945 127
56 364 292
-718 -534 747
-910 939 649
-63 70 890
897 359 197
10 946 500
-481 74 781
572 -503 106
-826 -133 681
-216 462 189
-881 361 898
-264 -593 754
-737 -249 948
714 -337 348
-941 267 673
-948 -570 646
-594 637 4
-639 -763 123
-110 -542 418
208 271 692
-77 -96 279
-848 -436 92
-966 803 243
979 -554 478
-290 407 476
-289 156 520
-367 589 896
345 479 573
-898 -942 13
215 341 218
454 890 426
547 525 980
-686 -523 649
-640 -551 901
-498 883 314
-850 97 732
-458 931 777
82 -475 557
420 -381 219
277 -61 166
776 -389 618
470 -306 317
-62 -401 739
-14 422 899
-869 841 917
-984 455 264
-375 149 702
-444 -668 737
817 -729 742
492 -652 480
679 -133 660
790 189 869
134 833 698
-446 160 774
916 -220 339
-979 -750 781
240 962 350
-816 -661 34
632 528 113
-96 257 735
581 744 203
-924 517 284
287 -387 395
-260 -543 263
262 173 61
31 -270 285
676 155 114
-819 -14 621
617 504 712
-615 955 688
-952 590 477
-185 263 871
657 -208 941
436 -20 452
286 -804 377
-557 724 156
-548 -546 312
-198 587 449
-802 -333 394
412 -638 996
-813 761 582
456 732 846
-917 64 193
-280 -909 191
642 -997 408
-629 -758 720
180 832 155
203 -885 969
-484 -242 342
-112 428 508
234 936 338
59 -137 397
800 -479 303
-588 -291 927
-809 882 684
203 309 292
707 -998 191
155 729 632
491 -528 401
634 542 158
-278 -13 958
-928 -751 70
-661 -392 59
-376 263 996
117 -355 657
-393 -426 122
-211 654 661
-593 -108 154
132 -268 104
-107 871 235
672 -973 214
383 -246 51
-143 559 480
329 -791 669
75 445 282
-603 581 969
63 -322 104
760 531 336
260 -647 30
-437 -669 505
883 -525 857
416 -192 818
932 335 907
561 -737 261
572 -953 921
-101 -373 543
221 419 219
245 -987 12
954 -171 77
610 998 901
-189 451 821
4 -207 624
993 51 154
-691 -896 807
434 -585 197
-134 388 891
760 355 567
537 -113 818
-755 507 470
400 -136 463
-831 776 8
277 -113 346
206 -268 348
506 -581 637
-850 178 765
565 182 215
864 594 489
47 -47 715
242 -258 700
752 242 151
424 514 292
-732 985 893
-575 -847 410
-886 192 129
-471 -522 509
-89 624 767
296 -420 878
383 399 713
290 -886 657
-404 115 679
154 894 77
-910 -181 869
-682 -845 851
-9 960 300
897 336 282
535 -352 916
452 538 522
-218 19 747
-729 -18 113
458 30 112
967 862 722
356 650 596
229 -488 750
-506 255 691
715 526 122
727 -372 796
-460 -962 885
-7 293 244
188 35 409
480 -427 947
137 585 385
751 320 146
-504 -60 408
79 -38 744
180 529 639
-538 -762 364
739 -493 78
915 849 559
749 999 13
166 675 877
-81 741 785
-965 -352 121
945 -181 727
-758 213 542
-605 -102 472
36 290 143
-770 -32 213
647 -279 277
728 462 128
-120 714 592
-650 -709 649
399 364 545
831 689 687
150 703 331
-295 13 10
-406 -494 36
-282 153 55
137 -466 410
244 805 400
-156 73 539
92 -500 203
-75 790 859
85 -532 567
-982 -389 162
159 343 302
151 414 240
332 -182 23
-313 532 470
-80 -660 905
411 268 224
-823 -725 644
414 966 398
488 -813 855
888 -733 540
-234 -748 880
451 589 479
202 293 23
106 -174 112
978 641 889
232 502 695
-775 -671 980
-748 -348 766
367 489 583
994 927 468
-791 901 409
-106 -631 594
317 -553 217
-84 898 809
-81 606 129
568 560 464
224 -830 252
903 301 167
-343 455 861
641 748 116
275 -455 665
633 -209 167
-86 -403 568
-883 -76 671
615 -911 959
806 -903 944
-243 -966 45
-56 899 86
-259 763 572
642 -437 764
172 237 783
605 -144 443
-417 -656 32
-206 575 527
-973 489 612
-18 -802 580
-796 -373 206
524 -511 359
466 787 296
-743 710 239
-1 -770 702
-533 -766 732
-162 880 227
-591 190 577
-20 496 340
936 733 824
58 703 196
54 -729 256
-637 -714 498
-525 -524 223
848 -782 135
-29 132 326
-8 -836 317
449 268 841
-276 446 464
-888 -102 632
626 106 421
0 899 249
170 500 655
-372 563 412
180 193 610
859 454 646
-890 -995 419
-757 322 442
841 197 536
634 530 494
20 -702 175
210 -644 653
819 303 544
-775 730 117
-446 -537 169
-218 -639 766
628 -187 706
697 -290 1000
250 747 310
547 474 885
-187 -355 771
377 458 79
-719 843 101
103 163 449
261 893 778
-225 -381 294
-234 626 616
200 991 362
968 -606 907
459 454 461
-551 -986 709
986 424 89
710 -182 239
539 -781 195
-470 -353 917
515 34 939
87 -226 54
-626 -308 313
-163 163 276
-453 913 725
-657 -949 117
261 582 538
-178 -888 682
-895 -649 913
551 630 558
-997 -306 472
183 224 889
-496 684 731
-596 -934 875
556 -941 903
499 564 127
-815 -734 121
245 -564 178
320 201 174
-399 261 558
165 -435 17
-566 822 642
331 -18 46
-6 810 185
947 176 245
-950 821 833
-186 -115 227
-766 -376 425
-999 82 321
224 842 151
185 641 554
-214 823 51
951 -103 609
68 -255 682
263 961 484
-348 -870 331
12 410 52
707 -513 886
743 951 45
-208 267 931
184 723 878
-347 269 120
-754 -260 51
-184 725 936
573 914 829
-739 958 78
101 -459 887
-810 69 178
-749 -764 570
735 947 244
758 -756 152
-203 769 743
-425 -699 774
29 248 492
352 939 114
-657 364 761
-642 -968 731
868 -399 707
442 -2 462
604 281 928
160 32 439
-213 545 8
363 -398 918
873 886 107
453 301 310
118 801 550
-378 302 2
93 610 694
-695 160 288
-109 778 533
-653 628 423
-539 -208 489
-238 575 278
-413 731 116
104 -807 404
-780 -547 462
449 -841 859
108 968 623
-715 883 892
-488 -533 795
74 -575 515
-312 187 339
648 375 923
331 542 27
-747 755 636
-408 -939 843
398 413 681
-79 791 354
759 -920 315
748 -975 157
-796 531 673
252 732 936
705 282 665
999 -512 984
-677 741 104
-113 -780 960
696 -382 930
554 506 134
71 685 368
-350 -980 466
760 153 404
-464 -863 132
427 430 634
-264 81 16
53 -605 579
-597 -445 384
-394 624 205
337 -246 282
-330 -295 931
31 221 136
168 -344 675
299 108 603
-619 -188 918
484 -953 638
-763 -450 46
483 -543 921
729 519 830
-883 -421 324
760 12 956
834 -326 10
81 333 903
-997 -38 557
-634 845 231
522 -599 157
280 14 790
-650 247 159
596 921 486
740 426 726
398 845 294
337 203 251
262 -331 207
632 359 624
-881 -966 147
-589 -702 872
686 210 867
942 197 209
-730 487 450
599 -969 304
-992 523 47
786 216 673
-98 18 522
318 739 359
-154 480 222
409 -479 531
256 -847 945
-667 974 4
636 360 5
-720 -627 655
443 19 687
-438 509 683
-122 -664 168
678 -621 73
-499 -994 136
-607 477 233
307 -485 691
-729 -800 909
799 -999 181
718 812 732
978 752 722
813 -948 878
-117 -731 178
808 -111 608
-95 -191 328
-485 761 600
998 -80 166
-580 -253 584
441 649 393
-526 605 323
208 -379 977
-497 -778 473
553 779 181
-356 689 579
903 -70 154
998 -559 415
-962 755 808
-182 -740 804
-228 -66 766
861 429 581
559 359 410
135 -697 603
-372 139 111
-278 -775 307
824 -536 572
562 327 450
474 165 394
-479 -93 788
984 928 467
-12 884 495
587 -381 47
-236 -757 483
864 -614 700
997 -676 188
-249 -239 87
-892 579 248
7 145 403
816 -771 497
-197 303 152
-749 968 686
92 725 448
-436 28 651
-739 922 37
220 -5 972
-228 -331 454
839 736 344
40 -156 985
-638 -12 806
-594 196 993
646 989 742
350 319 962
182 627 725
108 -160 523
858 758 594
-266 665 113
-825 78 172
328 890 180
-576 38 345
-837 129 203
-99 -817 308
854 578 896
-553 709 358
235 -160 228
252 127 104
-160 -920 861
949 -945 464
30 376 737
896 -136 641
984 475 289
-505 -284 610
832 84 638
-420 -586 975
-433 -715 822
226 666 577
-408 503 394
-342 908 626
721 -50 424
-590 -534 302
-74 361 478
-497 -921 882
914 -866 96
290 734 166
-12 -350 115
125 -529 807
888 -143 999
-107 390 126
287 -443 11
777 38 369
755 -284 557
-533 -554 795
-199 -382 620
-335 -764 893
-338 507 968
619 975 402
484 -715 814
293 -318 138
956 645 933
-197 499 339
535 365 782
504 -176 264
506 -393 702
318 831 373
-196 252 257
666 -134 363
-176 932 589
912 450 520
677 257 545
22 -398 275
224 -741 515
1000 -304 396
-243 356 939
110 922 109
-442 -919 462
-477 -487 730
711 127 487
302 -488 681
784 884 411
609 -15 629
862 -492 492
579 826 896
410 -578 760
-651 -146 600
70 -696 850
165 -910 591
-937 513 800
984 483 932
-73 -536 794
370 -420 976
-464 -329 138
997 -84 481
413 178 881
-517 -276 610
-76 -838 545
-998 986 474
-263 -221 486
247 398 613
423 44 584
437 991 667
45 66 992
-799 46 241
-223 -869 802
-756 -635 558
259 -190 981
-229 886 335
-352 14 455
-823 701 382
779 -360 336
438 778 682
181 -357 461
711 891 725
831 -151 552
-366 -104 71
-194 -192 134
-74 293 128
741 -797 362
-954 886 466
-381 266 429
-780 80 447
-214 761 996
507 607 653
-291 -545 986
-1 861 123
153 -268 838
-320 874 123
488 353 846
174 -427 210
534 -50 107
-995 -186 395
-404 -227 134
-416 -369 93
-386 31 378
-589 74 64
-755 -364 18
-375 -691 120
-304 294 117
883 232 256
-682 -641 730
550 -298 902
-123 510 336
-636 -795 422
-14 2 504
0 849 442
505 -936 294
77 562 596
-193 582 49
883 -681 839
-868 -423 306
908 -243 328
-688 -159 283
644 983 380
532 582 28
944 -545 791
-963 431 743
-327 251 795
347 -366 990
-474 -329 790
289 476 286
-452 -672 336
659 385 10
428 328 968
-531 -482 915
393 -140 585
-879 528 356
427 -833 560
817 293 286
-937 -474 85
504 -946 642
317 140 948
-179 -849 696
-609 -145 100
228 783 899
-588 595 203
-712 924 552
158 -92 736
-198 -413 126
-871 438 814
-355 296 162
