596
4 0 340
7 1 29
-6 2 292
0 5 433
6 -3 669
-8 -2 369
0 -7 167
-6 10 744
7 3 728
-4 -10 591
0 -4 226
-10 -5 857
0 2 802
4 -4 810
7 6 34
3 4 151
0 -3 939
-6 2 68
-2 -2 793
3 4 171
-10 -10 456
3 -5 854
9 0 871
6 6 713
0 -1 341
10 -7 402
-5 8 778
7 5 566
-3 0 321
-4 4 966
-3 6 654
-5 6 147
1 5 678
6 -2 353
5 -1 36
4 8 973
-6 4 148
4 0 866
1 1 343
-8 6 145
-2 -6 128
4 -10 275
10 -5 138
6 -3 287
-9 10 440
10 0 421
4 -10 550
-1 -6 610
-4 5 929
-4 -2 812
3 -3 526
8 5 228
-9 3 121
3 4 674
6 -7 826
-3 6 12
-4 0 937
0 -4 843
2 2 348
1 4 68
4 7 767
2 -4 184
10 7 718
-10 2 355
7 8 117
3 7 629
9 0 126
6 -7 942
1 -2 835
0 -6 37
-6 0 187
5 8 174
10 -5 820
0 9 686
10 -2 650
2 -5 226
5 -8 816
-3 0 574
-10 9 969
-1 -8 216
8 -3 502
8 4 431
5 10 421
2 -3 39
2 -6 125
3 4 314
1 1 900
-2 -10 365
10 4 133
-6 -10 386
-8 5 729
-10 7 332
-7 4 957
1 -7 672
0 5 146
2 -4 29
8 3 844
9 3 809
0 3 542
-1 -4 38
0 1 833
1 0 798
-3 6 511
0 3 719
3 4 830
-10 0 396
0 -5 184
4 -6 146
0 0 970
9 4 1000
6 0 366
5 0 93
-2 5 183
3 0 248
-9 -2 523
8 3 33
0 4 890
-8 0 773
-8 5 150
-9 -2 103
1 5 402
7 -3 84
7 0 36
-7 -1 662
4 10 616
1 -10 83
1 2 691
-3 9 632
7 6 986
-2 4 118
-2 3 658
-8 2 157
-10 0 147
-10 10 172
-5 8 413
4 7 498
-1 6 127
1 -2 198
-1 0 346
-7 -9 715
-1 1 781
-2 -3 544
0 -8 374
0 -7 721
10 0 705
1 -7 130
1 0 797
10 7 569
9 -9 941
1 -8 369
10 -10 924
-10 1 594
-1 5 949
3 9 529
3 8 43
-1 -1 558
9 -5 42
1 -8 927
5 9 331
1 -3 866
-8 7 141
5 0 798
2 -7 766
-5 9 122
4 0 32
0 -10 303
-2 -3 221
-4 -4 320
-5 0 361
0 -6 427
3 -3 75
-1 5 265
4 -1 496
10 -9 640
0 3 381
-2 8 612
-7 7 269
-5 8 425
4 -5 864
-3 -6 674
9 5 852
-8 2 803
-4 3 588
2 -9 31
-1 6 449
-6 -8 265
-5 -7 177
4 -1 717
-10 -9 375
2 -10 881
8 10 130
9 -2 792
-10 -1 854
-5 9 302
0 -1 548
5 3 691
7 0 642
-7 -7 713
-8 6 345
3 -8 501
1 0 708
-7 0 368
10 4 23
9 5 61
-3 -6 409
-4 -4 627
-3 4 64
4 3 48
-3 2 20
-4 -2 696
7 -8 468
8 1 833
5 -2 295
0 2 153
-2 1 535
-8 7 115
2 -9 729
2 -8 322
9 0 521
7 -1 971
-4 -3 119
-3 2 417
-3 -4 377
8 8 237
-2 0 135
4 1 306
-10 10 80
5 1 551
-10 -2 438
3 -9 772
6 -7 423
-6 0 654
8 -7 229
-3 0 585
2 3 703
-2 -7 566
10 4 180
-2 3 696
-8 7 592
-6 9 673
2 -5 105
5 -5 257
-3 0 12
3 8 935
7 6 53
-3 -3 879
-4 4 179
0 9 166
8 -6 409
3 0 268
4 2 549
-6 -5 879
1 -7 563
-4 -8 917
2 -9 387
8 3 860
2 7 470
9 5 291
1 -3 91
-8 -9 318
-2 3 251
0 -3 231
2 5 381
0 -1 14
8 2 516
0 -9 595
-4 -4 549
-9 -9 374
-6 1 46
-6 2 417
-5 2 953
5 0 157
1 -10 81
-3 -7 963
5 2 289
-2 -7 63
6 -5 213
-8 6 493
5 3 960
3 2 276
10 6 994
-6 4 626
9 -3 859
8 -8 136
5 -10 626
2 4 140
9 7 289
2 -8 87
9 -3 549
-9 6 160
10 -8 230
4 -7 15
5 -5 694
-3 -10 959
9 -6 434
3 9 528
-5 -5 308
-1 -9 190
-2 -2 856
-6 -5 339
1 -4 81
0 5 683
-3 4 360
4 6 476
-1 5 244
5 6 826
5 1 541
0 10 234
9 3 703
8 -1 215
-6 -4 334
8 4 570
8 -2 515
-10 -5 666
-3 -7 500
1 10 164
-10 9 802
-10 -4 433
4 0 180
-6 -10 703
-1 0 271
-1 -1 624
7 -8 743
6 0 652
2 -2 9
-4 0 934
7 -1 287
-7 10 294
-9 6 611
-4 -6 382
0 -7 367
-4 -1 655
-3 9 671
-10 0 823
-8 5 850
8 4 165
-3 8 359
-8 -4 930
0 -8 74
5 -2 863
1 10 555
5 7 318
-5 2 52
-9 2 265
-10 3 156
1 4 139
0 10 119
8 3 785
-7 4 631
1 0 520
-7 6 972
9 7 997
9 10 212
6 9 80
0 -7 59
6 -8 844
-1 8 18
-4 -4 517
0 4 938
-4 0 384
-3 -7 105
1 8 930
-7 5 954
-7 -7 508
9 -2 567
-5 5 220
10 1 947
3 7 795
7 2 871
-2 10 46
4 -4 650
-4 4 91
-10 7 376
0 8 191
-4 -7 357
0 -10 613
-4 -8 364
-2 6 340
1 0 545
2 5 486
7 -2 815
8 5 507
-9 0 332
9 5 348
7 3 742
-10 0 942
6 -4 266
-9 -9 935
-7 8 849
-4 4 920
0 6 931
1 5 965
-4 6 946
2 -10 602
-8 -2 346
-7 6 748
1 10 98
-2 9 908
-2 5 199
-7 -5 294
1 -7 223
10 9 225
-5 8 414
0 -9 199
5 -4 611
8 4 395
-2 -9 40
7 0 430
-3 -8 1000
5 4 986
9 -9 735
10 -6 216
-9 -4 572
-6 -2 83
-10 5 958
-10 -7 909
-9 0 850
0 3 629
0 4 575
-2 9 198
-9 0 999
-8 4 203
4 8 780
-3 -3 500
-9 2 494
-6 0 122
3 10 255
3 4 894
-6 7 432
0 -10 293
0 -4 447
0 6 565
10 5 538
-9 -2 469
0 3 438
-8 -1 926
-10 -3 280
-7 -1 285
4 10 922
-5 -5 829
-3 1 188
-1 -8 600
7 0 299
8 -9 592
1 -5 488
-2 -9 849
-4 1 563
-2 -5 659
0 -1 791
-4 -1 784
0 -1 853
7 6 310
-10 2 805
5 8 602
3 -6 76
4 -8 17
-1 -5 580
4 -8 756
-2 -6 458
4 -3 392
-3 -6 308
-5 10 372
0 3 549
-5 -8 133
2 -4 673
10 5 320
7 3 121
0 3 676
-4 1 507
7 3 654
1 6 45
0 -4 752
4 7 203
-6 10 394
0 7 769
7 9 895
10 3 990
-5 -8 989
-5 -3 888
7 0 140
0 10 761
10 3 792
-6 -7 357
-5 0 406
9 4 648
-6 10 672
-8 -2 645
1 -7 581
-10 -4 981
-4 -3 721
4 -9 918
0 -5 152
3 6 573
7 -10 49
-9 9 123
10 -2 559
8 8 165
-1 0 275
-5 -6 579
9 -6 522
7 -1 991
2 -5 612
0 4 539
-6 7 646
9 5 319
-5 2 858
-7 9 538
9 10 131
7 6 76
-1 9 66
-7 10 694
-10 -2 929
3 0 428
-1 6 525
-9 7 532
-9 9 287
-2 -8 543
3 7 347
2 1 859
2 -10 78
10 7 204
4 6 246
-1 -10 514
-6 8 222
5 -7 645
-7 -1 284
1 -7 812
7 5 700
0 10 815
-2 -9 108
-6 9 315
2 -6 996
4 10 267
0 3 654
3 5 25
-3 8 49
2 0 19
-4 10 696
1 2 919
0 -2 180
8 -10 587
-7 -9 762
-3 7 31
3 -7 164
-2 6 669
-7 0 130
-7 -8 679
8 -8 424
-9 -4 552
-5 4 678
-7 -6 851
1 -9 435
8 3 704
6 -9 45
-5 -10 256
-8 -1 843
-6 7 519
7 10 211
-7 -10 72
0 8 712
9 -6 570
2 -2 280
0 -4 434
-2 6 31
-2 -9 450
-4 7 386
9 9 148
-10 -4 803
6 -5 254
-3 -4 892
-2 -3 614
6 6 118
3 -9 199
8 -7 134
3 -6 709
-8 -2 21
8 -5 830
0 2 971
3 -1 758
-7 0 479
0 -7 100
1 2 829
-8 -8 40
-9 -2 138
10 9 139
4 -4 576
0 8 279
-1 -10 450
0 8 557
10 -9 813
-6 -6 328
-8 0 316
4 0 382
7 -1 58
0 -4 15
-6 6 24
