3
33
56 31 27 31 5 16 12 17 16 4 24 30 2 25 28 14 15 29 33 28 15 23 32 26 17 1 6 24 10 19 24 26 20 5 14 28 15 17 26 20 18 23 22 25 31 8 15 28 20 15 21 4 21 3 28 31 6
55 15 12 22 13 1 19 27 12 30 20 28 3 32 32 2 17 27 5 12 1 22 16 7 10 21 10 29 27 3 14 32 5 16 6 19 11 12 7 15 10 15 28 9 24 3 1 4 24 6 7 1 7 2 6 30
66 11 22 2 17 31 1 4 33 29 3 1 5 7 3 3 11 21 10 1 15 12 22 4 16 1 2 3 23 8 10 32 8 25 15 25 8 26 30 22 25 17 4 21 28 2 7 22 4 29 23 23 10 11 33 15 33 8 21 8 33 2 30 13 21 31 26
51 11 7 14 26 5 13 20 11 26 29 14 14 18 7 14 7 12 32 9 29 3 30 23 12 14 14 27 10 25 20 20 33 24 10 24 26 7 23 5 12 4 18 14 23 23 26 18 3 30 7 9
53 2 16 4 10 1 4 24 11 11 18 32 27 5 32 28 2 18 2 9 33 32 28 7 15 30 32 22 15 14 17 31 2 13 32 32 6 20 31 5 33 22 3 29 24 16 21 3 22 1 8 4 15 13
55 15 20 7 30 5 5 24 2 24 23 4 9 28 33 6 30 32 2 7 10 17 1 21 30 28 1 30 3 10 13 3 25 22 11 28 7 30 26 33 3 1 16 5 30 6 14 12 25 29 4 14 11 25 3 19
66 15 30 4 20 24 1 4 8 2 1 2 28 21 30 33 29 10 9 5 33 31 32 1 12 5 12 12 33 29 8 5 24 27 25 24 22 24 3 20 31 14 3 31 17 28 32 20 17 13 5 16 5 22 12 16 22 20 5 20 25 30 8 13 22 8 7
66 33 4 33 24 13 9 27 14 16 9 27 22 20 22 28 12 24 27 24 4 9 12 12 32 28 31 23 11 16 21 17 18 29 32 11 9 2 17 3 33 17 32 11 14 2 8 31 3 9 12 12 8 7 25 3 32 8 14 10 17 15 12 5 16 9 30
50 7 3 7 4 6 28 27 19 14 14 18 17 32 9 12 2 24 16 7 7 11 2 21 2 3 24 3 8 3 8 28 31 28 28 12 19 8 29 31 5 26 28 6 12 17 23 2 27 18 33
59 3 2 21 14 7 5 32 4 1 24 7 21 16 11 15 11 20 23 25 19 13 6 12 9 9 33 27 10 23 29 20 23 11 26 32 2 19 10 28 21 2 5 21 32 2 1 8 33 12 2 8 18 11 25 24 18 29 17 2
54 15 10 8 21 4 30 6 7 17 28 6 27 6 15 25 17 4 25 27 5 15 7 24 4 12 11 19 22 14 6 23 1 14 6 1 25 26 13 12 6 16 30 8 22 29 15 17 1 21 25 6 25 14 25
66 32 29 30 15 14 11 8 25 18 16 32 30 17 23 21 22 23 6 6 25 31 21 12 19 26 12 1 18 33 13 8 27 5 13 15 29 30 31 17 30 4 7 8 22 31 7 11 23 30 29 14 9 14 22 6 28 5 8 10 28 26 13 15 10 16 22
47 31 4 15 15 25 18 14 17 10 8 3 16 30 27 18 22 20 22 27 30 23 29 8 11 19 6 13 13 24 7 23 11 9 2 24 10 27 33 4 25 20 30 23 14 13 22 6
60 32 27 23 17 11 9 1 5 24 30 32 26 10 28 24 19 32 7 7 23 22 27 22 14 26 27 29 27 29 2 23 5 32 3 15 13 19 18 7 10 13 17 12 19 19 6 28 8 32 20 10 12 29 23 29 6 32 3 27 4
57 6 16 10 27 22 26 31 15 21 10 28 16 16 8 32 25 23 23 29 1 2 2 13 33 2 6 10 29 7 23 26 27 22 15 27 18 22 27 13 4 22 13 18 23 22 28 15 23 33 3 4 11 23 22 6 30 15
51 18 14 8 3 1 27 4 31 29 4 20 23 12 1 17 10 19 17 25 21 22 1 1 11 1 14 24 26 30 31 21 9 7 10 26 19 9 20 20 17 21 28 4 4 17 19 25 7 19 26 20
57 2 7 24 15 21 5 30 26 30 26 10 30 24 8 21 23 28 30 7 16 23 11 7 17 16 9 32 33 29 27 26 8 13 22 23 19 15 8 32 24 6 17 27 10 2 29 15 22 19 23 22 3 6 15 19 24 26
55 10 19 12 24 16 33 19 25 18 8 12 20 26 12 4 15 19 33 22 26 28 32 31 22 13 24 3 18 7 31 31 26 7 27 3 29 27 27 17 22 9 23 22 30 30 8 9 7 11 23 17 27 33 15 33
45 7 2 6 14 18 16 32 23 20 3 31 8 8 25 33 7 13 27 14 4 30 24 15 31 18 22 28 16 33 28 17 30 7 24 27 30 1 11 8 16 12 2 13 5 1
48 24 18 27 11 29 10 12 2 12 5 32 13 4 8 2 28 11 30 22 14 31 29 2 28 30 5 7 8 23 23 28 6 20 18 10 11 6 5 19 31 14 23 3 5 12 18 20 32
44 8 16 8 25 1 7 2 18 29 1 29 25 27 25 20 26 14 29 24 30 1 18 4 4 12 31 25 29 24 8 32 7 31 5 13 18 7 30 25 26 17 14 16 32
69 9 30 1 29 33 20 32 32 12 25 3 22 17 30 15 22 31 32 24 6 29 24 4 10 23 10 32 2 12 24 5 18 28 22 31 3 33 25 15 14 14 8 6 22 11 2 1 26 18 15 13 26 25 20 22 21 20 11 3 5 8 20 15 32 15 10 9 16 11
65 13 12 7 12 14 33 32 27 18 14 12 12 5 3 10 15 12 5 16 28 11 23 17 16 32 5 7 2 1 33 18 21 21 12 29 9 31 29 33 16 16 16 14 12 16 19 29 9 14 23 11 32 1 12 13 14 1 26 28 28 13 27 10 8 12
61 19 32 18 26 4 23 27 12 29 1 29 8 4 12 22 26 32 18 28 12 1 10 11 9 9 33 26 23 17 4 5 20 3 3 33 33 10 24 25 23 31 5 24 25 17 14 8 15 11 5 25 21 24 8 5 13 6 19 13 1 3
54 2 32 17 3 8 21 22 21 22 29 8 7 19 1 18 3 11 23 30 31 32 20 10 9 7 4 24 26 20 25 7 3 17 4 32 8 5 21 12 14 24 21 8 3 13 7 18 14 7 30 28 23 10 24
51 22 20 23 8 10 11 29 28 5 26 18 13 6 20 2 27 18 15 25 8 4 20 14 17 11 10 16 19 23 17 6 13 11 25 33 30 24 7 3 29 15 15 1 4 33 24 7 22 23 32 2
53 16 20 8 22 28 29 14 6 6 8 16 17 3 29 22 21 9 18 19 18 21 22 22 32 27 10 6 26 17 5 11 2 17 33 29 27 13 27 14 11 28 30 16 16 1 31 8 25 19 21 22 6 18
56 6 20 1 20 3 17 5 3 9 12 18 2 9 9 16 32 6 11 28 17 2 14 4 15 15 7 3 28 11 14 9 10 19 25 8 23 11 27 11 23 25 16 18 17 7 1 10 14 30 14 18 33 19 29 33 25
63 9 28 12 23 1 9 33 2 2 11 23 33 5 16 13 32 11 33 6 11 16 26 5 33 24 7 12 10 29 17 6 32 19 10 24 31 33 7 9 6 22 7 3 9 7 3 2 3 9 29 6 2 21 3 19 17 29 1 9 16 21 3 31
55 31 12 20 13 22 20 11 18 25 31 8 3 18 10 28 1 31 6 9 25 1 19 20 25 7 29 7 13 3 33 29 10 8 31 19 29 8 7 28 18 6 24 10 24 18 15 12 33 4 18 19 29 24 1 5
47 26 27 11 23 22 10 6 24 12 29 22 3 19 1 28 22 9 2 17 22 30 14 25 1 25 4 3 24 14 19 3 14 13 20 26 29 12 30 16 21 20 6 27 26 12 33 18
60 27 30 32 8 26 15 22 4 19 16 21 18 22 31 9 23 23 25 14 28 29 6 9 27 26 9 18 33 19 10 10 31 25 24 33 15 26 13 9 29 17 1 23 16 10 5 14 20 12 7 15 33 22 21 4 9 15 21 12 10
59 29 33 17 31 6 26 33 23 26 31 8 14 13 32 6 5 2 8 21 23 27 9 29 5 30 12 24 3 23 3 13 17 18 8 17 27 28 3 24 4 24 26 3 28 17 29 22 18 33 10 33 19 15 16 13 26 33 9 13
40
186 14 5 2 15 18 27 2 17 24 4 3 24 4 10 22 6 30 31 19 15 37 12 27 12 20 8 39 38 9 36 27 1 26 31 8 20 21 29 11 5 35 16 30 16 34 38 28 7 35 25 7 37 18 25 18 37 10 22 4 10 2 7 40 1 18 28 4 12 21 16 20 21 12 40 25 28 14 21 17 28 19 36 2 29 6 5 1 8 2 10 9 36 20 37 29 1 18 24 17 22 36 33 36 10 22 16 27 14 1 11 30 34 33 31 21 29 24 10 20 10 19 14 7 36 17 24 15 3 24 13 15 3 24 38 27 16 8 3 36 32 25 15 23 40 30 34 39 36 29 4 8 12 40 6 8 36 16 10 9 10 10 16 28 38 40 32 30 22 34 24 18 36 28 24 13 20 20 14 29 2 39 23 17 16 37 37
182 11 22 34 19 32 3 30 39 39 10 39 22 29 34 17 14 29 6 14 26 12 6 6 20 25 21 8 4 1 28 18 30 21 24 9 9 15 26 1 7 18 38 16 38 30 9 37 1 39 8 8 38 13 40 1 38 4 30 40 38 15 33 7 1 22 39 25 20 23 39 16 27 2 26 37 15 12 36 12 6 27 31 8 10 6 25 31 4 25 27 23 24 29 32 13 10 20 4 40 14 30 25 26 26 30 4 21 26 27 38 20 35 33 27 28 9 37 10 28 20 33 34 39 27 35 23 3 11 13 36 32 28 13 2 37 10 22 18 19 33 13 10 39 36 16 24 40 22 32 5 23 11 38 3 10 10 35 34 2 15 36 10 2 31 9 25 26 35 15 20 26 2 9 11 18 19 15 40 23 13 10 3
188 23 8 10 29 31 31 3 28 6 5 33 38 10 17 18 4 36 26 9 4 1 11 34 7 38 3 13 14 37 16 37 21 16 28 39 7 36 10 1 3 4 23 29 12 40 8 23 34 23 10 38 17 1 2 25 31 27 22 37 14 10 16 29 23 17 33 4 23 37 19 4 38 2 21 24 8 26 34 30 24 24 14 33 7 24 37 21 15 25 21 32 21 34 27 19 11 10 33 36 27 18 35 26 22 19 35 31 38 36 2 15 9 39 32 4 27 40 29 12 2 40 25 32 15 5 21 1 5 11 22 20 6 24 24 4 39 33 32 34 26 17 37 1 11 13 31 6 12 19 14 9 38 40 20 33 12 7 27 12 5 6 12 12 33 19 32 33 13 2 27 34 11 26 26 14 26 8 22 27 34 20 19 33 19 20 17 30 35
187 18 23 28 5 26 19 4 1 3 35 19 29 26 20 7 22 33 7 22 40 24 11 10 39 10 10 37 38 4 19 22 6 15 27 2 37 30 7 10 27 32 21 1 17 21 20 27 13 10 29 36 32 20 11 8 4 36 17 12 38 8 40 18 26 24 27 30 27 1 29 34 36 24 20 15 24 12 22 2 27 8 5 40 31 1 25 23 36 19 26 11 11 4 40 31 17 34 20 5 33 33 3 13 5 14 6 28 33 11 40 3 16 9 13 21 31 8 26 27 12 31 32 3 30 27 29 9 15 16 29 37 3 15 33 6 28 39 20 23 12 16 31 16 31 27 37 22 40 33 35 39 38 15 2 30 15 16 11 30 29 13 8 20 7 30 26 15 16 33 23 14 11 17 11 6 33 20 8 26 26 10 32 29 36 8 27 38
175 25 20 13 29 17 35 37 25 34 31 5 3 13 1 23 14 6 23 32 17 25 32 4 22 18 39 10 1 30 18 31 5 24 31 8 21 27 16 24 2 33 35 10 17 5 18 31 15 36 8 40 29 23 24 31 16 34 7 25 8 24 1 36 36 33 2 16 35 25 23 7 19 15 24 35 14 20 33 11 12 3 25 22 35 27 26 29 7 26 26 11 23 24 14 19 19 31 13 8 20 29 13 21 17 11 11 39 37 3 10 38 13 9 21 32 37 31 22 11 16 5 33 11 23 5 6 39 2 39 12 10 22 39 1 33 8 16 11 1 6 28 5 2 32 2 1 36 35 3 33 15 6 28 19 34 11 28 27 11 1 30 1 29 32 7 4 24 14 8 14 36 39 18 36 15
198 26 7 39 32 17 16 2 35 26 35 1 37 10 32 37 4 24 34 31 29 35 11 7 6 39 18 36 28 31 34 19 11 32 4 21 19 33 30 5 27 8 5 13 33 15 3 2 26 6 16 11 10 33 18 38 13 17 5 26 21 35 23 19 10 21 23 10 39 12 34 34 24 3 5 15 4 23 8 31 27 28 27 40 38 39 4 18 7 33 4 36 27 27 18 14 29 39 10 34 23 14 7 36 35 24 39 36 7 5 29 3 5 35 16 25 31 7 10 17 4 37 8 19 10 37 34 8 16 27 35 10 14 4 27 2 8 19 30 11 9 22 1 39 8 34 27 2 24 15 19 27 28 20 13 12 33 11 6 6 33 37 27 32 3 31 40 19 33 17 34 2 1 10 11 18 14 8 25 18 32 2 22 2 16 39 14 40 14 7 10 14 28 6 3 36 19 17 13
181 21 15 11 22 23 10 6 22 4 1 15 28 20 27 36 34 33 2 11 15 29 18 20 40 36 5 25 40 39 30 31 25 38 20 3 5 4 5 11 36 20 26 35 28 34 34 8 21 12 7 6 22 4 21 2 7 12 23 36 29 3 3 32 30 22 1 38 29 34 30 40 19 20 38 14 30 11 26 13 39 13 6 27 38 37 9 15 22 11 18 3 16 27 34 16 8 29 16 5 19 18 10 40 38 38 3 9 11 40 36 3 38 11 11 23 31 9 13 6 19 26 38 10 28 25 18 9 9 3 30 3 19 17 22 26 29 15 30 7 6 4 20 27 6 37 21 7 19 19 36 21 33 36 34 4 10 16 19 12 22 31 37 6 16 30 9 23 38 37 15 7 33 8 34 35 11 25 2 33 11 15
200 30 24 33 26 38 7 33 38 18 33 29 19 15 16 25 25 35 40 28 13 16 40 11 19 8 3 24 29 18 32 14 14 4 26 31 14 29 23 16 16 31 33 1 5 19 15 37 23 19 32 21 3 17 21 7 29 27 38 19 15 26 9 2 24 16 31 11 21 30 35 29 7 20 33 9 18 5 36 26 22 38 13 30 26 32 15 2 39 9 27 7 37 37 15 27 10 8 24 27 34 36 4 24 21 25 31 25 35 24 18 7 28 19 27 1 28 14 18 22 23 27 20 16 6 27 8 1 18 14 23 13 19 11 27 33 23 15 6 31 17 17 14 15 25 29 9 36 35 8 12 22 1 10 31 39 27 15 10 13 3 27 40 17 8 13 14 34 33 10 7 31 26 31 10 34 26 25 34 14 15 23 34 1 4 5 4 7 25 38 30 32 10 19 11 27 37 18 21 23 15
185 3 22 26 1 23 24 1 23 17 20 11 37 17 40 9 4 19 22 33 6 29 36 26 1 18 12 37 25 3 2 8 40 38 34 39 40 18 26 40 30 17 36 36 5 32 25 1 23 3 5 34 8 12 34 29 21 17 16 37 11 25 23 24 27 1 21 6 34 35 31 30 14 18 24 35 13 20 19 26 32 1 30 1 10 15 19 37 12 39 37 7 12 14 5 23 2 36 36 24 3 24 33 29 5 25 39 11 35 11 37 21 37 32 27 2 22 36 26 2 39 13 10 13 37 35 10 30 5 27 32 23 6 10 37 9 39 4 5 9 9 38 39 25 16 8 33 34 26 21 26 40 36 27 8 3 31 2 7 27 21 17 40 22 1 19 18 15 37 6 15 39 17 5 29 18 27 21 30 37 3 20 12 31 21 14
202 28 7 12 27 15 29 9 5 30 31 17 1 21 3 28 40 26 6 2 24 39 8 22 26 35 39 17 29 8 4 28 17 22 10 11 11 13 38 2 28 27 1 18 5 16 3 36 23 10 23 24 6 13 4 3 34 34 36 40 17 8 39 30 33 35 3 17 35 4 29 26 39 26 7 21 17 32 5 25 1 36 9 7 32 13 30 2 11 12 28 23 16 16 6 5 34 4 6 1 8 35 26 3 20 24 14 39 27 8 7 9 26 1 37 29 39 8 30 34 33 21 24 15 2 16 32 4 23 6 8 36 16 9 13 30 24 29 9 22 30 13 32 40 5 3 15 35 17 7 24 1 31 29 20 1 15 28 23 7 30 9 17 25 33 37 25 22 35 39 40 39 4 27 18 31 32 39 38 15 37 24 3 15 19 39 17 35 14 37 6 6 38 20 18 20 10 6 8 5 40 13 29
213 28 36 23 16 39 31 33 13 29 7 28 10 6 6 35 1 17 35 18 30 33 27 3 12 36 31 13 18 32 6 13 25 5 19 34 37 2 38 9 3 35 30 19 16 13 25 20 8 38 28 17 37 31 16 31 2 27 30 38 28 16 29 4 38 28 28 9 38 1 9 17 17 13 6 23 14 32 30 21 23 2 26 30 16 3 22 7 32 33 7 24 7 25 30 11 24 35 6 23 6 16 12 12 37 3 14 5 23 4 3 16 32 16 29 10 35 22 10 6 31 39 8 26 21 9 28 24 36 22 5 19 23 26 4 13 18 37 13 28 36 17 21 18 30 22 27 33 9 25 40 12 39 14 17 29 11 26 26 14 17 32 25 34 31 12 30 27 11 9 16 31 13 6 18 38 30 35 26 3 25 23 31 32 19 20 4 27 37 30 13 12 18 17 27 21 33 29 12 26 11 21 39 38 3 39 40 15 35 27 6 7 1 31
161 14 8 36 12 40 6 40 3 2 25 32 15 33 10 6 25 23 29 14 11 27 24 39 8 16 11 21 5 21 8 5 21 9 25 3 23 30 15 39 36 3 10 9 8 35 20 2 33 39 33 34 4 37 26 38 28 37 38 28 14 31 28 10 3 21 8 4 33 28 28 13 3 11 33 4 39 39 5 39 33 39 22 3 30 12 28 2 18 15 8 20 27 8 14 12 25 33 16 37 16 7 25 28 26 19 9 20 14 10 10 30 11 1 16 23 2 6 19 20 6 32 7 8 32 5 22 16 18 20 3 32 31 14 23 27 15 40 14 38 8 16 9 22 8 26 21 34 8 3 26 11 31 9 28 24 34 25 26 22 11 31
187 14 17 19 5 26 27 24 28 21 40 3 20 34 37 29 33 39 23 25 39 2 34 1 21 9 27 23 30 16 31 10 18 30 22 1 28 19 35 28 28 18 27 36 39 16 24 8 2 7 24 25 2 8 19 8 28 23 11 22 15 4 17 33 22 17 9 21 14 3 5 14 40 25 29 3 23 39 35 29 20 9 6 5 16 7 40 13 8 17 25 4 24 32 15 3 4 40 36 29 26 14 6 27 16 4 8 5 39 28 4 14 5 16 35 24 6 17 6 31 26 31 21 18 5 10 6 15 2 12 11 36 19 36 7 27 16 13 24 9 27 10 6 11 19 29 19 10 21 8 39 11 11 4 19 36 2 21 26 19 31 11 28 12 9 17 7 4 8 12 26 15 23 17 16 10 19 7 8 10 19 14 12 39 39 19 31 28
193 18 34 37 31 26 10 22 8 30 13 30 11 40 17 32 25 2 24 37 10 11 40 39 28 37 22 21 8 31 11 5 4 24 28 13 13 28 14 32 33 3 36 7 33 28 38 23 10 37 37 35 34 15 33 21 27 18 19 34 12 11 10 36 15 29 7 5 16 19 8 22 24 32 11 34 5 16 19 4 38 2 3 21 33 1 40 29 17 28 35 16 38 8 19 37 24 10 20 39 26 5 29 32 9 14 12 4 35 12 2 25 31 14 17 36 23 22 37 17 32 5 25 11 7 14 11 14 31 1 3 37 1 15 33 4 7 33 16 13 36 31 33 18 2 11 27 24 27 7 14 14 19 18 36 22 31 32 21 8 11 37 3 7 35 29 15 10 5 34 10 16 37 7 3 23 30 13 35 5 4 2 7 3 26 39 26 29 30 35 38 22 10 7
192 35 27 12 16 1 1 25 6 28 37 26 21 4 17 6 26 1 32 26 4 37 33 9 21 14 36 35 35 29 7 38 1 15 38 28 8 38 19 38 10 39 11 3 13 4 3 15 35 12 1 34 35 24 11 32 25 28 40 30 31 17 22 34 7 40 21 27 14 29 23 9 21 27 25 2 11 24 38 19 28 39 35 20 27 4 20 11 18 14 39 37 15 13 30 10 32 15 13 33 35 24 28 33 12 9 28 7 5 25 24 13 11 17 17 31 29 40 16 25 25 13 21 19 13 5 17 40 36 40 10 21 11 1 34 11 37 2 5 16 2 4 36 3 17 21 30 5 16 8 12 39 9 26 36 13 38 23 26 2 18 1 35 40 2 15 8 8 13 22 14 15 2 6 25 17 37 23 23 31 33 19 19 37 22 8 13 14 14 12 12 8 17
202 15 31 17 35 26 20 28 15 19 14 23 27 31 19 17 28 33 28 26 29 25 35 22 26 7 29 12 16 34 37 6 38 16 6 27 26 9 15 33 13 7 2 10 23 20 5 12 24 15 13 29 8 30 18 19 17 6 37 9 7 40 23 31 3 2 10 19 17 5 34 14 39 40 9 34 17 2 35 12 8 23 20 5 32 21 32 21 40 6 22 24 35 19 16 31 29 3 26 21 30 40 13 17 18 38 22 9 14 11 32 15 35 33 17 7 27 6 1 20 37 5 19 36 27 7 1 2 38 3 12 25 14 31 34 15 40 40 30 24 33 2 30 27 23 15 1 33 31 6 28 18 8 11 5 12 8 6 26 27 24 38 2 35 1 32 19 22 6 7 33 35 9 4 34 5 10 22 32 14 25 19 31 38 22 27 23 8 20 21 24 25 33 37 33 36 10 31 17 38 23 25 17
198 35 33 31 35 37 38 11 11 4 10 27 13 30 37 15 38 31 27 34 11 3 36 38 38 18 4 15 26 32 1 14 15 15 9 23 38 38 36 11 25 29 8 5 16 12 24 34 15 40 15 22 18 25 40 35 36 25 27 11 25 5 14 28 27 5 21 37 25 21 31 11 15 1 34 26 4 1 11 1 27 38 26 14 25 16 20 40 15 11 10 16 12 28 22 30 28 40 19 4 19 7 30 3 19 1 21 35 36 2 25 29 27 31 37 10 16 12 16 27 1 28 11 24 38 32 26 4 16 13 18 31 17 28 36 8 9 23 28 11 40 2 36 31 3 28 2 12 32 9 21 34 38 29 25 31 2 20 20 32 21 2 27 12 20 18 6 11 7 20 23 31 37 10 16 31 7 17 20 14 30 4 29 16 27 6 13 30 31 38 7 40 26 30 32 10 12 16 35
195 4 3 31 35 9 15 18 33 5 11 30 27 1 20 1 13 13 26 11 25 13 10 18 9 22 14 18 3 1 26 18 28 15 40 21 39 26 21 12 13 24 9 22 30 19 6 28 35 11 34 36 27 34 11 11 40 2 14 39 12 27 36 27 21 10 25 1 23 25 15 9 34 28 9 34 5 19 13 15 18 39 13 39 7 6 15 9 37 11 25 13 33 4 29 16 34 20 20 7 27 16 24 36 6 1 37 9 9 25 18 39 18 35 14 4 9 2 14 13 20 23 19 14 19 34 39 35 5 38 28 13 15 12 18 12 10 30 34 9 6 28 37 28 6 9 8 36 6 33 34 20 39 20 28 5 24 9 17 11 25 14 23 5 29 6 24 17 7 10 13 20 37 6 6 25 23 38 20 12 12 20 22 24 35 27 31 8 7 3 40 3 34 21 1 24
203 30 16 30 6 31 7 6 2 24 4 19 24 40 20 15 40 9 4 35 18 24 39 29 27 11 23 28 27 18 19 25 23 29 7 30 11 34 7 14 30 4 27 13 23 4 15 33 2 15 25 7 37 24 14 4 1 36 18 9 34 10 34 30 37 13 38 36 7 19 23 11 24 38 27 24 2 19 10 39 36 9 10 9 5 7 17 22 28 11 34 18 21 24 5 35 1 39 24 1 16 18 22 6 31 20 1 27 33 12 7 26 3 21 29 15 5 18 39 2 1 38 28 18 21 4 14 24 9 27 9 38 36 35 19 28 28 39 1 31 13 10 2 17 14 18 17 33 13 3 21 6 19 19 1 6 34 15 22 3 17 34 1 5 36 31 31 39 29 23 28 14 17 6 39 19 2 33 37 32 7 35 35 40 24 36 30 26 14 23 4 29 7 17 18 31 2 30 22 21 15 8 10 7
161 12 29 5 17 6 29 39 2 16 40 23 3 20 13 36 22 37 39 13 22 23 14 17 10 5 37 30 2 34 26 24 35 29 19 12 23 35 36 30 13 16 19 33 31 40 35 37 29 40 11 38 10 12 40 25 39 6 2 5 5 21 22 32 26 7 33 22 4 17 7 12 17 4 3 36 12 7 20 32 36 15 10 19 35 5 10 34 26 11 5 10 34 37 9 27 31 38 40 4 34 39 17 30 4 11 8 16 23 16 26 17 7 24 20 31 2 25 24 5 10 14 9 26 39 34 4 11 21 29 30 24 28 29 32 31 9 36 27 16 27 35 7 3 31 33 11 26 11 30 35 19 38 24 15 3 38 1 25 34 30 25
189 20 24 16 26 3 14 4 11 40 27 12 3 16 7 37 10 34 33 24 21 35 24 20 3 15 12 35 22 25 20 39 9 33 31 24 4 11 5 36 21 33 2 31 18 1 8 31 14 34 28 15 31 28 31 19 18 33 5 8 1 35 19 12 26 19 11 35 38 3 10 16 21 12 21 19 19 15 25 33 5 36 40 3 32 28 32 29 19 19 3 23 24 28 3 14 4 20 33 11 4 15 19 11 36 10 19 36 20 31 18 3 40 37 34 29 17 35 4 9 32 2 11 39 13 26 17 25 25 32 11 23 39 34 7 15 10 6 25 34 21 15 20 1 20 40 18 5 32 26 10 29 19 11 40 35 4 17 21 9 37 2 20 29 38 17 18 18 14 17 3 29 23 21 1 39 32 4 29 40 30 25 34 24 23 37 15 24 33 27
162 12 33 32 13 37 9 24 34 36 13 1 36 17 32 39 12 36 24 1 27 11 14 19 6 18 7 24 8 27 17 6 33 26 5 1 34 23 39 12 25 37 27 14 19 18 13 28 1 7 16 11 15 39 6 31 25 20 32 34 21 6 8 16 22 37 27 30 29 33 4 38 3 25 32 19 11 37 9 17 8 2 23 4 15 8 6 16 25 32 19 9 9 32 25 4 16 34 25 17 12 22 35 36 36 17 10 4 28 6 16 18 39 16 34 34 34 18 24 36 13 24 36 40 36 5 10 18 3 7 25 39 4 27 38 36 26 9 32 23 34 4 35 22 18 3 23 29 7 39 21 5 36 36 39 15 21 39 12 8 21 7 1
189 5 30 12 23 6 4 11 14 36 38 8 8 20 2 28 21 1 10 36 18 15 26 14 14 5 23 11 12 13 30 40 7 10 1 19 18 40 24 11 3 6 12 32 12 11 23 36 10 29 11 6 38 18 20 8 23 30 23 26 26 12 9 33 39 8 1 37 28 4 26 34 25 1 1 17 4 37 14 8 8 8 9 20 38 37 23 13 11 29 22 19 18 20 40 17 3 35 34 18 6 6 1 25 26 3 18 7 38 33 22 23 1 7 17 19 21 26 36 15 22 30 7 34 4 35 11 40 17 22 36 38 5 6 36 13 18 3 18 5 30 26 16 21 33 40 1 5 37 19 19 1 5 34 13 36 36 13 37 18 27 5 21 10 1 4 29 38 15 32 40 14 20 8 27 40 30 17 22 35 40 15 22 38 1 5 17 2 1 35
178 15 5 20 37 33 20 14 13 39 32 38 22 11 21 38 18 3 2 12 27 38 9 6 2 16 15 29 38 7 5 29 28 18 12 39 23 25 35 30 8 9 25 35 25 11 18 14 12 35 39 25 17 1 18 6 31 28 16 18 15 8 27 15 5 28 1 37 2 19 2 36 33 23 2 20 6 2 28 21 25 18 13 9 1 17 23 13 8 11 6 8 37 17 4 7 15 21 37 7 17 36 36 35 2 8 13 24 14 2 10 8 9 20 10 4 35 3 6 13 38 25 13 8 22 35 24 23 31 19 15 18 15 27 23 22 27 7 7 36 3 26 22 20 21 19 38 30 3 8 6 16 8 36 6 3 29 34 13 7 24 10 2 9 9 18 9 4 25 17 32 7 4 17 21 9 12 5 37
180 28 14 20 2 23 17 7 3 16 4 2 12 26 26 14 37 3 13 14 25 29 7 8 14 5 33 13 26 37 27 20 38 2 32 35 28 23 38 40 16 26 30 30 26 15 1 17 14 32 19 35 32 14 8 26 8 30 33 39 3 3 27 5 13 21 28 35 3 30 34 37 31 11 3 7 8 16 30 25 35 34 38 11 16 2 6 34 30 3 6 38 17 34 17 26 34 1 28 4 14 6 36 33 9 17 22 19 32 13 12 26 38 14 32 36 39 16 40 35 16 13 13 37 16 2 37 11 35 17 6 33 6 22 23 2 18 17 30 9 30 13 28 40 6 20 9 31 9 19 24 40 30 31 11 17 33 33 32 2 9 39 31 22 35 5 12 19 25 34 2 23 33 28 10 15 32 31 14 39 16
185 21 18 2 28 18 26 5 35 5 7 20 40 21 22 35 31 18 39 11 13 40 27 31 13 25 39 2 21 38 12 13 33 2 6 35 20 8 35 5 5 10 33 26 5 37 10 27 6 22 31 32 9 21 5 15 16 36 14 10 1 10 23 38 20 11 21 36 39 21 14 37 31 35 6 26 38 36 4 24 28 24 34 16 6 32 19 25 9 39 20 20 21 17 32 7 19 8 10 33 5 3 9 29 15 15 38 1 25 20 3 29 13 31 5 6 13 34 28 5 12 13 18 8 6 35 31 38 26 24 30 16 40 25 12 19 13 23 18 6 3 4 22 40 4 1 5 39 27 7 34 34 39 19 31 10 31 8 26 19 1 9 11 17 33 38 5 16 37 13 36 38 21 22 30 38 7 32 26 6 24 33 2 18 8 29
197 24 26 23 17 31 34 37 36 22 18 19 15 18 11 1 32 18 7 8 30 32 8 24 8 11 21 37 10 3 29 30 20 21 30 27 27 37 14 29 5 17 29 18 26 17 7 27 17 17 36 38 40 27 20 21 18 29 40 17 23 13 13 30 29 32 32 1 27 27 29 16 19 11 18 14 15 36 6 23 10 19 20 32 10 11 18 37 9 26 19 35 39 36 21 16 11 23 13 12 37 5 36 4 22 6 13 39 8 15 5 27 28 15 34 14 34 25 1 10 20 2 18 17 32 7 10 34 16 40 11 18 20 39 30 18 37 13 20 26 38 8 20 7 16 21 8 10 16 19 14 10 20 32 26 18 14 15 34 18 6 24 25 2 16 21 8 21 19 2 32 19 13 3 6 16 4 37 11 37 19 30 28 27 2 6 12 24 36 40 31 12 8 27 23 8 40 10
169 40 22 14 2 3 28 39 21 8 7 20 31 11 20 35 9 38 9 8 8 17 35 32 6 35 21 32 6 28 11 17 33 7 23 21 12 15 13 34 8 6 38 17 25 4 6 24 40 12 31 25 31 21 20 26 24 13 26 28 32 29 36 8 36 24 32 4 40 14 18 36 8 25 15 10 14 29 34 7 6 4 33 8 38 20 19 10 13 13 8 28 18 25 38 4 36 1 21 17 6 28 12 17 26 14 25 10 13 17 31 4 23 35 29 23 37 25 39 28 19 13 36 9 10 21 35 8 7 24 21 17 2 4 11 8 13 40 13 24 38 40 32 35 16 26 28 14 8 18 22 5 38 12 23 12 23 27 10 26 36 4 7 6 7 12 25 16 23 39
187 9 22 30 25 1 7 9 3 38 8 2 16 6 9 13 39 14 36 34 6 26 1 32 40 30 12 5 28 18 11 21 1 34 29 16 38 17 19 21 30 11 36 22 10 8 14 30 4 25 29 40 10 32 3 40 7 19 20 2 39 21 7 31 20 6 11 6 1 16 34 39 30 18 22 9 6 30 6 4 4 21 34 8 31 40 39 11 5 18 40 40 38 10 14 16 18 38 23 10 21 7 28 20 14 36 40 34 26 23 12 2 10 19 22 10 27 20 9 28 14 11 18 19 22 6 17 15 28 33 32 15 24 11 8 33 9 5 37 29 40 18 32 10 36 9 2 10 37 31 28 38 38 29 22 40 32 34 3 40 38 22 25 14 8 12 6 39 14 3 5 39 18 29 22 1 17 36 2 28 26 12 21 21 22 33 7 17
175 22 16 16 24 15 27 29 38 34 24 28 33 14 34 11 34 15 23 26 1 32 26 16 2 16 22 13 15 17 4 2 27 20 16 34 5 5 34 1 22 12 18 13 10 11 13 25 21 39 28 31 14 33 6 23 6 38 24 19 40 6 27 24 26 28 16 15 33 37 3 11 11 3 20 19 2 11 34 4 5 14 21 13 35 9 12 5 25 18 12 7 13 39 12 19 27 26 26 37 37 37 14 29 28 26 22 38 29 31 10 3 30 1 29 14 17 1 19 35 18 18 16 21 33 6 7 21 36 18 32 11 13 31 12 6 32 14 15 39 8 1 4 40 18 14 23 7 22 1 11 25 40 7 9 34 14 40 7 21 31 11 13 19 23 9 30 11 10 32 33 3 13 3 1 34
183 6 25 17 36 25 25 40 15 9 33 4 4 28 30 31 24 38 2 23 19 4 36 24 16 35 27 29 1 7 32 16 36 35 40 7 4 12 35 16 34 29 21 35 35 28 1 11 39 7 19 24 16 24 8 4 13 15 20 10 32 40 26 17 23 23 22 13 29 16 29 27 38 30 3 3 20 16 16 33 30 23 21 10 11 15 27 4 15 26 7 39 2 38 18 5 22 24 6 7 33 39 37 26 40 24 2 6 5 29 5 19 38 24 17 16 7 26 21 27 30 13 28 13 21 19 35 5 36 4 12 37 21 15 32 37 2 31 33 3 30 12 1 33 15 35 12 27 40 1 29 8 31 36 8 32 30 23 8 9 25 4 9 1 27 4 3 27 6 1 30 11 2 39 34 39 21 26 33 33 40 32 33 3
169 8 16 19 9 7 24 8 25 34 23 17 9 29 26 5 4 29 1 5 18 7 25 18 26 9 22 26 11 33 21 13 11 23 5 40 31 1 22 22 8 14 9 35 39 29 35 7 13 37 14 39 12 32 7 14 9 21 30 23 32 13 15 16 38 19 11 22 18 39 32 24 16 32 16 13 39 19 17 33 27 22 27 22 39 40 14 28 3 28 4 38 37 3 3 38 22 26 10 35 2 25 9 19 13 25 28 24 34 32 3 25 14 8 27 33 3 12 25 8 2 22 7 28 22 29 30 6 19 37 9 1 34 19 13 26 6 7 19 33 33 40 37 1 36 12 33 31 35 10 4 5 33 6 4 11 37 17 19 20 7 6 22 15 8 25 29 17 6 20
182 8 6 17 14 34 11 12 22 25 3 34 17 4 18 13 26 40 30 36 11 17 3 40 39 3 8 23 39 36 37 24 12 3 29 13 40 5 13 3 4 14 28 38 12 30 15 34 37 21 29 29 10 32 18 36 9 34 36 27 10 5 16 5 27 4 38 38 6 13 8 3 37 27 31 24 13 36 4 28 9 23 37 12 15 33 19 23 12 6 30 16 11 40 10 40 10 21 34 19 16 37 6 37 17 3 18 29 29 4 14 5 39 3 36 24 13 2 14 31 2 30 19 16 39 16 17 30 3 9 8 13 25 20 36 27 3 23 36 2 28 36 14 9 35 3 11 24 40 26 15 15 1 35 11 1 18 32 3 5 5 22 21 18 37 5 22 2 22 40 15 34 37 31 3 27 16 35 27 25 23 16 8
192 24 18 31 5 27 10 32 29 33 23 25 26 11 38 35 5 16 39 6 3 7 15 16 39 40 37 35 37 5 35 18 34 37 21 26 33 14 3 36 38 25 22 13 4 17 8 9 38 39 14 18 17 29 27 3 39 37 2 2 13 6 29 28 34 40 31 28 36 29 14 1 6 36 2 2 26 36 6 32 39 4 10 8 40 36 27 35 33 39 20 24 25 1 39 31 16 14 2 32 34 15 1 22 3 26 5 25 14 32 8 37 18 17 12 37 32 21 31 1 36 10 14 31 20 6 10 29 23 40 13 1 17 4 26 20 39 39 3 25 22 9 22 31 35 19 22 34 35 20 24 4 37 33 1 20 12 7 39 33 15 27 18 21 12 21 3 36 23 29 36 2 35 35 20 7 36 25 17 21 33 19 33 6 32 29 16 31 38 4 17 22 32
182 11 13 15 36 3 22 36 3 6 5 4 9 4 32 34 13 35 30 40 30 32 16 39 9 29 25 24 30 39 2 10 9 25 40 24 19 33 15 1 17 10 35 17 14 4 24 21 21 17 27 7 36 12 34 13 39 30 36 18 39 36 3 9 22 20 23 8 22 38 16 37 2 15 31 16 10 3 18 4 9 37 34 14 23 38 18 11 29 19 5 12 15 17 13 15 21 5 26 10 8 6 2 18 24 12 37 9 22 19 5 23 31 21 32 40 2 40 28 4 8 3 31 5 39 39 23 19 27 40 38 6 16 16 33 10 35 23 17 23 2 25 33 29 4 2 37 27 9 40 9 14 29 21 33 29 20 39 10 22 19 30 32 7 5 21 16 35 38 29 5 9 15 8 1 28 13 1 11 10 29 30 16
200 23 9 20 14 5 19 38 17 5 9 3 19 34 34 16 40 27 14 10 22 39 2 38 22 9 11 7 38 19 15 36 7 33 12 37 40 40 21 23 34 13 15 7 15 33 36 19 32 22 17 17 34 1 38 6 12 14 40 38 33 15 34 34 3 31 8 11 13 31 18 30 29 9 38 18 25 10 12 31 16 34 18 40 14 17 19 38 40 9 7 32 14 18 36 24 29 33 5 26 16 21 23 14 31 14 14 24 31 40 32 20 31 31 38 26 28 3 31 9 10 24 18 12 30 22 17 38 31 33 25 34 31 33 11 37 6 16 3 9 8 8 3 19 37 11 39 34 22 17 14 38 6 4 8 21 23 17 39 37 6 19 9 10 35 2 11 39 17 14 38 26 28 4 24 10 39 8 31 40 30 18 28 3 20 12 36 24 19 24 26 20 36 1 32 30 15 17 5 7 11
193 2 14 9 35 14 6 21 29 19 2 7 9 38 30 14 13 14 37 25 25 27 9 8 10 4 30 14 37 15 17 16 29 27 14 9 2 32 31 28 27 9 9 21 9 22 40 17 11 18 2 17 33 37 29 7 6 3 1 33 20 29 27 15 21 5 1 10 20 30 37 39 17 39 30 34 17 1 9 15 27 6 1 36 32 1 18 28 40 38 37 38 27 27 34 22 31 18 40 15 29 15 15 27 39 12 15 34 8 18 1 27 28 8 29 24 14 2 16 34 18 15 40 29 19 31 2 26 23 10 34 7 24 13 12 36 10 35 32 9 6 28 40 14 30 35 5 10 32 20 19 13 1 21 18 15 24 21 25 13 31 13 29 17 35 25 21 16 27 14 34 24 9 12 38 33 32 29 10 39 17 35 21 23 32 11 31 15 16 34 12 23 39 14
189 6 7 9 14 35 18 40 11 9 18 5 30 28 24 14 34 21 8 23 15 25 8 7 6 35 35 1 20 17 25 36 23 15 10 26 15 18 29 39 28 13 2 15 23 38 38 36 25 32 13 24 30 9 10 35 32 22 35 4 15 26 11 16 40 2 32 10 33 23 4 11 11 17 34 30 25 37 22 39 25 31 36 13 11 31 16 33 21 40 40 3 22 4 32 22 8 37 2 7 11 8 25 29 19 37 25 21 10 8 9 33 30 9 38 37 26 38 4 20 36 9 32 4 31 28 29 25 9 1 19 7 39 2 14 36 34 33 19 38 36 35 28 29 10 29 37 21 16 4 4 31 6 28 10 15 19 23 23 1 8 24 3 34 37 13 29 39 16 16 23 35 16 10 16 19 27 20 24 6 24 30 37 34 1 28 12 3 16 19
196 2 1 35 4 33 16 6 7 33 17 17 28 4 37 18 32 18 23 27 40 29 37 10 25 34 29 10 23 38 16 13 39 19 14 2 32 10 24 40 28 40 14 5 12 20 25 18 29 39 34 23 27 27 31 6 9 24 6 38 21 11 10 16 28 26 4 29 6 36 28 35 35 40 8 4 38 17 19 27 11 5 30 38 39 25 23 16 35 8 7 4 17 13 9 37 38 18 35 39 16 23 29 11 7 32 19 18 34 15 24 4 4 24 2 3 16 11 11 34 27 1 29 39 4 31 1 18 39 8 32 3 26 29 24 37 32 1 21 36 7 26 3 19 11 29 23 12 10 11 35 18 38 18 11 1 39 6 24 23 20 15 20 38 26 15 31 7 16 18 12 10 11 6 9 19 2 25 35 29 21 15 35 38 1 14 36 30 40 37 12 34 24 2 20 7 14
183 32 36 11 23 14 11 18 9 6 28 22 27 20 3 36 12 11 12 20 8 26 37 1 33 37 33 39 30 12 30 37 21 33 20 5 6 14 9 30 40 2 13 29 8 2 20 23 36 21 23 32 17 38 21 2 29 39 4 38 21 20 31 12 17 37 34 19 15 30 39 15 19 34 22 1 11 2 30 37 26 23 12 6 38 5 7 24 33 9 20 32 29 29 1 17 33 26 18 17 18 40 33 16 30 30 30 31 38 4 18 19 23 21 28 1 16 1 15 27 28 13 4 8 37 37 22 1 19 2 30 7 39 23 16 34 9 10 8 38 28 25 19 19 37 14 17 2 18 35 2 2 29 8 36 2 4 4 26 3 30 12 38 6 23 34 26 27 3 13 9 40 36 1 12 20 27 16 31 40 13 25 3 10
82
88 73 72 49 44 76 58 79 42 9 41 5 46 16 49 42 41 26 25 72 82 26 12 66 72 51 29 53 54 19 41 20 17 58 15 70 36 42 15 76 61 48 33 44 65 25 50 4 59 28 42 77 57 19 46 56 63 55 69 1 8 34 40 70 38 65 48 13 41 19 47 4 49 11 59 33 61 61 38 15 70 45 43 60 76 61 64 28 41
97 58 8 79 21 40 5 55 69 64 68 31 25 30 57 56 7 17 57 64 58 61 34 14 28 63 17 39 56 59 72 61 75 81 35 43 80 12 73 24 35 72 30 65 21 40 45 74 71 78 52 43 7 76 42 41 64 48 50 30 34 76 79 18 33 66 52 61 59 37 43 33 63 37 40 71 22 39 12 60 36 54 46 43 22 68 10 13 69 42 40 4 4 19 75 61 79 5
93 4 58 70 40 12 5 17 42 13 3 55 21 42 81 71 51 12 37 21 65 37 70 79 51 48 47 38 17 52 14 74 64 48 1 18 56 14 65 64 29 1 38 33 28 63 25 73 11 17 75 78 4 73 36 26 63 48 25 1 72 29 19 11 28 36 12 62 28 6 52 49 13 20 28 61 1 78 81 76 64 27 32 8 44 51 12 69 22 35 46 1 29 36
104 31 43 40 18 54 78 62 1 69 50 77 15 24 26 64 62 30 11 48 25 27 26 73 10 70 76 56 10 15 70 69 32 50 37 7 48 36 4 54 45 19 73 52 34 39 70 70 50 42 26 52 38 65 45 55 63 33 74 19 67 74 32 41 30 5 20 59 55 81 11 75 22 20 13 29 78 61 10 79 12 18 15 40 48 72 63 22 42 37 25 76 17 70 19 22 39 46 60 33 37 25 62 46 6
98 34 73 3 24 68 12 29 10 65 50 33 72 19 43 23 45 33 18 73 10 61 20 75 11 24 22 58 14 1 37 20 47 59 5 42 14 45 9 70 67 62 75 56 6 67 22 20 58 47 19 33 75 55 1 9 40 50 14 6 64 28 22 55 19 44 17 71 31 7 15 52 66 52 71 64 43 54 7 22 24 66 47 5 79 12 36 19 75 21 66 63 54 75 7 35 33 8 20
100 27 63 77 60 47 46 20 59 22 80 51 22 41 24 23 75 7 68 55 43 11 50 59 82 54 32 10 75 15 78 78 47 61 67 37 42 25 57 58 8 28 61 47 45 50 19 40 39 32 41 28 53 42 75 19 72 64 26 4 58 9 11 44 8 8 8 25 9 8 24 30 57 6 19 4 4 75 29 78 75 24 6 1 8 35 12 6 1 50 53 21 40 49 67 47 71 13 68 77 21
111 54 82 55 21 15 11 56 67 78 62 18 8 48 60 27 28 30 22 39 57 70 18 72 50 72 4 77 14 33 56 32 62 56 54 61 32 24 58 61 9 7 79 45 78 29 28 57 13 68 45 56 24 66 27 77 56 80 23 5 54 45 7 47 41 40 62 35 61 31 72 17 63 6 10 17 13 60 4 79 19 41 62 45 80 45 26 42 17 47 41 50 45 18 62 63 26 70 61 66 2 53 34 42 67 22 10 29 38 32 24 6
97 22 53 25 24 26 25 46 29 64 20 80 30 11 45 68 50 22 43 6 75 36 57 59 60 25 60 18 15 5 15 60 32 13 50 53 18 70 19 54 78 6 64 33 52 45 29 32 77 46 42 44 21 67 30 9 53 4 16 38 76 2 78 50 43 4 25 80 75 80 15 26 44 52 71 59 80 40 16 81 63 38 54 44 73 2 74 34 56 35 27 68 13 41 41 50 38 57
98 8 43 27 17 66 2 54 61 58 51 71 79 49 63 78 69 57 65 23 64 15 10 54 66 9 30 56 26 64 34 5 54 79 19 59 5 19 79 79 73 80 27 6 45 43 5 20 70 10 75 67 27 35 48 53 8 76 67 72 30 80 63 71 44 6 16 49 15 63 52 4 70 76 44 20 52 78 74 24 81 58 57 26 79 66 19 76 57 15 55 17 73 11 60 81 52 43 10
95 30 19 27 11 52 63 6 27 17 49 50 34 17 76 66 50 6 63 16 66 15 60 45 20 56 24 32 71 77 30 27 36 40 44 78 57 34 51 41 70 19 72 68 53 52 77 23 12 81 39 76 70 47 64 13 9 37 70 67 73 19 22 61 8 65 36 36 47 60 13 73 70 73 13 5 25 7 57 60 25 19 38 19 77 33 71 6 29 17 2 54 58 52 23 35
98 76 16 12 34 80 75 59 57 49 2 81 73 16 52 82 43 47 26 47 34 24 57 52 79 39 27 44 1 57 13 9 77 41 11 10 76 14 57 11 4 76 24 45 78 14 30 35 53 15 8 43 63 11 12 65 63 54 76 57 59 38 3 36 2 43 64 53 43 27 61 36 38 36 51 68 79 18 43 49 61 15 80 28 10 1 7 6 51 16 62 75 78 14 70 10 23 80 76
107 7 47 32 9 53 76 31 28 4 57 68 47 8 69 49 54 2 8 65 49 41 70 16 59 26 30 34 53 29 48 31 8 77 4 40 37 79 7 25 16 14 2 57 14 32 22 61 19 2 80 44 43 33 33 25 57 29 6 33 43 51 73 80 57 8 22 52 16 63 82 73 33 19 76 16 23 68 50 36 82 60 39 20 72 65 13 3 24 59 7 36 3 34 26 29 35 7 52 30 57 49 18 16 57 33 18 33
89 49 46 32 50 63 7 34 69 45 1 70 33 63 26 80 26 77 51 31 26 36 53 19 69 27 55 9 39 52 81 30 30 64 82 82 53 25 46 50 31 10 41 12 64 25 46 47 82 11 62 72 63 73 67 17 39 16 25 26 17 32 27 21 22 74 79 7 48 21 67 52 69 70 82 8 17 35 77 33 1 45 23 51 32 42 41 48 14 64
82 34 48 22 70 65 11 69 48 77 78 49 76 80 79 12 34 8 58 44 23 53 15 39 65 60 5 34 6 68 56 25 37 38 81 79 17 50 82 6 63 53 51 56 63 67 77 73 63 60 34 13 63 79 58 78 80 26 14 75 10 6 23 4 52 46 4 62 34 78 76 39 30 67 65 35 48 4 34 11 73 68 74
89 65 32 62 28 64 43 3 47 70 12 75 3 2 55 75 48 37 65 17 60 40 42 79 19 5 22 44 72 30 35 30 74 27 66 66 33 34 79 76 24 68 76 40 44 42 11 52 40 67 39 2 57 77 53 65 34 43 21 60 26 78 27 45 61 43 74 29 40 11 13 43 40 76 78 63 13 28 47 13 65 56 3 81 80 29 37 67 28 21
87 50 44 30 38 70 1 65 54 45 3 23 16 82 48 62 9 47 10 9 47 2 15 33 29 61 61 80 24 30 82 23 55 39 7 26 49 7 2 43 63 13 13 42 21 66 41 64 40 44 34 55 41 54 38 69 34 22 17 73 69 78 47 37 22 17 25 71 41 70 19 66 46 68 49 44 82 40 7 60 30 48 31 63 26 75 38 69
101 11 7 64 32 56 47 32 13 65 29 71 27 7 12 35 54 30 41 49 14 25 78 74 17 32 27 78 30 12 28 40 44 28 78 56 25 30 41 54 37 73 78 32 52 53 42 61 49 9 14 78 56 16 8 34 12 2 68 39 54 59 47 67 11 72 64 81 80 50 43 82 22 76 34 80 73 80 59 35 49 52 23 2 27 54 27 4 5 66 22 81 44 69 46 56 72 47 12 28 9 40
103 5 18 79 50 46 33 71 4 66 71 25 3 40 2 34 9 71 41 54 54 63 25 41 17 81 46 9 27 57 41 3 12 13 56 21 6 70 52 48 6 15 6 11 32 4 23 6 59 65 60 71 70 50 6 12 6 41 80 56 31 70 75 79 71 2 13 14 41 78 79 50 69 18 74 2 20 78 52 59 4 7 2 63 36 66 39 44 5 7 38 27 80 51 58 73 10 82 6 26 27 68 77 71
105 70 44 49 49 70 45 21 21 78 75 12 12 58 74 26 63 31 32 6 50 14 73 28 44 42 47 67 4 8 38 23 73 76 67 28 6 59 25 20 51 42 60 71 29 64 81 30 79 73 32 8 5 5 64 12 21 39 29 13 64 68 62 20 72 23 25 81 53 22 30 44 72 18 41 62 54 57 82 65 77 2 19 11 11 80 57 77 11 51 70 56 33 44 32 29 64 18 75 34 23 80 23 21 75 37
102 68 76 44 54 9 57 64 51 62 27 66 40 16 67 32 12 41 1 55 40 32 8 48 26 77 56 65 69 64 57 32 21 24 52 18 72 3 45 53 80 35 50 46 24 82 13 74 4 61 39 1 46 50 23 35 58 67 12 70 53 45 1 64 79 45 32 62 34 66 8 68 36 41 17 17 32 40 15 61 81 74 48 45 65 42 29 5 9 31 40 44 1 59 48 66 12 37 51 21 38 74 30
90 72 62 48 23 8 54 63 64 55 80 34 45 40 72 22 51 10 67 8 17 66 20 8 42 6 26 76 52 58 31 60 15 36 82 69 41 55 44 31 47 30 6 8 33 52 13 63 55 81 62 34 51 6 48 14 13 11 74 4 66 10 6 18 68 48 10 54 31 43 37 19 20 30 79 3 29 15 59 20 50 13 48 13 44 59 44 27 5 64 38
87 31 12 2 76 75 63 13 64 65 49 23 7 66 33 24 17 59 44 7 31 22 66 12 8 72 54 63 10 5 9 24 74 18 71 57 36 71 11 76 53 21 11 14 26 60 12 77 29 35 23 20 55 45 21 34 26 69 7 6 46 39 47 36 4 31 65 37 64 75 2 10 6 19 10 15 62 66 77 64 15 31 65 39 11 57 26 61
100 37 56 52 72 29 79 68 74 80 42 19 38 28 60 43 80 25 27 29 39 19 53 55 67 16 41 79 47 5 43 82 16 39 27 49 61 65 29 21 12 8 55 21 16 33 45 50 56 79 76 11 29 48 13 70 53 82 40 31 74 61 30 14 81 38 35 7 17 34 25 12 75 14 62 31 44 13 8 1 55 34 58 34 41 81 73 67 16 75 20 49 59 56 49 48 48 43 7 76 11
86 45 43 54 63 9 58 4 23 47 17 35 18 18 25 65 82 12 40 56 60 22 22 65 80 68 33 62 40 31 78 77 65 54 53 78 69 19 76 53 81 13 53 31 28 60 25 16 20 75 4 69 38 54 55 74 45 74 61 9 66 12 33 50 58 16 51 74 65 1 58 23 36 59 9 26 43 43 68 11 55 60 82 5 15 1 62
100 1 45 61 20 3 17 76 46 18 77 11 52 45 25 65 63 50 77 24 38 73 70 38 4 19 44 79 55 31 8 79 23 72 38 61 1 4 27 30 62 24 15 16 56 57 35 75 33 63 39 23 22 29 11 13 76 29 65 73 26 44 52 80 1 3 67 2 79 30 80 39 59 73 74 38 60 6 32 79 53 2 51 57 28 81 65 74 4 46 33 49 52 66 2 79 55 81 48 50 62
96 36 80 62 62 19 66 53 22 32 49 73 9 14 24 55 40 22 14 54 59 62 45 74 13 72 74 28 20 61 15 31 43 16 80 40 8 7 2 13 70 32 37 75 40 35 63 19 9 28 41 46 20 4 41 28 24 73 64 52 30 72 38 48 20 62 16 58 48 46 63 29 60 57 16 81 37 16 74 50 80 25 42 12 34 56 35 6 53 3 58 23 65 80 17 4 43
97 30 32 42 45 13 56 76 59 16 36 34 63 55 3 53 1 27 37 59 71 43 63 22 43 58 54 39 72 72 16 42 12 35 61 43 66 58 9 64 9 2 74 25 18 1 60 13 13 64 57 78 25 20 56 14 7 60 78 58 46 74 41 41 24 81 73 16 54 30 81 15 2 59 41 47 57 41 33 26 38 68 73 45 48 39 14 50 5 77 44 33 23 47 31 25 32 37
102 73 31 76 18 49 58 41 14 29 31 21 24 79 50 51 22 3 5 56 38 40 82 81 49 36 10 57 2 28 37 50 57 30 30 36 80 71 37 79 81 36 9 31 75 75 4 32 2 51 13 12 27 64 47 51 19 80 55 72 69 58 47 69 62 72 80 1 41 10 77 15 41 8 26 63 50 49 5 19 48 55 23 16 45 49 34 65 67 34 78 64 21 26 20 30 32 19 63 17 36 25 9
96 7 25 7 51 51 28 5 6 2 8 15 63 43 82 4 78 8 57 51 42 51 23 64 69 25 42 56 40 60 30 63 40 6 61 16 27 62 3 53 73 3 80 2 47 42 82 36 58 13 78 37 58 6 50 45 62 78 71 72 6 6 44 80 15 23 6 77 34 4 16 32 3 36 71 13 74 66 32 7 56 63 32 78 28 45 42 71 65 41 77 22 81 46 60 26 40
106 2 63 69 7 3 5 77 51 45 30 11 41 56 39 17 7 23 9 78 26 71 63 12 7 6 70 10 48 52 3 68 57 20 80 2 81 31 27 31 29 45 39 25 26 48 73 70 60 82 35 42 65 28 75 9 3 66 50 12 41 74 81 59 52 45 7 17 19 37 73 46 7 47 13 62 56 23 11 46 13 61 47 18 42 41 18 63 1 10 34 33 33 15 60 1 47 3 77 82 70 63 15 26 48 20 4
103 27 4 75 9 6 4 19 59 47 79 5 34 18 74 58 29 64 13 78 22 50 56 29 54 82 46 75 5 25 9 37 51 64 1 33 76 7 42 40 74 52 3 20 23 49 28 29 31 7 80 21 51 76 74 54 59 56 53 14 53 80 12 69 7 6 58 31 72 72 78 60 10 3 21 39 47 29 4 22 7 5 67 8 62 53 82 72 79 68 46 37 69 10 22 75 5 59 32 26 19 68 19 77
98 9 15 26 9 68 4 32 42 3 59 9 79 3 62 33 45 36 67 49 60 29 76 6 17 26 18 60 58 71 68 4 66 30 79 17 74 9 19 73 30 76 27 9 68 68 5 51 14 33 64 31 33 56 11 6 7 72 18 37 82 8 55 9 36 33 20 59 77 23 73 2 3 6 49 82 77 80 45 11 33 36 76 40 74 1 62 54 63 47 27 44 16 44 15 31 74 49 32
102 17 63 30 27 45 34 66 12 29 14 12 47 25 14 63 50 5 62 35 16 57 30 24 35 46 42 21 67 63 21 80 9 79 52 81 17 38 71 67 23 82 78 37 65 27 28 62 62 66 54 54 19 80 77 24 1 36 10 25 28 77 3 81 7 5 10 49 82 66 34 77 31 74 57 7 79 8 60 76 33 27 14 58 59 50 71 35 51 67 54 52 9 73 29 7 48 67 82 1 19 33 61
99 65 35 21 47 34 79 37 39 60 21 38 65 40 78 18 65 27 51 77 6 40 55 47 44 3 52 5 61 10 50 60 67 45 75 9 55 50 64 5 81 5 77 47 55 35 38 2 65 42 9 2 32 20 15 60 32 43 39 71 33 51 53 82 42 57 33 69 3 80 33 2 65 8 59 61 1 48 59 68 61 16 6 60 61 63 16 38 42 15 18 3 29 61 1 25 57 52 52 77
84 72 25 15 39 24 82 67 15 55 38 3 81 65 71 56 8 34 9 79 5 37 17 27 43 67 13 28 28 23 17 2 27 48 31 81 8 11 31 43 9 64 42 3 44 38 50 81 11 31 80 66 64 17 37 41 69 55 37 65 54 65 79 52 27 77 10 39 77 58 42 24 71 6 77 37 63 67 40 30 46 68 67 4 77
96 15 18 4 58 7 38 65 80 43 60 55 19 72 57 9 67 17 53 15 5 35 9 70 40 29 82 65 39 77 47 42 47 4 45 52 24 78 52 7 38 7 21 31 59 42 35 41 29 32 17 53 2 79 75 19 28 58 21 18 30 37 82 4 40 66 65 19 20 82 37 77 46 3 37 6 43 26 19 45 4 20 40 75 30 28 78 23 39 59 43 35 76 5 11 75 68
97 24 78 35 24 61 8 36 35 18 43 49 61 46 19 39 12 66 20 19 9 22 75 21 43 52 19 51 10 82 76 8 57 67 48 23 27 50 18 14 79 66 46 16 39 9 47 25 18 80 2 16 45 36 55 10 81 2 23 65 82 56 64 41 8 3 49 21 23 63 24 80 58 67 18 28 73 65 68 36 66 31 50 47 1 61 29 70 35 65 38 56 42 27 34 48 58 61
89 40 23 76 18 46 1 69 15 22 12 29 21 82 54 14 33 39 71 46 68 17 57 58 59 51 69 20 80 40 2 2 80 51 28 53 81 47 10 32 20 38 82 21 41 70 19 79 57 65 53 20 42 71 77 27 17 56 2 37 45 67 63 1 63 22 42 66 47 29 63 34 71 52 30 11 81 70 45 48 6 37 21 37 15 78 74 52 67 27
90 67 32 59 49 5 73 82 38 32 31 30 12 8 71 81 76 70 49 29 47 82 34 42 7 12 35 14 51 52 1 75 20 26 51 8 23 17 24 16 34 48 12 32 61 59 80 73 23 3 74 67 49 55 33 82 81 78 28 12 26 11 45 5 40 79 53 46 39 14 71 5 59 27 61 79 22 18 78 4 67 13 10 13 63 12 45 18 35 41 43
102 15 41 63 46 3 51 31 12 22 13 25 59 26 81 74 76 65 58 22 69 53 67 44 23 16 27 44 39 4 14 44 20 82 55 13 5 3 48 23 38 34 19 52 31 63 58 38 52 51 2 35 14 78 41 36 77 18 56 5 47 43 73 63 80 51 30 28 32 25 78 76 11 55 63 57 65 75 76 4 8 43 75 52 11 70 5 68 58 70 21 65 30 68 58 39 73 78 78 25 2 15 66
105 11 61 58 80 35 38 71 47 38 22 45 36 5 53 26 71 30 71 25 62 50 75 21 17 8 43 68 3 31 38 57 20 59 26 71 68 27 60 29 53 59 54 22 22 54 3 70 61 31 31 33 82 28 20 29 52 36 57 21 45 69 76 73 76 14 69 17 19 38 50 10 12 78 26 17 82 2 48 58 50 22 6 55 40 37 36 42 27 6 78 51 10 15 32 70 78 7 19 14 81 42 51 67 32 11
101 25 77 68 31 53 74 39 20 26 48 10 8 60 54 14 79 39 80 65 63 43 81 38 18 70 39 30 17 66 4 75 7 26 30 38 66 66 82 48 54 82 16 72 2 50 20 71 20 14 56 68 14 3 46 43 40 27 1 64 36 48 23 65 55 19 34 22 27 6 78 62 79 64 41 43 63 20 14 22 50 3 78 35 50 1 66 31 67 70 52 6 64 11 15 69 11 30 51 2 38 48
104 5 52 64 21 31 51 57 6 35 55 61 76 47 12 22 76 38 70 10 29 61 39 12 24 77 53 50 18 55 54 50 23 8 27 8 39 38 38 11 55 62 71 15 68 3 19 69 60 2 34 70 73 15 46 23 58 5 37 55 49 18 17 24 72 51 10 30 41 6 51 2 30 81 5 22 38 8 6 56 21 36 17 17 79 14 49 43 73 81 60 36 42 3 55 63 48 42 3 56 13 26 16 49 58
89 19 20 57 52 28 31 65 1 50 19 12 17 51 50 20 4 29 71 11 68 7 73 70 21 28 27 37 33 18 4 53 72 1 22 2 68 68 8 75 32 19 14 80 33 17 2 19 66 13 49 28 37 56 56 16 33 10 12 27 82 44 37 78 51 74 31 40 25 35 77 32 78 73 72 19 32 13 56 71 73 67 4 76 3 1 73 13 26 64
100 31 79 53 31 26 12 66 25 36 5 78 43 53 12 4 55 6 65 42 55 57 51 73 6 77 61 23 69 2 9 69 18 50 6 51 29 52 40 18 43 75 40 41 19 12 50 56 31 76 8 8 35 4 37 77 18 40 68 48 51 29 63 60 55 54 41 58 3 56 25 9 26 25 47 47 18 50 59 71 7 16 57 80 35 15 68 64 19 65 77 53 79 3 24 21 53 62 76 39 34
81 46 76 18 46 53 39 11 69 19 29 69 56 63 55 22 45 25 77 9 40 12 18 17 64 18 60 29 36 28 69 13 58 81 25 34 62 35 48 80 50 62 24 14 78 26 33 36 65 35 51 72 12 75 2 58 80 31 51 35 77 66 9 20 14 10 82 52 21 11 81 5 67 44 21 31 69 51 13 42 34 16
104 74 55 64 31 10 9 32 66 28 18 32 49 60 25 7 11 56 2 58 24 26 42 29 27 75 24 29 29 28 38 75 77 3 62 51 82 51 74 48 37 70 82 2 59 49 4 9 11 3 64 30 69 62 18 42 48 47 66 52 53 63 62 60 73 32 40 48 12 81 23 36 32 62 17 61 81 68 71 54 40 26 3 65 74 67 81 48 81 36 16 77 80 65 71 40 3 75 9 17 36 79 74 66 81
96 2 78 67 32 23 65 69 56 47 59 45 73 5 77 2 34 57 33 31 30 80 18 64 56 81 77 33 78 33 81 16 51 50 31 49 20 79 61 50 82 26 22 59 48 81 2 39 23 36 2 71 74 31 60 56 9 64 57 66 79 48 11 10 1 45 51 31 78 54 68 31 69 77 5 79 49 74 33 18 5 25 42 41 1 76 71 12 74 71 64 9 12 62 55 67 73
103 53 28 41 62 39 75 16 80 15 15 81 68 32 59 66 40 57 42 26 78 57 28 21 75 33 79 71 33 47 17 7 49 58 36 60 42 33 24 25 71 15 54 53 17 9 46 50 22 5 28 77 30 66 82 77 10 78 26 75 15 44 33 82 5 21 26 10 78 68 46 14 20 3 12 18 24 27 24 37 29 63 71 30 33 72 72 20 21 52 20 60 2 51 58 2 72 24 75 69 21 50 20 56
104 64 61 60 54 18 53 45 76 52 10 26 55 17 14 74 28 76 58 59 45 36 1 72 7 4 12 46 65 78 78 2 46 61 5 40 21 73 5 40 9 42 70 74 60 5 77 5 16 8 27 6 42 68 3 73 46 56 12 63 5 69 65 77 26 18 51 30 16 34 69 6 43 50 1 27 81 56 29 49 11 41 52 21 9 48 55 56 71 70 66 6 78 27 76 46 25 78 32 38 65 39 8 26 48
109 25 9 38 28 82 72 7 30 23 43 57 15 16 37 37 49 39 4 77 75 53 31 66 33 4 71 7 75 48 37 1 19 73 53 31 45 69 8 75 7 57 52 8 75 68 11 18 10 16 51 18 47 52 18 53 78 67 15 65 53 7 18 42 55 72 30 18 81 39 51 60 67 22 48 4 47 21 20 13 73 46 46 69 33 1 78 68 59 31 4 62 57 21 1 79 37 52 3 12 39 22 22 63 35 20 11 1 70 74
99 52 55 81 82 34 55 62 34 29 61 74 34 23 54 72 82 45 14 37 11 80 68 17 18 29 48 33 3 44 41 18 73 66 57 42 81 65 26 58 37 37 78 20 40 39 61 49 77 27 11 17 24 37 53 1 24 50 17 15 47 22 2 77 48 12 78 10 71 48 46 5 72 79 46 25 35 11 21 78 31 41 43 55 49 49 15 47 24 34 27 49 65 25 42 29 1 52 7 12
107 81 64 79 4 39 67 20 76 76 19 23 42 13 29 67 78 18 45 62 73 51 36 6 5 77 46 10 3 24 56 59 20 81 52 60 61 79 46 58 35 2 78 51 22 55 14 43 26 30 18 70 55 72 21 54 67 72 41 73 45 51 27 64 23 49 43 1 70 78 26 53 76 4 43 5 7 32 34 10 54 70 3 5 47 29 82 29 54 27 71 52 82 70 75 18 64 77 33 54 45 80 27 40 4 51 36 4
93 43 37 20 46 77 50 67 45 80 19 16 55 60 50 78 7 59 23 53 1 22 28 43 49 57 18 46 74 38 27 43 77 70 68 74 72 78 61 68 75 25 71 74 7 44 66 25 57 51 75 18 41 17 5 13 12 5 30 51 49 71 53 4 57 49 71 62 5 7 14 32 32 56 66 9 66 40 72 16 30 70 7 23 42 39 19 16 35 41 27 72 77 29
100 55 1 53 42 81 38 7 61 30 68 38 67 5 9 60 73 55 44 18 45 28 54 20 29 19 12 63 36 18 53 47 45 19 47 53 33 43 18 65 55 35 52 19 76 72 1 13 68 82 52 34 43 28 2 29 17 11 45 44 25 71 38 26 38 2 6 72 11 81 28 82 48 67 31 30 10 32 68 70 40 13 74 62 62 1 52 55 33 24 57 73 14 52 44 52 28 34 12 22 33
100 50 9 77 15 4 55 48 49 56 71 8 16 69 57 54 2 60 37 47 53 41 48 32 66 11 42 29 40 29 2 26 80 48 21 58 26 30 47 43 55 67 59 49 71 34 20 72 55 6 27 72 36 65 4 70 21 46 48 13 36 14 41 19 28 10 80 69 21 44 43 64 47 57 25 24 25 43 9 44 9 53 20 70 57 12 62 75 51 24 75 19 48 58 53 66 7 33 27 75 31
97 56 66 44 3 10 54 21 45 21 30 44 61 27 25 9 29 62 41 46 13 78 24 21 65 18 18 17 13 51 29 33 73 30 36 35 59 13 48 69 43 39 2 11 76 79 30 54 6 17 53 8 36 70 33 61 30 55 81 67 20 13 23 44 3 64 64 65 65 49 57 49 23 32 33 22 23 47 39 71 7 71 14 31 13 60 45 12 19 31 19 28 36 46 62 76 47 22
91 60 19 26 23 16 4 58 68 11 43 20 10 64 60 82 57 60 49 41 56 36 32 82 40 10 34 60 52 78 27 77 76 25 43 66 54 15 68 10 82 46 40 71 6 42 43 35 10 72 51 2 75 35 27 23 13 58 49 39 24 75 31 50 16 16 46 45 30 58 8 24 35 37 34 10 13 11 55 54 8 13 51 74 30 74 54 25 59 7 7 62
97 75 63 38 61 12 68 79 68 44 16 77 71 32 65 64 79 24 57 45 81 75 9 34 42 70 21 3 7 62 3 67 20 11 46 69 23 58 65 82 37 70 75 44 57 71 14 56 52 71 77 60 27 62 57 42 2 60 55 70 34 39 14 22 45 11 29 15 42 23 59 31 10 60 17 70 27 62 1 41 63 53 56 63 18 40 36 31 49 23 28 81 65 48 57 42 70 13
95 17 80 36 41 37 35 1 26 9 41 16 13 71 44 80 7 55 37 41 18 51 13 44 25 41 3 77 4 79 80 70 62 7 64 4 56 67 8 34 63 74 71 67 9 41 74 5 20 16 55 52 23 73 48 49 51 82 55 44 81 75 16 51 1 7 32 1 14 65 12 37 54 48 80 40 6 24 34 56 81 65 76 72 26 17 35 17 65 82 68 44 31 82 27 41
85 4 15 64 66 8 37 3 25 42 16 43 31 35 27 16 81 65 22 60 80 77 77 60 7 51 79 32 18 23 59 76 15 49 82 13 11 32 21 41 23 60 61 60 42 21 51 6 36 56 55 24 46 48 10 66 20 21 30 42 54 10 23 15 50 55 15 14 40 30 23 72 59 35 19 27 24 45 41 10 30 12 44 11 50 41
87 68 56 34 6 73 20 66 19 39 79 16 65 6 71 66 19 15 67 67 69 46 3 35 73 72 74 2 73 20 8 68 30 59 49 28 40 28 43 49 37 23 44 60 53 11 36 45 55 53 26 59 51 32 59 29 80 2 12 14 49 70 42 5 36 3 15 53 61 33 67 80 51 30 75 70 6 79 74 20 28 25 24 67 31 47 69 76
102 59 66 72 34 60 31 20 69 46 13 47 74 50 25 69 5 5 74 28 63 26 5 20 47 72 18 7 43 75 9 4 2 66 67 43 26 50 79 28 38 53 21 24 41 55 52 8 41 10 35 78 10 33 65 40 69 19 17 28 28 58 47 68 81 35 82 9 65 62 43 17 17 14 74 23 71 40 41 17 31 12 3 71 13 51 4 48 81 31 66 57 70 30 40 40 55 12 12 15 13 11 53
98 54 21 40 7 76 66 57 81 5 70 7 77 38 49 41 15 45 45 23 80 54 51 40 31 67 48 44 35 39 39 30 2 55 57 33 32 4 76 64 7 45 36 18 29 6 50 23 47 62 76 74 54 73 41 38 59 58 64 69 49 36 38 11 7 20 4 68 2 57 1 70 75 61 38 63 23 9 79 61 64 8 26 81 6 49 22 65 8 51 40 49 67 8 51 63 80 65 14
115 2 50 39 67 76 65 56 48 20 55 28 47 73 23 5 28 82 42 59 72 65 53 72 62 66 14 76 6 1 47 76 2 43 28 4 63 34 69 45 81 58 22 72 75 42 81 4 11 55 79 28 5 30 16 28 18 9 79 82 71 4 30 53 37 46 65 38 8 73 7 22 7 50 25 45 37 31 32 9 73 73 9 73 14 39 75 18 40 44 79 10 67 33 75 10 50 68 2 67 37 41 74 26 25 9 61 21 39 39 47 31 53 1 82 23
102 80 54 4 1 49 81 66 61 74 14 64 38 12 49 47 72 80 53 41 81 9 62 14 7 45 42 19 9 77 30 22 70 81 53 67 81 38 18 58 9 29 1 52 11 11 53 8 17 59 43 49 20 62 78 17 38 32 74 61 80 69 7 51 24 72 23 57 8 18 60 43 52 33 54 32 39 74 71 76 16 15 38 11 23 72 18 32 58 42 23 75 16 60 42 51 24 43 33 5 81 21 75
96 61 43 4 44 44 52 15 59 16 15 67 29 64 53 19 58 1 78 58 73 69 70 49 31 32 5 78 19 12 51 24 41 74 71 8 15 79 45 10 40 21 43 36 39 7 5 9 61 21 71 60 29 72 20 38 23 56 60 28 45 66 57 21 44 3 35 78 65 18 23 63 37 55 44 20 9 79 22 23 6 17 31 78 47 74 82 30 34 32 43 63 66 57 4 75 1
87 37 2 71 53 32 26 21 68 18 69 15 67 81 13 35 66 75 47 28 67 19 77 66 30 4 58 5 28 2 1 47 60 77 62 17 7 19 76 47 30 72 36 10 28 5 17 45 42 4 56 60 18 39 59 66 44 52 65 73 71 65 57 38 61 42 79 54 15 32 8 68 51 25 43 72 54 57 65 63 66 80 44 79 43 81 76 56
88 12 53 44 13 26 43 30 22 51 76 9 15 46 11 43 2 1 23 40 31 49 38 61 21 24 28 1 33 36 20 63 52 29 22 56 39 10 65 67 55 53 82 5 29 80 66 7 23 58 54 15 54 79 29 24 11 37 44 72 12 31 40 22 36 73 16 8 81 48 56 12 41 47 65 47 34 46 6 14 77 23 62 14 66 49 19 69 5
99 56 17 24 39 77 64 25 77 19 67 10 35 59 54 79 12 14 31 66 48 3 72 54 60 47 81 11 73 2 54 58 16 15 8 55 73 55 17 34 6 50 33 6 53 33 22 57 41 7 21 64 48 26 43 59 51 26 5 9 43 1 61 55 69 3 38 30 69 76 14 66 67 80 40 62 48 42 30 31 12 69 63 69 44 16 57 3 55 20 72 80 42 70 51 52 24 67 6 51
100 58 82 46 22 75 25 4 15 81 77 79 66 22 46 57 47 49 17 7 41 27 25 31 79 5 56 42 50 81 64 74 14 42 76 59 26 12 29 72 10 59 28 18 63 4 31 71 53 64 45 70 53 3 18 3 39 25 40 39 26 70 74 81 70 68 41 35 82 4 78 20 69 20 48 44 57 68 71 27 1 6 35 44 76 69 13 81 36 6 3 75 58 41 62 79 78 69 21 46 19
101 37 16 14 28 12 46 73 64 21 78 39 46 36 56 70 72 7 77 78 49 62 55 24 56 27 2 66 28 54 56 74 43 60 36 79 59 72 56 32 12 36 79 37 34 81 50 30 32 42 4 52 76 27 7 81 38 70 70 64 46 76 67 50 74 76 78 73 64 33 57 45 29 2 37 24 12 26 26 21 39 28 72 1 44 31 66 35 28 69 63 56 72 60 30 73 3 60 36 37 32 36
89 69 40 16 13 27 71 79 19 62 35 17 42 68 38 71 10 76 18 55 36 81 6 20 16 17 64 67 31 17 8 18 20 59 37 48 64 80 77 45 75 18 12 64 76 67 4 52 25 34 38 48 12 40 66 14 6 49 75 15 52 14 29 23 22 67 5 17 9 66 36 3 58 38 54 66 10 51 20 12 10 19 71 16 24 4 27 37 26 5
87 60 17 48 37 70 53 30 52 11 76 55 69 20 3 80 33 21 47 56 18 80 41 24 27 42 20 51 34 1 2 19 65 79 56 33 26 69 19 43 16 82 58 72 6 18 31 12 11 62 35 18 16 23 46 33 26 62 68 75 17 29 49 50 39 59 26 1 81 54 78 62 49 52 53 69 50 59 10 7 66 59 79 14 81 81 80 33
109 45 43 70 77 72 55 37 55 36 41 25 75 21 1 19 39 45 17 30 76 18 54 80 5 9 48 39 65 25 79 69 3 61 33 32 81 82 74 34 20 46 18 21 49 34 50 3 81 63 80 23 62 56 37 60 81 48 47 36 4 38 31 8 74 63 64 37 51 50 32 46 64 28 81 35 13 23 68 65 28 33 14 6 27 7 5 52 51 11 81 47 76 7 49 49 27 58 4 8 65 45 59 45 25 2 40 58 67 65
109 80 44 68 77 76 54 47 24 53 7 17 81 37 11 41 22 20 66 28 34 69 65 50 37 81 74 80 32 3 46 72 67 53 15 53 10 13 47 3 47 35 75 66 44 1 69 59 12 47 81 10 63 8 20 35 38 33 11 58 29 3 28 68 53 76 47 19 31 80 22 56 41 7 3 40 39 31 52 33 3 36 12 22 29 75 29 69 31 49 28 27 44 27 23 33 65 75 36 25 8 77 37 25 56 20 9 48 65 77
105 48 13 75 19 59 72 24 10 6 1 35 24 29 25 41 71 34 66 2 58 30 82 71 63 75 50 59 71 27 28 12 11 75 68 24 45 69 46 56 52 16 72 34 37 77 34 11 74 6 75 29 12 76 59 11 75 27 1 66 20 51 6 33 68 35 16 75 72 58 36 42 80 7 24 55 34 10 36 55 76 72 62 38 47 50 49 63 65 64 61 64 14 59 44 39 66 3 7 8 30 71 9 19 2 31
104 40 54 32 63 10 39 62 9 56 32 32 82 7 62 60 68 54 30 18 44 64 74 5 11 71 8 69 3 1 55 75 9 47 25 63 23 74 36 76 3 13 76 11 68 17 6 7 17 63 33 64 51 28 47 78 50 79 34 75 23 29 15 28 23 8 75 65 20 36 69 67 9 67 61 34 43 15 49 29 45 27 71 51 11 75 16 37 12 36 12 52 11 43 82 58 21 42 38 33 8 40 34 48 49
99 26 22 72 25 15 37 39 50 71 29 26 27 51 16 10 4 21 45 10 50 20 43 17 72 28 43 54 3 81 82 70 52 46 58 44 21 30 20 30 22 38 56 20 77 65 28 18 51 41 5 75 33 34 28 4 72 64 6 82 51 64 9 57 42 75 71 78 43 5 2 20 10 47 77 10 52 59 53 41 1 76 19 76 24 80 45 61 17 36 31 6 19 51 68 61 37 2 2 11
99 40 11 52 58 51 44 34 8 37 3 31 53 34 70 24 78 12 24 31 14 34 33 24 71 23 54 53 50 25 32 50 32 56 78 69 9 8 57 42 81 39 56 28 31 59 42 66 77 50 8 16 36 54 81 38 25 60 9 44 40 61 24 38 70 79 4 32 65 21 4 72 33 11 45 57 79 76 65 77 41 78 44 41 73 16 59 30 69 40 42 35 41 82 10 14 50 34 4 35
113 59 72 25 49 33 60 65 21 49 50 40 70 47 77 28 39 40 77 53 53 19 54 26 74 82 65 53 72 47 7 40 73 33 32 7 27 45 78 7 50 25 7 42 3 53 7 18 63 37 73 36 37 7 55 6 4 64 14 13 81 24 39 59 27 54 79 40 29 67 39 59 69 7 82 75 67 28 45 8 55 62 57 52 64 79 37 28 12 10 53 4 28 53 66 57 70 25 23 60 72 32 12 20 49 56 36 35 75 10 26 28 76 72
93 76 8 81 72 58 53 42 59 30 43 35 51 76 2 5 10 17 39 20 41 17 51 70 56 34 60 66 49 82 50 49 9 15 58 58 40 76 67 36 35 49 70 60 23 71 14 60 34 56 49 64 44 50 17 77 8 81 76 37 10 42 74 9 22 58 15 59 4 70 13 1 71 81 10 7 59 77 20 43 49 77 8 38 15 6 62 71 27 13 48 8 1 25
0
