3
68
30 14 9 4 27 34 14 27 51 65 63 54 29 3 2 30 8 42 12 58 45 9 53 5 33 39 57 60 9 64 18
35 21 14 37 17 14 65 38 44 64 13 66 54 15 55 23 13 15 49 26 44 52 67 64 10 23 61 62 5 19 66 28 45 7 67 14
28 17 9 21 9 63 24 2 16 13 67 33 66 17 56 66 63 7 2 35 65 50 38 9 51 34 1 30 59
25 60 61 20 14 6 68 26 35 2 22 9 5 34 55 23 13 51 21 29 12 59 48 15 21 45
29 2 28 8 31 18 61 41 48 60 4 40 35 56 61 16 13 68 6 7 66 46 67 7 40 65 35 53 48 30
21 12 18 27 61 47 57 45 29 24 54 36 38 45 68 17 28 13 58 68 4 27
36 29 37 22 2 6 2 26 43 37 53 45 28 29 32 58 19 26 25 9 26 38 35 28 39 19 35 66 58 47 5 52 9 25 59 59 51
26 28 13 25 53 20 25 65 55 34 12 60 33 3 11 51 32 19 50 5 39 59 37 17 3 52 45
26 23 67 38 7 65 12 19 30 30 14 7 50 44 65 26 66 22 56 36 52 37 14 68 42 12 25
38 44 64 43 15 59 49 45 48 3 14 61 36 64 35 36 23 54 37 8 59 23 66 47 38 28 53 54 36 28 20 16 23 43 27 54 42 22 46
24 63 2 48 40 4 58 10 48 4 67 3 31 35 42 3 60 10 65 42 42 39 66 41 46
34 18 58 67 8 14 31 13 32 21 10 38 59 25 63 2 45 30 39 11 41 1 21 10 34 21 63 21 4 62 20 67 55 21 20
29 35 2 64 67 25 64 2 11 8 51 42 51 4 13 57 29 30 42 11 33 28 51 54 10 11 1 12 42 21
29 29 13 66 31 17 12 51 11 57 65 52 3 13 38 6 6 9 49 39 8 38 10 60 49 49 64 61 39 56
32 52 32 49 22 31 1 56 26 23 19 21 28 33 67 13 60 4 31 62 54 30 58 41 58 55 57 55 51 2 11 29 42
28 51 27 48 44 42 59 2 10 2 39 38 49 35 44 42 16 31 27 44 34 31 62 32 37 29 42 56 17
28 44 29 50 63 44 45 60 14 21 15 64 32 63 31 23 47 57 35 2 28 66 16 65 57 41 10 14 16
31 20 44 48 53 28 30 61 66 26 51 7 35 35 35 45 44 52 42 30 48 9 28 51 40 9 31 41 27 48 34 52
42 48 50 64 58 20 23 55 29 10 53 53 39 3 59 11 58 62 42 55 48 3 28 51 11 64 25 42 54 47 51 33 34 56 60 21 62 45 37 57 28 29 44
24 59 4 12 57 24 24 33 39 21 65 56 67 66 52 46 52 11 2 67 58 18 1 61 36
35 62 4 5 36 41 1 19 34 10 67 16 58 5 8 26 61 46 64 26 31 51 16 57 26 41 33 18 31 61 27 34 55 46 64 41
22 62 12 19 6 21 60 15 68 19 42 61 4 1 49 64 61 58 58 47 32 23 57
34 60 40 45 67 20 56 44 23 32 53 63 7 49 7 60 59 36 37 43 23 5 24 55 44 50 64 24 68 60 50 15 58 22 39
28 41 55 17 18 40 64 20 21 48 4 62 7 17 14 15 12 23 62 28 40 1 56 54 53 44 53 65 43
30 26 46 5 1 20 35 19 56 55 15 66 59 14 33 40 56 37 12 49 29 12 27 45 24 14 6 3 46 56 9
33 45 21 17 33 30 9 49 54 25 19 52 56 57 27 19 28 34 5 58 10 31 7 39 5 57 65 44 40 51 48 55 3 49
25 58 61 38 43 58 30 26 14 2 8 44 63 19 13 20 22 16 65 64 59 41 40 15 30 25
33 23 16 48 16 25 51 19 18 50 26 61 24 7 63 12 53 19 1 63 16 11 39 16 24 11 54 58 10 21 54 66 19 7
35 54 6 25 17 44 18 44 52 1 38 51 65 18 5 13 32 55 33 57 27 68 37 47 47 31 33 41 5 19 29 52 34 37 24 52
23 15 12 32 12 48 11 7 29 12 40 47 52 15 41 35 20 51 43 25 63 12 52 64
30 26 11 46 58 34 35 13 32 59 52 24 22 55 59 49 28 66 49 43 63 35 60 1 48 24 10 29 37 16 2
29 38 50 51 28 63 48 57 14 35 5 21 51 50 61 49 49 47 47 19 8 55 35 63 64 63 36 20 51 43
24 27 58 48 44 21 2 56 8 63 32 5 4 64 58 1 9 64 22 26 59 46 13 44 45
32 3 17 24 10 49 54 56 5 11 46 6 45 52 57 36 55 63 9 29 34 38 47 36 17 50 28 10 55 62 34 8 47
29 55 2 2 32 65 49 25 40 4 65 61 6 7 1 4 18 18 52 8 19 18 54 33 19 24 12 55 61 37
27 27 31 40 67 14 14 10 29 65 2 12 68 60 56 65 33 5 10 15 55 43 24 4 20 34 42 43
25 20 44 39 44 36 53 40 66 51 66 10 32 62 50 51 68 47 42 54 49 30 32 60 26 14
28 64 10 46 28 16 1 2 36 18 51 53 28 39 37 46 13 26 27 26 25 64 7 28 26 10 10 18 6
26 67 42 12 21 6 10 31 28 64 5 21 19 30 37 8 44 45 12 54 68 38 24 3 58 7 43
22 4 54 68 52 40 63 48 57 52 53 62 64 29 31 15 1 9 42 26 31 30 24
26 64 19 16 63 43 64 29 55 25 21 5 67 30 66 54 68 30 17 14 63 49 24 62 39 51 35
25 50 34 49 50 63 41 37 23 67 58 29 22 68 40 61 62 51 52 18 16 60 12 39 12 23
21 66 24 8 26 62 19 62 8 24 52 36 50 41 9 58 47 25 25 36 18 36
30 18 1 47 27 8 11 12 13 9 30 35 60 27 17 29 9 42 27 34 41 63 3 21 31 4 48 54 40 53 15
26 35 55 17 51 15 1 61 22 23 36 3 21 56 14 51 13 2 15 9 46 11 22 19 15 21 32
28 32 2 42 47 1 10 59 52 46 58 29 53 30 16 40 5 43 61 4 54 25 34 21 60 21 41 61 7
29 59 37 60 15 29 57 45 39 2 3 21 19 9 60 32 15 22 56 62 13 13 12 28 1 7 1 9 22 29
28 2 29 23 32 8 68 16 60 48 38 24 3 38 28 59 13 34 45 53 44 47 36 31 44 36 7 41 31
30 8 1 33 25 22 18 55 14 24 44 33 20 10 19 19 18 6 55 60 24 39 52 37 31 7 50 52 40 32 4
27 34 27 3 32 15 46 47 33 63 19 53 50 2 3 58 6 26 2 52 47 29 5 64 58 44 42 56
34 51 61 11 41 10 8 36 61 37 46 46 36 23 41 57 21 23 39 1 3 50 5 18 67 19 53 52 15 63 3 55 13 18 17
36 45 24 56 26 29 62 18 60 63 20 6 39 67 58 47 16 9 46 43 27 1 18 64 31 16 29 13 58 11 48 63 46 42 65 52 17
27 49 26 46 7 20 21 58 33 12 23 39 47 16 33 27 38 1 23 48 25 63 65 19 22 19 64 8
31 52 14 64 48 41 65 68 38 20 11 5 26 59 41 67 39 21 6 17 56 29 31 24 58 62 29 43 64 36 53 3
30 19 4 12 24 20 17 34 2 25 23 12 17 63 67 22 22 15 19 50 62 38 3 14 4 66 11 54 3 39 10
29 67 33 7 60 12 38 14 17 41 10 8 60 36 7 7 10 17 55 57 15 2 47 28 5 45 27 6 22 46
22 48 56 58 33 2 32 23 54 18 43 35 15 54 35 32 22 8 45 25 51 53 28
36 15 41 59 4 54 27 26 30 43 38 25 18 35 7 18 48 61 57 21 7 62 27 2 62 34 10 5 35 40 22 56 31 61 7 56 52
26 18 45 29 19 50 56 33 62 32 28 16 17 34 15 6 29 2 34 47 30 54 25 49 5 49 55
32 47 20 7 58 38 68 15 51 26 10 34 62 54 9 13 52 22 17 25 67 3 68 37 31 12 60 49 67 17 29 50 19
29 25 47 63 10 5 12 34 66 31 45 37 8 19 68 23 13 65 47 11 60 53 1 43 60 12 38 68 43 14
26 41 49 52 16 50 1 34 58 33 3 8 31 19 14 13 37 49 26 20 31 57 46 18 32 10 23
35 50 10 7 65 10 49 11 15 52 23 25 1 39 41 26 43 32 54 23 50 15 26 48 31 50 46 4 16 7 50 64 16 60 9 56
38 55 1 10 33 3 59 23 52 51 18 7 36 17 64 8 16 10 15 20 61 19 6 53 64 53 19 23 44 7 23 46 10 3 56 61 34 54 23
24 26 50 11 38 18 28 60 60 21 59 62 61 59 27 36 49 45 49 40 46 36 6 52 34
22 38 39 63 64 24 2 13 32 36 54 34 37 38 7 32 25 7 47 8 6 44 63
25 32 38 28 4 64 46 53 40 64 46 13 23 17 16 63 12 19 20 28 5 35 35 47 25 14
20 55 21 37 26 19 19 29 24 5 1 28 63 15 7 34 59 30 58 56 53
62
6 28 25 34 9 25 8
6 8 4 38 18 6 41
7 42 15 45 27 53 59 15
9 21 62 10 60 19 10 52 28 60
4 26 31 3 40
4 38 53 26 4
11 28 40 62 39 30 11 31 1 9 22 1
7 46 19 60 26 48 21 32
7 29 4 53 36 31 57 6
8 54 33 53 51 7 55 36 14
7 35 52 57 39 34 39 19
4 52 40 30 28
4 54 61 19 20
8 45 13 47 51 33 58 2 15
8 33 39 40 44 25 51 7 26
5 32 29 9 17 51
5 13 1 28 14 29
10 7 46 3 3 25 39 54 8 39 45
11 7 14 51 45 51 50 4 23 54 56 32
4 58 22 2 4
4 19 9 53 60
7 15 30 3 5 54 31 16
6 36 20 44 11 30 22
4 49 52 41 2
11 49 37 43 7 57 38 59 32 52 59 55
8 60 53 41 19 22 17 61 10
6 16 28 4 30 12 48
11 49 61 23 35 30 57 2 7 34 1 18
5 46 28 46 34 46
9 42 17 51 62 40 46 55 34 17
8 48 7 23 28 57 62 25 41
9 13 57 35 44 59 62 15 9 58
5 32 29 11 18 2
8 17 27 8 26 56 25 5 1
6 19 11 43 58 24 24
4 53 27 10 48
4 30 53 20 28
8 10 15 47 5 23 12 40 30
9 53 57 1 31 31 56 11 30 27
7 19 25 47 13 32 46 25
7 10 31 32 27 20 22 21
8 19 46 11 3 35 57 60 44
4 47 61 37 34
9 47 47 26 38 33 62 25 22 51
7 5 43 33 14 10 14 42
10 44 2 24 44 40 22 25 51 7 45
10 39 37 14 44 49 34 11 4 8 57
5 41 4 18 16 19
7 32 47 38 38 58 9 26
3 29 62 49
11 23 15 9 8 47 16 62 18 61 61 6
6 51 7 56 28 44 50
11 4 19 53 56 31 42 25 42 47 7 45
5 45 36 3 60 6
3 56 14 42
6 8 46 18 41 18 28
9 32 18 24 18 60 41 59 52 15
6 53 48 43 16 42 37
5 49 23 46 47 10
8 39 14 50 49 44 35 12 7
6 12 39 51 58 26 21
8 42 38 34 18 38 27 35 3
74
119 40 20 22 62 50 22 60 14 46 47 34 39 32 16 48 10 36 48 60 59 31 47 40 11 61 32 31 16 68 45 27 25 54 22 50 58 53 22 4 29 73 68 55 21 10 71 40 49 52 16 72 31 1 31 5 49 37 11 67 18 37 38 16 71 51 8 36 9 29 60 52 55 29 24 55 13 58 44 64 55 20 9 32 13 45 57 74 17 37 36 27 49 5 21 55 72 13 25 48 30 72 22 21 3 47 22 18 53 6 53 16 12 58 70 19 46 59 2 66
88 57 19 9 71 29 17 73 20 70 31 58 39 17 55 20 4 8 43 26 26 53 5 48 2 13 8 35 26 18 66 53 40 49 58 21 18 2 49 68 15 69 8 23 6 60 43 10 71 43 57 40 21 64 33 42 45 40 69 18 27 34 33 32 59 56 72 60 3 24 23 35 60 22 18 8 7 51 49 65 6 34 72 29 64 23 32 37 30
96 48 11 18 25 41 26 69 27 6 57 57 43 64 46 38 68 15 17 44 20 17 52 66 21 24 68 30 69 23 25 32 44 45 56 18 15 69 65 32 45 72 68 10 19 17 52 54 11 44 29 7 56 47 22 62 53 20 38 8 69 16 69 31 43 36 5 58 24 52 46 58 39 51 53 22 13 3 46 49 56 69 21 74 59 33 25 49 42 52 44 58 8 17 35 5 62
120 49 37 20 59 14 13 74 56 22 32 42 23 43 42 6 31 67 50 39 32 45 48 63 64 62 27 16 69 64 27 48 54 27 43 50 52 29 22 4 24 28 41 74 38 58 46 45 27 69 6 40 24 14 22 69 46 30 72 10 32 5 49 55 59 51 38 31 21 68 17 18 41 12 28 8 59 55 69 65 42 25 2 44 31 55 50 56 25 72 49 7 40 63 8 16 36 6 65 23 18 67 44 21 67 58 31 12 36 18 15 33 61 23 66 36 54 55 11 31 29
117 20 33 34 46 48 14 62 8 55 68 68 51 45 12 43 38 7 11 24 9 66 74 27 32 34 46 26 36 62 62 42 20 49 65 29 37 55 1 68 33 42 42 3 19 65 42 52 44 21 44 51 19 45 41 69 21 31 70 51 1 14 30 72 46 60 30 9 62 37 41 68 51 30 34 10 6 52 51 10 49 9 20 34 59 14 25 64 19 35 10 65 67 50 46 44 43 9 56 36 45 47 36 16 61 65 1 65 68 56 34 56 12 14 36 35 21 52
125 49 39 40 74 31 37 66 34 39 13 27 67 54 23 27 9 49 32 10 12 49 18 64 3 60 7 30 52 6 2 61 10 29 50 9 73 27 14 65 27 24 25 36 22 53 6 51 33 29 28 5 64 32 60 19 5 53 49 70 29 50 73 22 10 49 34 4 4 73 20 23 64 3 14 56 38 46 33 36 55 74 74 31 22 52 5 67 48 15 24 45 11 2 18 65 15 44 26 72 11 65 53 5 48 36 40 71 25 14 67 47 11 45 44 48 12 24 3 32 57 60 28 21 3 20
107 63 42 61 45 68 32 73 37 71 2 19 58 14 10 61 64 40 58 63 43 67 65 33 38 8 48 9 30 26 70 31 5 23 36 10 57 45 24 60 46 56 15 11 15 71 66 36 57 63 4 50 8 38 35 39 8 43 1 34 47 71 39 52 5 27 15 55 43 3 11 18 60 33 44 73 43 21 51 25 27 59 29 24 11 65 9 60 21 34 51 48 35 52 62 57 23 73 14 53 12 70 49 70 64 71 72 72
105 60 42 61 74 70 68 54 52 11 33 9 12 73 4 50 29 70 30 16 27 49 20 29 67 50 27 13 22 13 31 4 1 19 42 62 41 30 49 45 53 68 43 1 29 7 33 20 47 63 3 47 74 54 33 29 71 42 31 23 47 34 10 41 24 65 27 73 31 68 31 34 32 52 65 53 38 54 34 44 71 47 6 65 35 12 19 47 15 41 46 1 43 25 42 33 31 10 50 24 36 67 14 72 73 16
107 47 68 61 59 53 33 67 10 57 9 11 35 64 4 46 26 69 40 16 4 33 11 32 63 25 73 68 47 7 57 21 55 33 30 53 18 44 73 5 26 30 61 3 74 24 63 5 18 31 12 45 12 22 71 5 73 45 39 22 31 62 53 22 23 74 19 44 60 54 35 74 3 36 52 26 32 56 17 24 6 41 54 57 40 37 47 59 29 67 28 45 9 18 59 38 70 50 38 25 30 1 62 34 4 61 44 74
129 23 52 28 68 73 55 24 70 34 36 1 55 36 46 72 43 23 62 31 54 46 59 14 56 70 36 65 46 42 42 65 56 19 47 48 67 7 29 65 38 69 36 60 30 57 14 22 45 42 35 31 21 14 34 68 4 43 41 36 36 6 46 73 31 70 51 14 7 63 56 66 27 41 43 9 24 53 13 16 19 54 19 53 48 58 21 36 18 31 26 49 48 51 46 46 17 1 5 36 65 12 28 33 32 26 38 25 16 44 4 56 42 61 18 9 67 22 18 47 57 42 71 46 73 26 7 58 43 24
114 73 63 50 13 61 15 3 22 17 51 5 19 7 7 40 24 32 55 4 23 16 55 27 73 35 4 49 25 39 27 57 32 14 32 3 16 53 70 73 14 1 47 28 54 43 69 67 8 13 12 60 3 18 21 7 62 30 60 52 9 31 9 22 18 11 72 52 7 5 26 49 3 32 73 47 38 11 46 9 37 7 18 13 3 29 49 33 17 71 27 17 29 55 40 1 64 14 63 62 21 64 60 42 63 21 36 54 48 58 51 66 28 72 42
108 33 44 31 30 17 11 30 62 54 50 12 49 42 8 25 25 34 7 63 68 18 62 41 19 17 72 39 9 44 61 64 47 35 24 7 50 19 38 27 14 46 27 6 72 6 34 28 15 31 27 55 64 25 6 46 37 69 3 14 50 74 64 74 69 53 12 71 66 40 61 65 35 16 49 59 69 67 17 41 31 65 43 26 29 46 1 1 25 12 36 6 5 47 67 47 52 14 39 41 65 32 39 32 53 63 53 56 70
110 35 40 47 72 43 14 65 66 31 58 9 33 2 8 43 44 70 10 66 15 40 51 35 23 73 20 3 16 43 60 29 19 20 3 56 54 59 58 69 9 54 18 23 38 73 37 18 30 18 3 74 69 53 63 55 8 67 64 3 4 42 72 33 65 10 44 67 52 32 7 69 37 24 63 47 35 27 73 68 22 41 11 37 36 45 37 42 72 51 41 11 11 44 54 64 67 63 13 5 4 46 69 65 60 58 47 44 63 62 62
120 57 62 44 38 50 54 29 38 8 11 12 64 16 25 40 36 57 12 27 41 61 57 7 28 24 27 5 22 56 12 46 16 17 1 48 32 70 29 55 59 45 8 62 18 8 36 4 5 36 65 55 51 1 19 50 55 47 25 55 54 73 34 4 48 65 4 4 66 39 29 5 24 72 34 65 48 48 46 54 27 38 43 72 42 67 34 26 72 52 46 19 53 22 42 34 10 46 66 27 62 6 21 6 12 65 9 67 38 2 4 49 64 43 39 16 47 43 64 14 10
106 71 57 66 46 53 43 53 37 58 64 45 74 8 7 72 21 36 2 30 33 71 35 66 18 62 12 49 31 20 13 28 74 61 6 10 55 31 11 39 39 60 13 13 10 38 10 49 27 56 19 27 37 43 56 16 5 36 46 34 21 60 52 4 15 18 22 63 38 14 35 26 60 14 72 42 64 60 15 70 59 66 17 50 71 58 52 59 2 51 49 6 39 24 33 7 25 53 15 48 34 73 72 13 39 40 73
110 24 16 4 31 47 72 8 7 2 66 5 49 21 18 15 39 51 19 62 11 47 6 38 34 70 9 46 3 51 7 23 34 14 50 42 57 8 35 44 41 68 8 44 41 13 45 30 9 34 25 74 28 14 23 26 17 49 2 70 13 49 43 51 4 54 49 63 35 22 58 58 29 13 25 30 3 60 16 59 1 73 7 58 68 15 41 62 15 64 66 57 37 23 31 34 5 73 11 52 21 34 2 27 6 48 51 72 1 40 44
100 11 62 32 44 35 1 25 62 73 53 23 20 55 34 68 58 45 23 40 10 58 68 43 36 19 49 47 70 72 56 67 74 12 72 4 39 25 15 67 38 44 64 61 36 72 72 18 46 32 37 59 72 9 14 39 27 60 51 45 65 20 11 73 26 56 37 44 70 3 4 19 56 28 54 66 28 54 27 64 48 26 8 21 60 61 26 15 15 36 55 63 3 41 9 3 62 17 58 50 33
113 5 55 72 55 10 60 2 16 10 59 64 42 45 54 6 16 6 23 34 62 30 26 21 10 40 3 27 13 64 21 50 46 11 41 8 67 21 35 55 17 67 14 34 64 72 37 31 49 46 15 51 6 74 62 34 26 28 36 35 57 39 12 63 9 52 56 19 39 33 18 2 26 41 30 71 35 30 28 41 6 6 48 10 6 8 6 52 12 50 7 46 60 7 9 50 4 61 3 32 63 62 63 10 70 33 22 37 12 39 7 18 49 73
118 4 43 20 47 31 9 35 39 11 62 53 47 58 51 61 37 64 9 44 70 59 6 13 13 26 33 70 26 23 35 73 41 70 31 40 56 34 68 61 54 22 2 56 32 40 9 49 52 29 13 49 11 36 35 62 25 4 62 57 3 8 73 69 23 23 38 33 1 59 47 9 53 59 27 52 26 52 58 27 5 5 29 70 70 70 42 14 18 22 4 41 26 12 15 47 36 74 3 72 33 22 1 39 53 17 62 53 42 63 41 45 9 1 60 72 16 20 46
98 4 26 14 1 35 41 40 54 60 60 59 15 21 67 41 64 35 50 51 39 19 15 73 25 73 4 54 19 72 49 59 72 67 54 19 58 11 59 37 73 6 3 21 17 49 56 15 44 28 41 19 66 9 30 45 7 11 52 50 34 71 56 18 29 50 20 34 50 20 74 32 32 69 25 71 10 39 53 4 18 9 62 59 23 66 45 62 39 1 72 23 41 68 20 19 4 17 64
113 23 2 48 30 50 62 6 24 44 2 21 12 51 7 41 61 48 47 29 21 55 71 6 18 10 67 36 26 47 34 71 1 31 29 47 57 57 34 16 36 67 18 63 52 13 17 14 4 17 44 55 32 31 36 12 71 33 59 74 65 64 64 43 26 18 29 63 24 66 16 70 56 52 67 1 16 27 71 41 41 19 67 1 10 37 37 30 33 35 50 53 1 47 50 66 63 68 6 62 57 46 26 47 72 32 36 58 46 52 4 39 22 62
103 4 25 63 33 60 9 7 63 12 24 5 38 34 9 16 48 21 7 5 6 27 35 32 40 72 65 40 34 16 28 52 5 70 46 26 27 5 49 14 32 23 73 40 36 27 10 14 72 67 5 57 51 22 70 16 2 57 9 11 19 32 29 29 26 59 28 29 70 63 30 17 45 15 31 38 24 10 62 74 26 26 36 7 44 63 65 13 65 47 49 59 62 11 66 56 50 6 10 53 27 40 45 65
106 73 52 69 68 67 48 10 2 18 44 1 13 38 46 41 64 39 24 29 35 28 42 57 39 53 62 44 60 59 27 53 74 66 41 61 14 8 10 10 4 18 3 40 9 12 73 5 45 10 42 24 22 74 15 49 57 20 14 26 48 43 24 27 47 31 50 35 62 18 53 50 70 48 60 13 11 19 70 34 53 19 24 56 10 5 21 34 58 37 30 24 14 44 34 54 41 53 54 20 25 64 21 61 67 28 60
128 65 46 9 67 27 7 53 27 68 52 21 37 32 7 72 65 70 37 70 43 47 43 70 51 35 42 15 67 74 65 64 61 73 38 30 48 21 38 36 14 59 71 57 1 19 25 65 48 66 59 31 55 28 55 16 55 51 61 51 19 41 49 56 52 30 37 18 66 33 69 21 38 65 1 29 67 61 36 50 61 33 4 10 37 48 61 67 29 17 55 36 67 62 65 35 68 1 56 42 2 19 51 16 11 7 54 40 65 55 46 25 68 65 44 13 71 52 9 62 46 65 52 40 59 11 67 56 56
126 1 43 27 3 57 17 57 40 45 45 13 71 18 72 41 9 54 69 10 6 5 48 67 61 3 39 52 18 60 51 16 47 62 72 49 9 73 2 58 67 54 55 25 66 58 5 42 14 73 15 67 34 39 7 35 54 58 14 47 13 65 33 48 50 73 29 66 44 10 67 1 36 3 70 68 62 9 33 35 36 43 30 69 43 63 70 27 3 40 57 65 24 51 69 16 72 6 51 43 11 33 3 14 69 20 58 58 29 62 45 68 45 21 24 70 43 58 51 9 45 37 9 55 74 67 36
100 26 73 14 11 70 34 65 51 73 30 25 7 20 8 13 52 53 12 43 44 39 25 61 47 5 7 73 18 57 10 2 5 59 2 25 24 2 6 30 55 36 11 39 4 69 11 68 56 25 9 27 31 59 33 30 46 16 10 29 34 38 25 10 8 32 4 29 5 53 19 24 13 31 20 61 26 36 25 2 40 57 34 27 58 9 25 23 15 41 37 22 41 7 10 51 63 62 38 68 46
110 42 36 1 59 10 56 65 12 13 6 2 24 34 11 8 71 14 2 7 41 57 11 69 73 42 1 38 61 43 45 49 63 20 52 45 57 17 15 35 40 60 50 73 37 69 20 44 30 9 39 32 44 33 56 33 57 12 20 13 39 64 16 33 13 47 2 6 35 37 21 20 15 54 32 67 65 60 8 12 35 46 32 23 48 48 7 51 17 68 55 42 71 27 47 45 13 3 21 60 11 50 71 34 6 67 58 56 67 42 16
99 10 3 36 16 64 2 34 63 64 52 3 37 62 24 11 18 15 23 53 36 30 34 14 1 16 1 21 15 65 63 52 30 31 50 32 31 10 31 37 32 12 8 66 30 74 26 2 23 58 31 25 34 67 68 14 38 44 51 49 54 45 48 23 71 42 31 34 34 62 48 34 71 19 36 63 12 55 16 28 24 65 13 10 37 12 30 9 12 1 35 45 50 25 46 52 59 4 19 54
106 74 60 73 46 23 4 36 1 52 51 11 68 33 17 17 11 1 6 7 55 46 35 21 23 50 41 5 64 73 51 61 19 71 57 54 27 47 45 30 49 17 37 10 52 50 8 35 26 5 35 51 36 52 15 4 15 74 65 29 27 46 23 2 69 19 64 37 5 25 66 44 8 64 5 33 2 20 67 54 24 66 41 37 24 41 59 57 31 42 39 13 52 52 50 72 22 63 32 65 13 30 22 28 33 34 22
124 74 2 14 18 36 71 3 25 36 63 52 73 47 3 21 28 19 50 22 58 63 40 26 49 30 25 24 1 5 19 34 23 28 58 53 7 71 12 41 40 15 13 32 72 56 23 13 45 33 45 11 10 36 46 5 30 58 17 6 16 60 11 48 65 44 12 50 27 52 28 6 43 32 9 10 41 62 27 39 68 28 65 38 65 46 67 27 25 32 43 43 42 5 21 46 31 32 53 69 67 68 67 51 1 10 60 24 67 17 7 45 7 67 8 12 21 50 54 1 57 61 45 9 9
117 19 10 66 13 33 12 48 46 8 20 66 71 73 18 25 25 56 35 60 36 39 50 20 14 62 43 61 32 56 41 51 50 72 26 35 53 70 51 40 33 24 24 2 26 33 60 27 19 6 52 22 32 40 32 13 6 53 26 12 24 37 28 63 53 27 48 69 23 14 25 74 5 14 26 20 20 55 22 48 19 1 17 25 60 25 73 57 8 56 68 48 11 8 32 20 68 15 52 55 37 5 72 17 10 50 41 69 28 26 71 39 18 8 8 73 19 67
123 74 59 19 30 23 68 63 63 37 44 6 9 44 55 45 38 69 36 13 26 47 68 1 66 31 23 44 59 72 13 54 10 57 6 20 40 58 65 25 13 6 65 11 30 25 43 1 31 46 42 10 4 20 49 11 70 68 31 49 53 19 13 24 1 31 33 26 58 15 31 48 23 9 13 16 51 6 39 49 64 38 64 2 60 71 42 10 65 5 50 9 30 56 18 47 71 3 28 18 29 43 54 46 32 38 62 2 19 37 34 26 2 38 62 34 22 58 10 60 1 22 44 63
109 20 6 52 73 45 14 9 33 35 26 17 36 74 30 58 37 53 38 31 20 60 42 72 60 72 10 35 60 64 11 64 57 40 60 68 44 5 38 53 47 17 54 54 73 62 7 46 16 6 55 70 19 14 52 45 4 51 28 50 46 18 35 44 49 64 19 2 9 21 25 63 32 60 3 59 23 24 42 5 12 6 21 61 1 47 70 74 74 35 44 11 23 40 56 22 14 24 59 64 17 32 48 53 16 21 23 69 71 58
122 6 6 72 30 35 34 42 23 65 3 46 38 22 18 56 45 9 53 54 30 13 14 10 4 6 43 67 3 12 24 14 21 58 66 7 10 68 66 73 61 39 37 48 8 13 29 68 36 73 36 46 1 69 44 14 72 61 41 72 17 63 65 60 35 50 74 6 43 49 14 33 12 23 36 11 34 17 21 33 46 55 8 5 17 16 54 16 21 55 56 47 69 10 12 52 56 3 16 49 22 46 40 18 23 18 35 43 53 53 68 23 37 51 57 73 51 1 4 56 33 15 74
108 54 66 27 69 19 62 40 20 65 52 70 2 59 12 65 59 70 49 38 39 29 74 9 52 36 29 74 7 53 37 70 4 69 39 6 48 71 4 52 16 55 44 70 13 72 71 28 33 43 73 20 30 11 26 62 11 58 68 37 11 41 56 63 25 6 22 61 66 38 52 25 37 15 3 30 26 47 17 70 57 72 43 43 56 64 6 2 41 40 18 72 12 13 62 23 43 63 71 17 74 60 36 72 49 41 58 52 57
120 38 51 35 32 43 43 43 62 41 35 73 72 15 29 61 50 25 74 64 21 4 35 62 51 37 71 62 69 26 49 31 18 22 39 38 4 66 63 21 42 34 30 60 73 24 21 28 72 34 10 1 42 16 59 13 19 19 53 13 25 8 63 12 32 4 54 74 51 18 4 7 68 15 44 6 25 23 22 63 33 4 21 43 23 35 5 47 19 52 28 30 69 30 65 69 10 37 41 66 41 30 19 41 40 45 54 46 19 1 47 62 42 32 1 39 9 72 60 68 1
118 23 19 2 50 46 2 32 65 46 33 36 43 57 43 49 66 20 66 3 6 24 39 18 16 59 22 74 31 55 30 43 69 2 69 4 38 65 42 1 39 4 45 29 7 65 9 55 41 50 31 4 49 51 13 42 4 57 36 1 22 64 46 30 5 62 10 65 58 25 36 39 16 46 56 38 40 40 22 17 27 63 73 31 67 10 18 38 12 21 65 65 72 26 65 65 63 59 61 67 56 61 36 30 23 6 19 36 1 12 69 61 19 47 48 41 22 58 1
115 71 35 4 3 41 48 33 67 35 36 24 44 33 60 18 39 61 35 13 71 72 4 55 7 49 15 34 58 55 57 21 20 15 64 58 69 64 73 12 52 21 6 23 31 21 29 9 18 52 17 60 28 28 1 45 12 33 37 19 44 49 74 64 25 66 14 62 46 23 6 72 41 42 54 41 38 36 40 38 11 2 7 15 34 18 33 66 55 3 5 12 10 14 46 59 32 74 25 59 17 29 23 2 21 37 62 27 29 17 16 6 69 47 71 69
100 73 72 51 22 9 50 35 3 22 74 1 24 22 33 69 54 34 30 70 57 21 31 44 46 19 74 46 32 61 41 41 7 68 36 43 10 14 15 64 73 8 3 54 6 54 73 50 68 4 49 34 41 43 25 39 61 34 41 46 68 59 1 68 6 68 40 42 55 13 15 50 72 22 58 47 54 17 1 54 6 62 4 22 11 8 31 34 54 17 17 1 72 34 24 7 62 62 36 68 28
108 72 3 49 71 16 36 58 35 61 44 32 7 22 37 47 67 60 68 62 54 46 66 65 45 62 15 58 47 41 41 47 57 7 39 15 44 14 21 2 13 68 17 5 36 50 8 73 33 50 66 49 10 6 19 43 47 50 47 2 17 17 59 69 65 7 26 68 57 64 72 68 28 21 31 59 1 58 66 12 32 11 25 67 29 73 60 68 39 37 15 33 51 16 50 32 5 57 67 35 74 66 19 38 39 29 12 1 39
118 48 51 56 40 52 46 52 74 43 41 66 11 1 21 21 31 10 61 33 1 12 36 30 58 14 4 15 12 16 45 45 13 36 43 20 64 33 61 70 8 50 41 66 29 18 54 23 46 20 62 34 68 5 24 32 30 13 42 8 58 46 57 45 4 6 55 69 8 10 26 30 3 14 71 27 20 5 7 57 34 23 64 46 47 3 27 27 20 57 32 9 58 5 2 22 13 65 72 52 50 60 66 17 24 32 6 47 11 71 27 66 38 62 4 29 59 1 57
102 25 33 74 29 72 19 47 28 52 52 66 11 6 72 50 54 51 12 73 67 24 23 25 53 58 71 68 53 9 43 23 46 52 9 27 25 14 4 30 34 48 41 38 4 68 28 29 28 67 52 14 45 37 74 51 66 70 12 15 15 56 32 37 33 55 35 58 67 8 53 27 30 7 16 63 49 62 52 69 58 30 25 22 22 12 43 25 70 59 53 55 56 62 70 8 34 34 51 6 7 25 14
118 8 12 62 40 9 33 38 16 18 68 37 4 14 61 60 65 1 19 55 21 38 47 69 6 50 44 5 35 68 48 67 57 66 27 24 3 6 58 66 24 15 22 55 27 12 72 24 45 7 61 39 50 11 4 20 30 57 68 8 36 63 71 67 23 65 19 18 25 44 54 66 74 1 3 17 46 66 2 55 42 64 19 8 17 36 37 71 62 1 16 44 42 51 38 34 68 58 11 33 70 23 40 24 60 69 30 13 63 39 74 65 15 11 60 24 12 48 3
118 51 46 2 16 70 62 23 10 46 67 58 64 53 28 10 50 44 49 8 43 1 61 22 3 33 7 66 29 31 28 7 2 9 32 38 13 16 47 44 70 8 18 8 52 63 61 32 42 40 26 52 31 49 46 34 60 14 73 40 17 49 22 53 15 29 46 74 10 68 5 2 73 31 18 20 32 40 66 52 2 61 45 53 48 74 4 58 41 23 24 50 66 64 45 4 22 45 44 42 69 68 52 48 42 41 5 50 36 70 25 23 41 50 9 50 56 30 4
115 37 31 15 9 48 66 39 19 59 74 46 29 6 74 58 66 69 20 4 29 46 13 25 2 56 14 35 69 14 60 20 6 73 34 33 66 5 46 71 35 66 67 25 64 21 74 10 20 56 34 35 68 32 69 5 57 23 41 11 14 72 18 28 19 64 10 52 59 63 64 22 32 72 3 40 32 57 49 70 18 6 22 44 66 12 30 32 1 60 7 37 28 46 43 55 17 19 14 34 42 4 47 43 16 3 51 6 38 49 72 45 63 28 16 53
131 59 66 67 55 7 31 73 60 33 70 26 48 49 34 23 71 32 5 27 70 46 38 39 69 25 66 66 66 28 3 28 69 19 14 24 44 14 66 52 73 20 25 34 62 34 45 61 51 21 56 48 68 8 35 26 9 21 52 43 55 52 28 65 43 5 58 23 14 34 15 55 13 30 57 48 55 38 51 66 27 55 7 2 7 29 40 44 62 55 67 54 17 69 16 27 31 65 61 31 66 63 62 33 73 69 37 55 37 5 5 8 54 68 63 12 49 5 2 29 16 68 4 2 48 45 60 38 7 39 23 6
121 52 24 6 58 35 37 63 43 16 32 34 51 49 11 12 71 19 42 62 60 55 59 29 42 41 15 25 74 40 37 20 66 18 9 60 72 62 19 69 21 44 70 24 18 20 27 44 14 72 19 36 72 57 8 53 13 8 67 10 29 35 25 53 19 69 50 21 26 39 30 44 60 65 62 15 20 72 1 1 70 2 19 68 47 24 61 72 32 46 62 44 51 32 16 70 70 59 36 68 1 21 21 74 23 25 27 65 54 20 43 24 35 8 47 13 55 50 20 34 19 22
109 21 63 14 35 73 10 36 42 73 2 44 20 18 65 73 21 17 38 8 31 68 20 30 61 16 37 26 24 28 69 50 68 16 58 11 25 47 67 27 19 7 65 6 35 61 34 66 34 25 24 33 55 21 57 17 60 37 3 27 67 2 57 36 63 50 52 5 18 64 67 3 65 14 47 28 1 64 73 9 38 74 23 15 37 12 50 31 5 38 52 38 23 25 13 66 66 60 30 72 72 6 66 4 14 69 74 61 13 55
105 35 25 16 38 38 54 6 2 70 10 51 29 15 62 36 65 50 68 70 11 69 16 12 43 6 61 56 21 37 25 63 37 30 73 10 39 15 57 34 59 57 10 58 24 10 28 49 11 2 26 14 30 62 58 18 8 15 45 37 3 1 2 19 39 68 69 22 74 67 13 23 44 50 58 42 30 29 52 18 68 58 45 32 35 63 9 63 42 10 43 9 42 29 40 24 52 24 25 59 3 71 28 16 19 6
113 19 72 59 14 36 5 52 73 11 18 56 2 35 4 36 61 34 45 28 18 22 8 9 40 8 11 11 17 19 47 29 55 44 15 8 60 42 39 58 44 6 41 15 52 54 61 52 43 8 5 7 69 68 23 52 22 44 73 24 48 70 29 73 8 37 44 37 57 53 62 60 64 17 63 41 12 42 47 17 24 47 4 40 53 55 52 36 2 7 37 11 26 42 14 7 12 4 7 74 20 25 69 64 6 8 68 41 45 31 15 52 66 5
116 21 47 2 62 12 51 56 51 16 41 57 58 65 68 59 66 4 39 33 34 27 38 37 34 12 34 46 16 68 11 9 51 40 67 52 19 41 8 28 17 38 58 48 16 6 37 17 26 44 11 72 34 25 12 49 25 64 58 10 27 1 41 66 31 70 57 74 19 22 56 53 37 54 38 47 50 2 4 49 29 59 63 5 59 48 42 48 16 28 49 13 42 45 41 12 54 60 20 18 10 52 7 15 68 5 19 71 24 3 38 35 29 3 35 28 11
134 46 49 2 65 57 41 64 29 5 21 15 51 72 45 21 70 44 63 25 48 61 47 66 65 51 53 40 28 44 73 73 69 69 13 16 10 39 11 58 66 44 1 71 7 50 50 20 8 20 22 21 72 67 49 40 12 74 53 1 17 27 54 32 48 73 19 62 66 37 59 67 10 32 65 37 69 68 38 54 67 29 33 72 66 19 17 32 37 63 45 55 48 27 69 26 67 27 21 53 5 40 67 46 2 16 14 41 25 38 60 41 25 67 61 31 65 47 70 43 22 15 4 72 58 23 49 39 26 61 73 51 36 10 10
104 30 32 55 65 31 51 62 28 42 34 30 74 25 38 3 33 7 55 39 20 68 67 14 12 24 53 14 12 4 66 29 12 72 38 5 67 13 63 14 25 15 47 17 62 5 53 15 60 28 13 61 8 46 21 7 63 45 2 28 48 6 4 3 45 3 10 58 66 29 44 64 34 9 34 41 7 54 40 53 69 39 9 48 33 27 25 47 24 71 26 49 20 9 59 26 30 55 2 74 47 28 17 56 21
101 5 68 44 2 31 7 46 63 66 1 40 25 30 47 56 39 30 70 52 23 20 3 39 36 27 30 58 38 74 31 32 53 48 55 27 48 43 10 26 63 66 29 18 16 63 64 24 53 26 9 31 4 14 43 8 26 68 56 66 69 61 4 9 39 69 11 10 37 45 1 9 38 21 24 1 48 57 35 62 74 22 53 51 13 35 27 64 40 32 11 13 62 13 60 17 35 12 56 12 45 31
105 33 66 59 65 32 68 18 35 73 15 47 63 73 67 32 64 51 41 59 19 74 7 6 67 66 73 71 13 29 16 33 40 41 41 18 25 32 30 64 34 35 33 42 33 52 70 44 1 53 36 72 42 60 51 30 62 54 56 69 68 36 13 53 2 37 41 7 34 71 53 74 61 21 66 23 44 71 11 10 9 17 11 7 31 22 4 35 12 43 52 2 57 10 30 5 60 40 61 44 54 50 58 55 58 8
97 68 29 45 10 23 42 32 54 39 9 30 21 41 16 72 40 73 27 34 50 5 14 49 68 48 55 11 28 10 46 73 32 6 54 25 46 25 33 44 5 46 4 65 69 36 24 47 17 46 30 66 30 43 29 65 52 32 70 52 52 52 55 31 34 26 15 57 67 30 51 40 43 32 55 26 18 17 45 4 17 52 36 35 21 52 63 58 66 69 16 49 12 30 27 37 57 3
108 47 14 57 56 40 66 51 50 47 70 3 45 47 5 14 63 33 7 34 4 10 23 61 38 71 46 18 1 10 21 9 67 9 25 40 66 72 52 28 28 30 40 20 52 41 53 66 16 44 19 34 15 63 7 33 51 41 46 71 37 59 21 11 4 35 72 69 42 31 30 1 48 67 19 62 69 4 41 6 66 63 37 21 28 60 53 51 57 62 68 39 24 62 63 8 26 48 11 62 5 66 63 67 10 48 10 31 3
115 58 12 64 26 47 24 49 50 18 51 71 72 48 62 10 47 23 45 31 54 49 40 4 12 44 41 40 19 20 60 8 24 69 61 59 72 33 24 35 57 8 36 59 71 31 19 42 72 42 32 44 29 3 60 39 15 51 13 55 3 24 71 3 31 32 22 67 14 35 10 42 16 57 25 73 64 1 15 46 50 42 33 26 48 9 43 42 40 71 42 24 26 26 20 23 60 5 22 71 3 63 62 52 39 17 3 24 9 19 60 30 40 32 28 43
96 72 73 3 43 71 48 48 30 45 52 73 28 48 50 58 2 62 59 68 18 57 26 41 1 13 4 70 62 25 48 44 33 12 50 32 4 40 10 31 68 46 6 42 73 40 42 5 45 20 31 68 7 47 36 30 53 33 13 72 73 52 30 60 55 6 41 68 73 38 14 38 29 28 55 73 18 31 16 46 30 53 68 2 18 48 44 1 20 57 41 56 61 24 12 63 17
110 54 31 10 62 39 74 30 22 46 43 25 3 67 37 27 24 40 31 12 13 24 28 24 66 16 1 57 40 57 18 59 8 61 15 57 47 32 47 60 31 59 52 43 7 1 61 66 26 4 59 66 46 71 52 1 17 11 13 65 47 61 48 11 60 6 69 65 29 22 24 69 11 4 72 14 18 3 8 58 74 73 30 24 21 69 74 69 49 46 69 63 20 64 74 69 3 70 56 45 45 6 73 58 1 43 37 6 38 4 7
106 70 51 62 58 44 58 38 25 74 23 15 45 1 62 9 40 15 50 19 25 22 19 55 18 67 38 29 33 8 45 10 60 61 23 64 61 24 26 63 19 52 74 62 31 62 74 55 48 4 53 40 37 25 11 62 47 1 5 43 24 53 27 20 2 35 5 17 40 66 35 70 10 12 42 29 33 15 64 50 28 41 30 30 18 1 23 54 62 19 72 40 71 33 59 24 68 18 28 2 23 19 44 14 45 52 18
129 73 51 63 50 11 54 65 27 58 72 50 56 68 68 7 11 52 65 41 45 38 73 16 12 9 21 41 6 30 26 34 65 56 61 37 59 62 14 61 1 39 39 47 24 66 37 5 74 71 44 4 74 27 57 64 6 36 66 56 56 8 13 48 74 6 11 24 1 11 33 51 49 26 27 27 61 11 14 44 28 47 22 50 72 43 53 22 37 51 29 62 28 48 33 5 24 65 15 64 39 41 54 11 47 63 10 45 54 56 56 29 38 21 31 4 58 48 65 65 29 58 51 38 41 53 19 61 27 74
104 23 59 30 46 40 37 67 69 25 55 47 19 46 63 6 25 34 20 28 45 52 32 4 16 12 24 27 3 56 52 33 56 5 1 15 43 8 73 28 14 54 72 18 69 67 33 67 24 11 43 56 64 52 5 40 46 73 25 67 51 67 10 13 31 49 47 27 52 43 24 57 61 48 37 38 27 3 16 73 56 38 46 9 46 16 48 36 59 7 25 74 14 46 25 43 27 56 52 13 6 70 61 47 37
106 6 48 11 73 61 40 56 4 21 73 54 68 20 17 54 52 35 58 67 65 10 45 47 35 23 41 59 71 24 44 15 50 49 48 60 22 2 51 67 29 57 9 43 44 72 65 46 68 22 12 38 70 68 46 46 66 20 15 26 16 21 58 18 61 15 38 62 67 27 54 47 11 29 52 9 4 61 38 45 18 71 4 53 55 43 8 13 13 39 13 59 14 48 45 18 60 52 39 13 27 47 66 48 30 16 60
124 59 31 68 74 66 30 66 58 63 56 44 7 30 9 47 52 50 61 40 72 10 11 13 47 72 14 32 39 5 57 42 32 28 5 26 29 52 69 70 25 67 60 53 64 64 48 49 21 8 7 74 27 30 72 17 8 13 17 69 51 37 39 39 54 41 44 73 45 73 32 62 58 71 24 9 20 31 73 64 46 35 69 41 56 33 28 5 20 71 46 34 52 74 47 17 23 32 20 38 70 13 29 28 36 35 47 14 71 73 62 59 25 54 23 6 35 8 74 37 19 45 1 20 8
120 33 12 69 71 42 7 45 38 42 46 19 5 5 50 34 38 59 24 57 45 53 65 39 41 39 14 44 61 8 67 69 61 7 29 74 43 57 74 49 21 15 31 3 69 60 30 71 70 57 29 65 18 10 23 4 33 52 17 47 34 74 11 62 11 53 68 9 56 37 74 50 32 44 70 36 36 31 7 31 69 40 10 63 50 18 6 36 8 51 53 57 42 63 73 44 64 4 37 21 62 59 19 26 25 41 38 17 70 71 19 50 32 24 62 71 20 58 17 32 43
113 4 64 64 16 14 32 66 45 31 13 49 8 7 28 68 9 50 6 15 64 15 18 67 20 31 69 59 21 71 74 53 70 62 20 26 38 60 10 35 22 58 55 3 57 14 58 34 10 8 68 49 72 51 30 8 50 13 68 50 14 3 26 37 6 22 72 26 59 53 74 28 5 51 40 14 25 3 29 6 53 38 23 17 51 10 16 63 74 36 24 43 55 53 20 42 50 51 35 29 19 23 27 11 5 16 71 26 1 5 46 7 43 51
126 26 65 28 42 3 17 50 68 7 33 71 32 29 64 39 36 25 74 10 6 55 15 42 17 11 13 1 34 43 14 54 45 24 23 34 39 54 28 57 35 60 14 49 29 72 71 37 14 71 52 65 56 54 8 15 53 63 22 23 28 60 17 44 38 28 47 72 8 51 43 59 15 13 37 66 52 54 20 54 8 57 18 12 62 24 16 47 6 49 21 61 28 50 63 30 33 26 25 69 1 15 38 60 24 61 16 6 56 8 10 51 22 28 38 13 41 45 48 65 54 58 22 57 62 33 48
112 11 65 50 45 4 33 69 50 61 25 45 41 16 46 7 33 45 21 22 12 71 71 1 57 41 11 65 4 5 70 72 64 44 34 61 42 18 28 15 62 31 8 12 6 12 54 7 28 49 60 42 24 26 68 24 66 70 8 32 3 44 39 39 32 49 25 64 16 65 30 60 45 12 28 68 32 12 33 74 49 4 61 13 48 58 41 18 71 68 57 13 35 5 71 15 17 37 45 5 15 4 68 44 56 30 39 32 71 15 26 57 41
98 39 43 74 32 7 69 23 40 19 57 37 62 47 37 72 70 55 34 24 15 20 22 34 18 46 73 65 45 60 64 27 19 31 16 21 44 61 62 72 13 61 30 25 48 35 26 2 58 44 20 47 11 26 32 32 52 51 54 15 60 70 56 54 72 57 74 24 58 63 1 16 37 67 12 61 18 51 73 20 12 1 16 41 48 69 67 44 55 43 48 23 14 47 37 70 63 19 5
97 1 71 34 6 49 10 10 5 18 73 58 32 38 61 13 37 34 59 12 24 34 28 50 13 45 14 49 33 48 11 8 17 65 19 40 2 18 50 39 8 10 5 29 68 33 35 43 30 7 36 18 44 14 24 35 35 61 28 36 14 26 54 30 55 64 32 41 43 10 24 61 5 54 44 46 14 46 30 29 38 24 48 19 13 2 21 13 63 37 29 9 17 37 10 5 11 62
126 58 19 16 27 42 36 36 20 38 2 72 74 29 66 9 41 40 61 61 51 55 13 7 27 73 56 27 51 45 47 24 28 30 30 17 67 19 65 27 26 17 35 61 59 40 65 31 42 19 7 4 62 49 25 59 19 67 46 21 61 22 10 45 28 1 66 14 48 66 9 21 42 58 36 38 6 65 42 69 13 10 64 15 6 39 23 4 5 43 6 32 21 71 59 8 11 25 57 1 68 47 31 4 63 43 73 31 3 47 55 64 51 9 46 35 38 43 19 38 48 1 36 38 71 6 70
124 7 57 23 46 6 12 37 73 34 34 21 43 58 68 1 58 65 2 16 20 14 68 5 22 51 60 32 16 1 62 5 7 24 72 1 14 45 14 18 51 53 35 22 52 72 29 60 42 46 56 48 45 2 10 43 37 39 1 38 63 40 18 16 53 57 54 34 1 22 73 51 29 40 28 25 42 12 23 70 30 22 55 14 38 31 4 39 20 51 53 64 44 31 62 9 31 72 41 23 52 50 24 64 40 4 27 4 7 54 66 45 12 3 30 11 40 37 9 22 6 60 74 72 7
106 48 43 57 56 16 38 52 65 6 68 22 28 17 38 70 15 23 15 50 63 24 27 36 56 58 51 17 30 11 40 6 15 69 49 45 21 23 59 32 8 40 46 44 21 69 69 11 57 58 12 20 65 72 45 33 55 16 66 51 74 36 40 73 20 5 43 51 65 63 2 37 73 64 54 22 37 67 70 25 60 64 55 51 68 64 52 26 37 25 22 36 40 43 47 31 64 30 32 10 24 56 28 38 51 31 9
0
