219
6565 14503 8320
17786 4836 378
6917 19086 2472
797 10268 12203
5301 4757 1900
8601 6847 2629
17441 17902 1747
669 18607 8626
10634 19262 2573
15130 2430 3461
11173 9483 5327
3803 15779 5457
8611 11820 6313
11726 3413 1657
18707 9891 479
1763 10631 3778
1691 5781 3897
7635 19007 11329
19036 18837 22
17412 3766 2190
1633 14738 13795
1304 4860 14555
1864 18226 11748
19424 228 426
19299 19350 504
11277 14342 920
949 16115 16899
16390 3237 3110
7406 9049 10822
108 1569 15578
12335 18743 4174
19952 17854 42
16891 2603 32
16303 7326 2406
8882 3779 2229
4017 14152 1499
13539 19163 5480
8129 5347 7444
18639 8794 1151
1630 15928 8704
5015 13432 12120
10811 10060 5947
14881 17080 3346
76 2852 12470
10709 17712 3635
2839 678 16157
2660 18386 9190
6673 12845 3540
18408 8717 386
8336 17548 3036
5746 13562 6782
16905 6700 616
18159 17728 1628
10207 2114 8375
640 1610 14690
8367 19412 5999
10043 14683 9354
15531 3103 3986
15500 15579 2416
9701 982 9483
18479 16664 117
11703 298 2928
2734 4221 14732
15560 13962 2428
10863 11516 3955
13525 9191 5002
8327 1512 7874
4664 3696 8599
6676 1390 9652
10972 921 4828
19713 12052 286
7484 19744 868
8895 18392 10078
10966 12459 1451
51 11011 12171
17808 10839 1289
10692 15372 8238
19193 2127 480
507 517 3242
4541 9806 14749
15698 15637 34
17984 42 4
6043 16249 2768
18370 6140 753
2039 3196 14801
10341 16427 8853
13708 8049 6272
15244 647 384
1847 3047 14211
8508 2036 7460
7570 14547 1161
3727 14921 5911
6060 3330 2228
6664 3145 11701
10097 5670 500
15942 16324 2492
16156 7663 3700
3331 2117 1771
17159 18142 632
17615 11869 1419
1633 17766 12480
635 16689 13702
1345 11168 809
18233 9469 1139
15880 421 2305
18260 14820 342
16463 14020 2608
180 6941 5070
9720 6694 3305
2466 14719 2482
2767 19509 5096
19167 14830 454
6823 19019 4479
443 13849 2072
17365 830 965
6961 2531 6560
9186 17783 948
1995 8241 9762
14894 11128 3749
11389 4528 5751
3605 4315 15684
1578 1049 16115
18764 887 357
14490 18186 4373
6696 2979 1840
10317 13188 7200
19 16626 7354
14281 12064 698
10803 19191 4679
9289 313 6959
17494 13044 2168
2429 16812 15710
5230 860 459
12 19822 115
5561 196 2848
12993 14458 2115
15689 12531 4267
17298 4682 2213
2232 16979 12172
6516 18233 2721
2920 9681 16921
13125 12481 1487
16244 14711 115
19884 8515 77
12562 16368 3676
1303 18279 10791
14057 980 3098
12646 12366 127
10381 5137 2347
13301 7786 5446
1492 18962 12304
2505 8280 15827
7381 1698 2302
639 17490 18761
16475 3790 3142
10403 4938 8072
613 7688 15814
2507 14332 14529
3337 11895 5550
13616 6141 295
19488 7607 436
5790 7900 961
1246 16424 17881
4250 3842 8777
778 16970 14764
3779 11244 16209
3353 9988 4088
12085 19820 4341
4618 19565 8320
18735 15034 805
4270 2018 8131
12289 3613 3726
19830 5340 113
9240 16616 10137
14700 12060 2308
18662 11671 518
10218 5649 8218
6860 17807 5499
18097 913 1782
6155 9448 10316
19928 19072 5
7342 9987 2896
7375 786 12349
7671 15195 4040
325 4366 13048
11834 13841 565
4232 14118 9856
1045 330 4605
2963 13983 920
14871 5367 1795
11068 2126 8736
14616 16669 1942
12762 14483 6254
2359 15447 13181
9485 1101 8917
12304 3473 4861
16306 12460 1625
7719 3233 7062
10800 2640 4694
462 16987 19268
16399 5858 2167
14086 14080 2508
16033 7586 1533
14181 19259 1420
3980 10906 8919
9734 1018 1544
15554 10270 4297
16053 520 2375
510 10775 9276
1285 19420 2964
4593 15636 7671
7506 17171 9065
959 10572 18952
1204 12252 7145
19644 16742 352
14677 3833 3301
11972 7660 2828
12961 17030 5826
4322 1704 7426
