2499
799410 628226 410
798181 628417 598
798102 564850 1004
798945 753030 489
799473 611484 469
799774 679609 169
799679 738865 146
798226 723623 1475
799295 652282 203
799456 600227 533
799253 672195 729
799166 665808 338
798239 697635 974
798159 517115 1773
799877 543354 62
798212 534040 1540
798843 612032 608
798130 584551 1402
798313 595860 805
799550 654482 57
799237 611703 608
798455 649179 623
799977 587400 21
798107 612345 581
798805 563349 35
799099 594459 388
799621 536500 326
798736 507969 447
799814 627586 17
798219 770092 1348
799690 683755 4
799149 548968 361
798918 576587 236
799533 796486 14
799487 620437 156
799906 618346 59
799206 601361 599
799791 572383 77
799157 678607 635
798304 569427 714
799789 534586 33
799180 695812 46
799251 508942 104
799075 514060 511
799196 751782 145
798256 770360 247
799545 682512 329
799330 539926 643
798457 767719 10
798223 666602 1296
799969 604225 12
799672 622938 186
799556 571399 426
798694 593756 868
799148 533693 270
799443 531267 517
799760 635667 174
799203 731089 795
798307 615696 597
799870 696193 73
798479 604660 670
798425 739392 604
798110 570281 1548
799667 681962 120
798970 601026 1008
799289 607267 703
799678 601897 11
798414 710451 443
799248 666422 493
798811 667865 48
799300 529020 468
798588 507620 251
798491 653453 594
799710 502050 116
799474 608504 216
799194 766299 406
798439 639357 796
799833 722052 34
798663 531981 970
799077 575437 851
798653 634741 5
798338 724240 406
798566 680881 1357
798471 618951 734
799918 682089 8
798899 624566 189
799642 670003 327
799547 600046 72
799805 785033 78
799309 529898 322
798951 540922 864
799540 509309 269
798779 701191 366
799328 582305 314
798966 641870 782
799517 519968 203
798051 678360 448
798090 591474 1862
799611 782257 298
799651 512085 164
798217 789775 836
799609 687856 268
799235 561666 653
799663 582616 243
798006 741721 1505
799701 501511 297
799230 655377 303
799241 681577 178
798110 512970 536
799893 559764 67
799282 503264 325
799098 700028 569
798957 556169 844
799722 781775 241
799479 784857 118
799984 555300 15
798781 726385 445
799177 506540 347
798354 710605 1147
799397 637434 366
799752 520649 235
798315 769385 1443
798037 584557 1198
799725 570872 261
799082 647535 837
799403 632783 312
798529 765187 321
799852 662294 13
798584 519813 978
798857 592762 97
798454 513568 1398
799226 762430 603
798512 762210 328
799066 529916 652
799741 568133 21
799551 712572 71
798675 775599 814
798737 632230 322
798290 645630 504
799575 729258 159
798613 737909 637
799032 608774 302
799064 763207 84
799248 639813 35
799581 779050 257
798585 582586 764
799773 707854 162
798336 511464 498
799356 634728 585
799077 636663 495
798669 799373 1127
799469 544987 459
798547 793710 1379
799563 698183 361
798452 580827 402
798846 565201 301
799627 750462 314
799070 537483 754
799094 706723 653
799035 653066 918
798933 594823 724
798430 604873 570
798959 641520 519
798625 503317 1279
799244 511223 405
799951 600168 5
798065 538063 664
798048 666003 283
799312 559706 574
798822 507576 976
799137 772896 16
799609 656225 116
799249 721466 195
798437 517900 646
798199 709976 1693
799501 593005 458
799318 753800 69
798649 607315 1301
798294 759738 700
798810 712452 303
799385 618130 554
799979 748456 16
799434 561833 68
799892 581931 102
798769 564280 1163
799627 667230 367
798348 538938 1353
799177 518447 802
798868 732442 730
798657 544525 406
799960 739043 18
799736 666155 252
798948 718518 34
799770 733398 83
798033 774330 1935
798653 553163 1089
798594 749978 444
798662 651962 974
798820 597731 395
799452 597404 57
799227 588282 244
799197 523218 627
798193 781158 956
798977 644316 996
798016 574683 650
799572 513687 337
798189 522081 909
798982 756833 1008
798483 722267 868
799759 641686 168
798478 533348 49
798425 660356 328
799820 645841 125
798923 647319 914
799549 642757 122
798485 624019 888
798924 569339 140
799902 774045 25
798480 648016 224
798525 594894 1065
798479 728349 575
798565 585612 1248
799751 645091 179
798659 636591 1211
798043 552868 642
799728 732143 36
799541 555947 358
799889 658653 45
798575 796175 211
799908 580392 20
798002 659167 1400
798663 791839 1309
798530 732567 1047
799474 701215 289
799018 734333 962
798467 607994 198
799574 656518 213
799569 672958 158
799469 730455 134
799144 625943 128
799889 644468 17
799566 543924 195
798892 698584 992
799018 568648 185
799422 617932 241
798895 726733 884
799148 579320 55
799681 656365 283
799520 641994 470
798036 769117 1614
799025 523832 721
799155 758506 552
798026 689591 1004
798630 601508 356
799103 570534 888
799905 588457 62
798822 671509 1084
799399 764106 109
798335 593540 500
799157 674145 146
799217 610852 753
799333 622685 609
799094 529830 603
799678 768522 41
799737 504352 220
798096 721204 448
798489 652652 175
799699 782255 52
798370 650437 1132
799308 763724 37
798896 563568 706
798063 612294 145
798860 513999 578
799284 661792 22
798501 775800 1396
799842 749202 153
798278 782805 911
798543 615321 753
798384 659788 591
799334 550268 539
799942 631871 17
798160 774399 261
798865 547338 655
798981 749691 346
798304 745665 1117
799674 760879 98
798687 574159 928
798966 509271 608
799235 738235 198
798026 537065 1669
798506 789290 1269
798991 518815 259
799159 607100 357
799089 514434 503
798286 632823 813
799455 593381 428
799656 745710 83
799105 688701 628
798955 665835 462
798570 750768 587
799934 723425 26
799194 504450 507
798070 615600 1517
798879 736523 946
799286 712112 469
798516 549225 800
799659 538496 116
798664 602060 1144
799221 749621 728
798355 604768 1325
798824 717761 958
798401 774017 1588
799106 576679 165
798960 563919 528
798362 644986 808
798012 527314 1363
798330 573122 1210
798257 522491 1523
799598 526309 284
798350 520848 1201
798278 649164 24
799495 563772 309
798867 726478 1040
799119 561537 166
799658 578708 193
799352 751705 16
799781 787659 38
798173 650608 1203
798565 594884 626
798249 690515 1747
799368 633067 419
799455 664248 37
799330 717422 198
799631 691684 64
799526 687649 186
799364 740806 11
798722 750471 383
798143 632587 395
799829 695298 67
798370 657925 978
798178 545654 34
798266 608602 476
798430 511964 910
798518 587683 688
798907 574935 492
798548 556488 1011
798603 560855 785
799058 725939 376
799013 621968 847
799620 590765 52
799083 505374 483
799845 596654 24
798235 588578 912
798382 596760 1442
798658 759867 498
798948 783495 475
799011 598721 140
798787 708991 925
798217 501575 358
798866 623189 85
799676 678363 116
799389 787264 361
798391 579767 1434
799165 599068 465
799781 523172 104
799186 546042 368
799764 751997 83
799620 573198 261
799512 752571 101
798298 676526 808
799029 601244 862
798090 623392 19
798418 568561 322
799726 701833 166
799158 641576 586
798451 771892 1015
799458 509877 502
799174 770534 140
798115 570565 2
799688 578299 149
798475 549481 1237
799826 714693 87
798632 642321 263
798407 575634 146
798448 748432 1515
798585 787755 1019
798484 660384 47
798060 668529 913
798394 737928 418
798956 663036 285
799179 621385 299
799443 532426 149
799896 679118 46
798241 693009 1620
798484 601156 196
799663 606097 192
798450 586511 1213
799457 726557 466
798135 689414 1060
798920 793460 23
798970 723839 171
798396 599448 1086
798004 648364 1471
799814 778911 130
799728 583582 133
799198 691448 562
798145 547117 897
798431 540587 456
799110 674532 205
798738 591028 439
798068 686998 195
798454 653016 371
798048 711442 271
798098 680118 1602
799410 563283 556
798689 622536 314
799641 561534 6
799516 621704 441
799469 764097 82
799716 571220 145
798113 653267 1329
799668 672509 93
798821 795891 678
798091 686431 453
798868 731016 1019
798433 791988 1199
799961 682623 20
798539 699786 622
798390 597055 1228
799624 763383 119
798583 749518 697
798666 650369 989
799582 760400 408
798241 788593 55
798123 785553 386
799528 579490 244
799487 615654 244
798116 667778 417
799507 646878 272
799376 787769 383
798273 747971 741
798141 698533 839
798947 607808 702
798368 657538 645
799924 560805 59
798346 745365 872
798049 680178 856
799201 784708 657
799770 598401 2
798870 575406 167
799651 675492 105
798366 512702 1596
799267 696152 387
798280 663544 31
799585 698832 405
799061 687621 671
799307 789404 482
798882 742470 1034
798031 586884 1625
798236 637472 388
799654 709329 252
799713 658861 202
799227 784168 653
798495 580512 179
798263 546512 1723
799205 564722 184
798008 717745 581
799854 608122 14
798674 586452 506
798275 586705 1704
799733 658890 235
799989 618228 5
798012 572725 307
799445 710354 224
799704 554730 145
798634 556322 871
799477 703770 243
798896 770240 669
799784 679390 194
799094 695388 784
798420 677784 1080
798959 650754 522
798590 775038 159
798168 754216 1191
799826 790727 65
799941 671137 8
799023 662384 854
799835 649181 120
799621 527865 245
799491 617705 370
799811 557939 151
799047 538927 244
798572 646309 626
799535 506941 137
798810 503920 82
798512 578563 1347
799644 690686 252
798471 646418 413
799884 734386 87
799196 531960 78
799767 646348 127
799676 532746 250
799683 558453 155
798746 512254 877
798446 783377 972
799852 783800 45
798385 754690 513
799648 654247 100
799246 663296 422
799411 588380 489
799951 758488 35
798591 773474 258
798738 640865 760
799621 732590 349
799210 681065 362
799514 698392 145
798128 532032 63
799779 786404 160
798719 671205 1
798676 570522 346
799824 511143 43
798167 533999 1546
798317 591832 1117
798860 696144 294
798195 735382 1596
798334 680971 1112
798984 607518 986
798651 589051 1024
798397 650462 1475
799353 763991 609
798658 617194 386
798397 711212 1019
799580 551295 387
799814 612985 178
798187 721202 309
799761 574332 111
799928 736330 8
798513 731560 1432
799232 612704 674
798242 795263 777
799583 600018 283
798006 572969 1780
798824 660997 25
798043 569780 1170
799907 639126 79
798695 521164 185
799866 515919 67
798566 768271 316
798784 654105 905
798038 659690 36
798316 567031 1050
799565 721719 220
799740 594248 164
798165 715887 1681
798430 524198 722
798659 723344 1168
798893 526740 778
798130 639833 1237
799460 734440 45
798177 669605 1154
799605 595868 358
798682 672991 713
798723 677231 419
799899 710780 30
799992 634633 1
799404 631872 360
798248 501727 1476
799538 615828 378
798011 790736 575
799151 699179 12
799268 726583 283
798197 626272 395
798961 540603 764
799563 745810 185
798813 559212 840
798615 709774 1228
799153 785891 505
799073 689204 491
799640 626431 49
798795 514054 240
799998 617988 1
799157 509556 137
799639 713814 352
799515 786937 109
798486 797724 374
798738 648416 656
799842 784614 103
798791 597231 1150
798130 544183 1284
799748 702452 202
799000 690481 221
798315 775682 1082
798170 761545 336
798266 517341 442
799491 571256 11
798420 564633 588
799607 623815 12
799566 596874 149
798839 797730 1094
799602 721649 78
799216 690610 70
799501 554650 37
799348 693426 62
799010 776245 456
798956 563512 855
798238 679759 434
799010 635058 401
799611 782806 364
798301 621537 1547
799312 613602 272
799854 508675 52
799536 597597 164
799306 569673 321
799795 787600 133
799928 573405 38
799271 616835 510
798259 609093 1186
798123 766544 1724
799974 667745 13
798986 737476 131
798392 718352 1475
798552 640656 1097
799265 596395 556
799015 616794 882
798253 537547 526
799414 692065 432
798651 547387 1111
798128 742910 1363
799320 652054 668
799444 704994 389
799312 549742 295
798016 650899 422
798573 798104 557
798578 540117 698
798699 657916 459
799917 600574 43
798880 592197 501
799161 644512 325
798085 709005 1751
799429 527812 364
799864 642382 57
798826 631697 260
798825 687019 1132
798541 704624 605
798722 617958 256
798798 649163 1050
799162 741794 463
798391 639960 1267
799400 760472 97
799838 531645 26
799873 571283 84
799135 677432 147
798283 752384 23
798867 640394 301
798515 709574 139
798848 634197 935
799762 748814 45
799537 755636 178
798153 770053 469
799329 671758 570
798794 714896 587
799274 660140 203
799399 526375 512
798780 621508 425
799962 627964 8
798761 635678 176
799926 752412 51
798175 740656 1086
799087 545714 623
798340 545762 554
798540 667019 890
799148 565512 836
799667 643240 70
798645 572178 469
798830 797484 276
799545 734694 407
798300 582227 360
798123 779876 601
798496 795887 922
799716 583126 159
799751 732356 61
799302 545118 662
798090 550693 1199
799826 675090 107
799793 769979 202
798106 581321 194
798156 768778 1574
799035 650083 383
798877 573309 628
799817 541930 145
799920 674246 23
799661 755910 181
798862 521709 581
799895 571361 33
799823 745127 4
798111 628855 1772
798241 533147 1262
799697 585311 243
799498 678833 213
798605 748716 39
799944 696756 34
799746 707706 13
799303 635569 195
799751 727083 224
799021 723649 597
798739 710589 737
798313 625391 1554
799844 618883 107
799117 660156 248
799689 528071 270
798787 600831 328
798210 550770 105
799306 533583 122
799774 749116 205
799522 740743 185
799638 714265 74
798712 595903 246
799579 784736 223
799144 511914 228
798612 538250 1383
799606 648839 336
798944 621785 979
798286 599069 1494
798798 553987 890
798833 792100 399
799715 581938 29
798502 678735 1078
798610 548366 51
798162 691620 1608
799028 734895 572
798717 782349 341
799387 627858 141
799459 587109 354
798610 748914 349
799688 754673 292
799977 629322 8
799427 607773 110
798924 799452 311
798305 647304 315
798872 715215 632
798661 765337 1247
799192 593059 603
798235 727895 1237
799197 713302 506
799139 607461 363
798617 564375 784
798247 793839 1515
798196 646016 1068
799228 518906 742
799010 779884 745
799241 616857 201
799721 666251 9
799394 518537 150
799926 764179 33
798162 750582 296
799660 756549 43
799714 747252 282
798107 579337 1604
799365 597069 43
798306 572109 1056
799072 544326 688
798933 532351 1019
798151 566856 880
799118 737356 508
798574 550537 477
799903 601560 40
799693 698997 26
799808 546294 177
798823 727972 735
798325 622989 597
798083 727280 1758
798790 531819 78
799635 784824 325
799851 619258 87
798112 632883 1164
798972 654430 384
799636 614072 321
798875 515158 824
799320 585157 434
799975 720306 21
799674 687057 83
799738 738609 232
798114 615320 1501
798042 759038 378
799759 765022 47
798972 747008 777
799922 643939 61
799127 716863 606
798352 646178 960
798264 736018 594
798756 594581 1103
799586 629359 270
798412 634324 634
799499 539889 383
798554 502258 27
798123 513175 1620
799135 593075 669
799014 524010 68
799661 597001 315
798589 627461 255
798368 722050 1318
798421 726463 1058
799042 717402 904
798085 727826 684
799182 706603 242
799107 546183 127
799605 745107 10
798798 627479 214
799004 538745 281
799175 691303 536
798559 534567 609
799873 557887 26
798449 785509 1525
799626 628379 345
799295 529771 584
799351 634080 396
798971 683229 37
799434 667480 131
798026 674832 1715
799272 684422 119
799482 516903 136
798489 631109 60
798453 753291 1095
799010 741157 454
798998 697096 731
799904 608363 89
799260 673542 177
799031 653731 768
799505 680760 328
799628 556770 304
798282 798124 145
798778 712295 36
798765 594168 1012
798651 770120 660
799808 712623 122
799174 741994 357
799512 766984 67
799265 764299 75
798753 516901 394
799284 670687 614
799076 676707 202
798950 697389 508
799295 795360 575
799532 612430 322
799096 746684 404
798653 533658 254
799990 683402 6
799212 557973 400
799777 641910 34
799837 602113 22
798364 570226 169
798088 791186 838
798695 632567 59
798939 702932 20
798280 791329 1430
799006 658852 989
799091 752034 567
798423 663737 170
799049 621649 540
799600 520881 398
798857 784767 53
799795 771793 130
799956 638026 8
798333 591382 1414
799129 789434 131
799596 757746 112
799565 509895 182
799016 599072 250
798955 567911 456
799083 626728 508
798487 683680 276
798148 731488 1641
799400 643897 248
799978 639002 13
799110 659764 736
799426 572877 525
799548 542875 160
798207 795648 1500
799736 733130 109
798810 774530 965
799148 583813 138
798960 666347 763
799321 568386 369
798732 540562 994
799315 582446 134
798808 782395 375
799326 547019 659
798447 736624 686
798264 545091 207
798257 655658 1690
798498 526145 1102
798805 506148 109
799128 533984 412
799194 665145 708
798502 551870 1363
798730 564000 148
799384 732161 460
798731 789832 592
798618 521601 887
799731 743901 85
798422 614197 1058
799302 566820 401
798769 584554 1079
798360 749779 380
798623 563959 856
799247 596116 195
799545 731267 302
799698 556043 225
798538 711277 1438
799077 620381 752
798913 775666 30
799902 654357 24
799088 514518 624
799005 723760 99
799582 678214 209
798274 749122 237
798197 687899 1033
798958 657241 140
798758 548511 29
799111 587993 566
798046 792610 1889
798179 718142 990
798797 579686 10
799184 512187 220
799632 724994 9
798596 543033 867
798219 785656 406
799611 642193 116
799208 777800 283
799744 691348 174
799176 693283 330
798232 653240 161
798277 720683 1589
799126 771579 383
799844 593475 46
799673 550171 255
798160 681400 1330
798135 533584 1660
799785 513726 63
798759 739437 268
798172 761434 1730
799132 705176 736
798110 776611 453
799915 615914 34
799459 729966 76
799822 794903 18
799650 567867 30
798955 591050 87
799432 513235 267
798995 717152 449
799245 718958 231
799028 776315 849
798366 676320 200
799000 792370 108
798056 504280 1861
798442 699471 1450
799339 539488 454
798517 551186 964
799301 755593 484
799070 651318 428
798512 528543 995
798426 564125 1367
799364 575666 445
799858 575335 129
798634 539312 387
798646 760954 1308
799576 510950 166
798529 593227 1278
799150 750933 411
798914 798730 1082
799320 567283 186
798649 784327 312
799663 715111 20
799702 733456 276
799333 572610 43
798168 668060 465
799865 732640 14
799215 515731 73
798098 532689 1730
798950 695324 1045
798969 621503 452
799790 729722 96
799977 667246 1
799707 789258 159
798780 739507 802
798862 761584 181
798075 559346 431
799306 748231 584
799824 519099 108
798071 797607 1580
798600 705533 22
798570 777083 151
798457 562600 1169
798138 613851 1714
799465 700982 288
799016 547220 742
798053 556134 1911
798209 622983 889
799900 666280 43
799356 735681 263
799710 552972 145
799571 656063 273
798589 681071 490
798144 699037 1051
799239 528588 634
799651 587920 279
798075 596554 885
798230 524079 1230
799559 586429 317
798309 795657 1334
799549 692421 193
799643 745635 298
799152 525200 518
798445 797280 698
798286 514262 411
798240 647267 184
799486 534355 310
798338 648106 1584
798599 591574 1148
798651 785610 453
799872 647650 92
799017 618669 59
798746 712434 1204
799487 609072 373
798018 527143 656
799836 701669 31
799382 613584 240
799837 739750 66
799665 708222 254
799729 754800 267
799370 780362 362
798241 749643 185
799464 785320 435
799955 709093 15
798592 512717 453
798637 592475 879
799201 547374 74
798145 632077 1775
799235 775819 220
799412 537196 293
798399 660166 1043
798999 625202 835
799375 667725 258
798405 733038 176
798171 781909 1827
798706 744577 685
798873 604717 991
799303 596009 656
799135 770463 192
798369 722458 164
798045 576575 875
798871 528067 44
798751 590837 201
798000 738585 1421
798612 789883 316
798298 730745 1014
799077 644931 251
799681 670392 146
798329 604864 919
799834 580371 97
799700 670523 293
798951 559503 789
798805 639030 337
799992 650788 2
798377 581009 1145
798235 659253 1273
798481 744647 1061
799759 667902 144
799157 743342 143
799121 610142 560
799881 753564 117
798385 607574 448
799841 509824 16
798453 583268 870
798130 785997 160
799881 611340 58
799424 684847 165
799821 787331 129
799632 554510 161
798022 532802 1039
798424 514526 299
798005 774590 1460
799711 702334 96
798513 689007 961
799148 743322 145
799988 672227 7
798135 739662 1453
799391 705932 155
799061 784595 926
799202 695321 708
799755 702464 228
799566 703624 201
799434 762618 550
799652 748877 108
799046 626945 64
799574 685528 338
798866 502330 192
798691 651940 854
798134 707186 1092
799776 706928 25
798415 684293 397
798440 615285 512
799876 683065 55
799946 510797 49
798970 649402 354
799704 594010 133
798705 766471 507
798794 605220 698
799796 698350 125
798838 631634 1106
799078 783643 612
798739 517037 570
798481 691195 345
798980 797225 752
798455 544454 118
799171 501649 185
798771 633255 927
799906 521309 23
798488 501359 211
798515 511804 367
798120 544604 103
799048 609679 333
798481 663787 1048
799316 679382 39
799552 625412 61
798794 701981 1067
799804 772033 14
798941 527174 581
798203 661023 976
799811 659659 176
798695 718446 485
799726 693750 152
798540 685929 461
798748 676244 336
799351 645105 367
799894 597832 101
798568 760468 542
799298 783320 530
799214 534637 719
799237 521081 287
799854 788264 122
799357 754214 279
798375 684677 1448
798648 714572 1104
799038 535108 612
798099 531304 1068
798854 783205 45
799636 507127 195
799611 534214 296
799462 713932 75
798601 550028 193
799859 768335 80
799838 500901 108
799297 754647 517
799079 523800 273
799775 768823 18
799917 617742 21
799616 629587 7
798619 550465 1345
798236 531072 202
798213 714640 1504
799721 752274 145
798098 591029 1289
798330 629616 1543
799074 696264 179
799026 612298 446
798020 638404 206
799064 616488 461
798225 790383 88
799017 784925 839
798599 615934 1320
799496 610647 428
798949 797271 842
799722 613562 246
798965 776747 419
799318 626120 302
799396 644087 165
798445 723551 112
799839 712357 117
798299 557825 1601
799875 734570 100
798170 737479 1611
799039 691894 592
799767 714242 79
798488 568206 598
799338 604015 463
798465 647136 724
799728 658138 185
799765 682912 122
799679 594489 260
798912 502190 801
798387 698736 1506
799252 689087 185
799924 604375 35
798566 755509 103
798647 587532 11
799424 662440 134
799830 606595 115
799367 693100 70
799473 704344 521
799487 589192 144
798674 646086 1016
799973 758759 5
799361 537278 136
798239 615126 121
799659 541908 63
798804 595106 507
799105 749616 398
799175 783515 367
798415 546136 1570
798809 689828 848
798822 685947 323
799574 714270 231
799571 614879 141
798223 708107 1051
798080 679415 346
799826 724999 124
798327 713440 580
799726 534498 146
799757 719967 142
799301 735142 655
798849 737664 360
798144 707015 1244
798075 500955 1214
799479 677330 146
798374 789752 326
799087 750719 50
799498 557195 203
799912 729982 8
799241 547845 752
798664 657275 884
799611 503169 239
798045 635190 1617
798978 782916 380
798677 536763 692
798960 795034 345
798624 593827 912
798360 568072 1369
798190 566233 277
799434 526570 372
799857 691880 33
799566 628457 172
798218 680110 995
798058 787322 599
798783 779047 1038
799644 774227 330
798012 596543 747
798120 503826 1606
798424 652168 1366
799211 644314 275
798170 733351 1156
798945 552580 187
799720 615945 72
798228 760292 909
799077 771222 321
798093 609889 1748
798420 764276 231
798851 612976 720
799861 630839 113
798642 530169 1060
798985 524456 107
798492 690366 431
799853 706527 40
799860 744831 74
799957 699157 5
799467 535300 436
798070 580443 1402
798087 730466 1556
798591 557696 406
799012 521159 870
798204 518479 738
799977 522406 9
798112 737493 1380
798283 751023 1342
799639 738504 102
799230 770440 175
799559 602047 145
798416 761763 1261
799628 561649 57
798295 652926 1001
798538 535332 766
799324 512241 11
798606 502918 519
799590 646786 389
798636 670425 420
799033 611639 463
799133 574744 725
798083 690150 1145
799813 727828 143
799675 728090 173
799734 639268 68
798706 675286 1219
799599 665568 341
798309 782497 479
798276 626593 848
799047 558680 612
798921 797268 552
798511 571426 926
798051 688037 1684
799053 517143 229
798983 558391 546
798769 665127 798
798740 678260 445
799706 590782 26
799923 776371 57
798279 751457 343
798305 587150 1386
799374 720732 400
798529 522880 972
799769 548210 14
798943 602336 534
798351 779529 1047
799519 780833 345
798546 610122 1172
798846 683469 403
798928 730572 966
799928 693493 1
798417 732798 192
798856 728884 884
798658 598864 225
798750 566107 1201
798729 794413 1037
799599 799310 318
798885 554291 186
799755 663672 55
798929 513362 612
798253 719016 459
799130 550426 309
799572 682670 391
798391 591927 1539
799294 665712 497
798031 632914 153
799669 524832 196
799176 614198 733
799149 501797 652
798827 771899 233
798488 661307 512
798896 592596 1044
799129 532851 18
798033 630069 1234
799137 654095 338
798433 678469 1466
798105 747923 799
799243 682170 430
798765 795407 750
798044 755856 1511
798435 519906 92
798861 641490 367
798996 696011 611
799235 506289 61
798478 794576 1158
799903 644720 50
798103 500849 657
799803 719449 7
798778 571641 508
799387 527712 208
798208 548701 1225
798832 528001 166
798522 579855 623
799018 702488 747
799831 725739 93
798440 583634 999
798221 747050 215
799914 789900 62
799139 758056 787
798031 579148 1582
798475 592408 686
798607 574790 119
798921 752095 1009
798244 642710 589
799199 576691 532
798211 741507 600
798559 645071 730
799189 514682 90
798522 592122 333
799647 509960 274
799205 579519 419
798577 714637 645
799612 589653 277
798698 576762 647
798435 640853 1097
798758 761520 306
799583 511198 253
799267 756007 166
799239 606978 277
799265 538909 550
799381 528581 319
799644 700973 130
798338 681529 199
799148 560854 784
798515 701451 1413
798520 745846 1231
799282 733000 43
799261 672932 225
799700 541826 49
799688 567231 68
798007 720989 816
799695 594439 131
798299 653342 305
798072 693592 246
798739 776938 257
798148 517824 49
799745 565464 251
798587 559268 824
798276 553336 712
799253 722644 603
798205 675071 1778
798103 663918 1331
798328 784372 1401
799366 645878 446
799492 584829 230
799895 571130 86
799124 798889 383
799331 586103 278
798872 585933 996
799831 507623 161
798032 518339 37
798045 583837 449
799639 795164 1
799275 560737 271
799180 797742 654
798780 537609 991
798504 747230 643
799428 753356 38
798603 754724 104
799011 628732 259
798460 564094 430
799298 696504 117
799431 773140 342
798849 576222 1060
799178 526159 614
798596 707812 1041
799132 795022 400
799923 536157 33
798593 634878 320
799980 573942 1
799319 573305 522
798866 551582 182
798444 763418 1403
799790 644788 60
799752 782590 23
798547 524727 1414
798475 798733 671
799812 552442 154
799724 774892 140
799973 593034 15
799036 793669 321
799957 757086 19
799150 559616 660
799945 584853 50
799216 606999 127
798813 651479 227
798628 533844 1297
799204 595409 593
798577 649561 246
798738 604568 150
799017 731196 799
798760 665049 698
798248 789557 302
799037 649987 225
799446 700222 155
798696 761192 273
799692 564660 183
799369 716566 463
798034 510268 1917
799965 534659 22
798083 594578 1356
799085 552938 308
799174 672441 556
799072 557288 293
798856 578448 82
798937 597343 155
798324 602573 1642
798183 788205 937
799888 566611 41
799473 524961 307
799594 653366 137
799933 793731 16
799723 637458 164
799328 739510 389
799644 554414 53
799261 563497 201
799495 634936 411
799186 742305 509
799793 685869 91
799980 771413 5
799489 780658 307
798999 572018 898
798799 627654 313
799915 693191 63
799701 592245 242
798430 781546 1362
798208 588688 242
798603 576307 738
799092 594363 469
798748 756807 628
799974 686247 18
798166 697671 931
799473 504949 482
798450 546162 1461
799349 584835 479
799697 718616 242
799768 722257 74
799859 601170 137
799770 576519 135
798852 755950 55
799842 710736 133
798334 730420 174
798122 514298 101
799174 726930 513
799611 619509 294
798363 671586 220
798821 659513 507
798740 660692 431
799845 726517 34
798955 633993 11
799528 550435 51
799944 509725 47
798345 746524 509
798791 779007 770
799811 607901 72
798717 573553 986
799944 510481 5
799637 770319 237
799160 595194 753
798194 589366 599
798542 607525 1385
798495 555540 870
799715 512277 250
798144 647681 423
798817 795727 138
799727 556930 212
798608 612211 688
798516 697332 937
798965 651975 404
799636 557942 240
799875 652124 58
798803 675562 416
798329 539769 283
799060 736806 42
799463 568827 349
798822 793444 806
798581 672739 382
798021 714526 974
799401 775301 90
798840 652305 886
798859 714238 283
798311 756277 931
798125 798199 274
799108 536674 391
798144 553951 604
798346 578862 723
799081 796588 817
798809 617029 777
798928 592150 626
798354 517115 1377
799104 660979 397
798892 790442 93
799973 643713 10
799887 666019 4
798691 670682 299
798297 548200 1659
799316 576397 670
799165 528117 477
798872 682355 780
798626 591334 956
799777 752034 39
799416 525173 363
798205 717953 1716
798685 642575 384
798532 652427 63
799311 604876 262
799701 564839 274
798541 746776 1411
798991 702861 664
798981 646012 67
798976 782369 675
799322 501829 332
799571 540597 151
798833 605361 1105
799162 629753 123
798245 654461 51
798176 700560 211
799294 705688 553
798423 780170 130
798872 686024 331
799475 569262 33
799228 643550 388
798188 621174 732
799894 754180 45
799531 605918 72
798726 637925 282
799224 555231 649
798680 768741 205
799154 588401 622
798376 793537 319
798774 514956 1150
799002 531218 866
799528 554485 153
799359 746459 567
799373 592477 251
798843 745018 972
799376 595445 381
799532 682416 231
799421 712484 354
799870 589594 67
799054 691028 553
799212 691112 604
798744 554284 532
798158 600165 1604
799653 749944 268
799999 571670 1
798525 763924 361
799178 503157 380
798264 737889 1302
799545 546598 245
799087 796531 179
798335 745083 1629
798066 511810 10
798780 643919 1122
798817 559026 898
799600 632950 97
798630 762219 1079
798213 671535 638
799537 590745 301
798696 561910 915
799798 749128 67
799350 744564 338
799889 744883 24
799261 770218 289
799332 757357 584
798205 628201 652
798836 726787 643
798186 782601 819
798292 525836 768
799752 776225 35
798688 679611 444
798496 726069 656
799314 507019 505
798919 662191 94
798539 796534 685
798763 642517 679
799581 797125 222
799454 707831 180
799593 708511 353
798756 741070 1184
799864 657531 110
798298 585426 1527
798462 563285 1283
798152 611124 177
799347 610934 565
798830 539800 630
798461 655047 1412
799491 730865 29
799606 682995 126
798720 605869 607
798548 503876 1194
798608 702607 1295
799785 537711 26
798727 661979 395
798625 652871 1030
799609 617487 3
798237 791071 526
798481 712815 1322
798235 770980 1530
799627 610504 169
799215 727445 728
798396 651840 1372
799453 707132 386
798473 620067 846
799228 782970 37
799880 557804 32
799153 661640 445
798540 592399 966
799785 722929 149
798045 786895 1587
799579 663435 259
799532 593461 74
799010 750316 479
798197 567936 1487
799802 694748 187
799648 553280 184
799366 541366 279
799437 787393 87
799393 681084 477
799439 708650 209
798971 663680 147
799435 590828 113
799463 595056 264
799881 639332 56
798986 572621 591
798330 563057 1118
798770 753638 933
798992 564760 351
798731 782891 664
798341 598424 586
799275 654219 36
799088 657775 763
798809 631802 556
798095 510987 483
798362 794297 321
799388 609199 458
798844 797655 876
798155 670570 155
798940 690448 346
799753 582750 215
799773 646321 91
798600 600788 543
798045 706311 1427
798135 619631 477
798118 688539 720
799600 738499 186
798008 557576 1683
798440 792359 355
798530 653189 1290
798342 587597 1203
798332 789313 544
799478 669378 178
799272 683065 188
798896 593310 986
799147 761626 421
799330 507608 517
798335 731048 894
798959 713891 529
799718 791417 155
798439 556355 111
798587 569433 584
799034 755035 818
799142 728453 359
799082 670337 20
799915 793273 16
799517 696781 357
798987 503904 275
799474 724740 199
798587 721317 1122
799191 754036 569
799711 729583 173
799717 504150 199
798228 623484 270
799478 648996 310
798574 710451 997
798333 648353 871
799636 681240 199
798001 598266 39
798434 515083 1224
798428 649901 832
799297 642882 602
799920 748814 29
799002 746151 105
799006 675060 330
798549 647155 931
799404 687314 375
798298 722124 839
798098 655505 1216
798048 660091 762
798435 656938 859
799344 792919 311
798600 552547 357
798068 707208 377
799008 587200 652
798463 525827 887
799861 728611 3
799226 768503 360
798188 776643 253
798464 737418 368
799663 567398 116
798142 571037 1843
798294 798519 279
798925 775084 237
799305 630162 491
799085 723646 823
799867 667493 27
798611 545274 648
799795 531680 187
798547 652523 267
799567 734823 258
799740 610229 150
798849 796855 674
799589 653664 157
798643 752495 1318
798607 761094 451
798444 644100 1358
798391 568557 314
798318 778028 883
799393 691758 28
798452 631279 598
799312 729738 623
798907 503815 404
798553 527703 402
798483 536297 832
799482 531225 180
799648 693167 91
798795 779747 1041
799135 789738 504
798193 550163 1571
799342 552965 478
799551 730022 152
799592 688943 122
799436 526659 362
799502 565939 464
799159 692204 47
798784 729767 1117
798590 571719 515
799848 647888 127
798466 709152 1148
799550 567097 74
798726 592929 737
799820 673327 97
799784 637275 171
799410 651857 323
798932 755135 791
798042 671415 70
799217 760474 661
798333 779605 797
799605 531436 303
799239 509901 699
799440 559040 48
799398 783119 12
798450 577645 1532
798417 743320 1546
798491 525985 408
798378 713340 927
798087 611631 862
799646 770503 146
798670 759629 172
799361 704416 489
798151 604989 2
799760 751503 43
799098 615586 506
798546 529702 666
798734 657256 1108
799822 733631 15
799873 761388 122
799963 516920 6
798320 607715 259
798205 596823 1614
798479 544668 1485
799138 538043 737
798142 733854 1389
798449 699131 1126
799551 552112 432
798489 679124 1380
798327 752220 166
798189 590684 185
799072 656137 648
798880 578553 947
798472 591996 1176
798070 708697 1733
798506 713601 498
798117 621004 1
798563 795711 1417
799719 714687 119
799416 603858 522
799988 555632 1
799346 758405 319
799001 518214 26
799159 669313 244
799607 558348 171
798679 666119 952
799628 537502 339
799928 711554 53
798352 561908 923
798817 508143 448
799866 697143 71
798461 500416 769
799663 687206 223
799197 712979 108
799011 685593 227
799351 786303 221
798454 522788 60
799923 795010 22
799250 601889 251
798120 771270 684
799402 735953 344
798839 773396 282
798679 681496 518
798795 559049 710
798945 771826 992
798616 764524 1202
798962 507538 693
799040 775169 132
798225 690664 124
799655 708448 6
799360 696081 605
798237 545934 243
798744 738159 416
799541 624090 47
799652 685345 75
799993 559151 2
798976 588298 237
798177 729725 511
799398 709565 228
799138 673762 278
799218 688908 353
798282 798442 1608
799861 682021 128
799598 712723 303
799513 791617 216
799468 553205 307
799951 740007 6
798641 690539 616
799298 621668 570
798258 554938 1519
798204 591148 1057
799677 709583 276
799745 619833 14
799923 688233 74
798118 577604 167
799523 787816 416
799479 545098 236
799468 642973 138
799143 506930 234
798987 573729 238
799843 609662 101
798222 793153 1439
798018 558322 315
799719 695415 89
799323 619101 227
798728 654581 410
799753 516059 23
799211 701770 258
798613 522753 630
799680 505947 268
798659 721246 943
799808 771166 87
799512 750234 385
798929 779192 335
798041 514576 1127
799865 511890 123
799057 697423 86
799664 588253 196
799420 720482 5
798424 698387 202
799604 652685 175
798164 694566 215
798687 633424 1278
799553 506544 112
798805 565162 515
798468 604217 896
799127 604539 675
799954 622130 25
798405 690583 223
798335 608097 38
799628 718768 63
799685 530841 296
798500 615571 428
799329 591875 384
799094 533847 688
798343 501579 1191
799356 713362 121
799051 537958 216
798567 741208 1131
799353 581496 451
799271 597198 295
798891 774119 977
798018 780383 594
799130 630505 631
798494 582530 595
798255 701997 1678
798428 601632 62
798669 572305 1276
799191 686168 242
799538 598767 121
799368 542368 407
799114 580337 677
799382 565458 277
798096 763810 1791
798811 760762 505
798319 691313 1258
798042 639577 896
799571 792877 64
799844 511558 83
799297 751139 486
799941 539647 31
799071 570123 61
798813 644335 159
799556 692149 120
799849 776273 105
798160 665172 681
798568 650906 412
799843 574689 96
798337 709451 466
799409 701360 49
799001 566387 187
799190 547468 553
799456 794000 358
799443 792292 13
798979 776165 867
799944 700875 12
798987 686340 719
798051 548235 133
798991 769267 745
798457 756000 113
798913 638766 807
799976 679583 5
798908 586512 881
798453 713730 1318
799340 523542 158
798411 721232 460
799899 700783 99
798904 536415 1006
799638 689891 137
798040 595213 1414
798944 656323 241
799154 566731 805
799375 526269 345
798342 596985 232
799953 736277 2
798586 661042 652
799204 712357 686
798040 637678 1037
799105 782986 369
799396 598330 77
798725 679730 918
799462 705910 231
798772 506466 1077
799993 580406 1
799137 556900 680
798388 611060 1158
798844 683929 248
798696 588230 322
798998 648755 904
798097 568807 804
799189 710530 191
799210 665652 150
798394 557706 1231
798884 649937 657
799682 650054 151
798658 642549 116
799210 505099 559
798687 796732 663
799092 778209 407
799765 650097 171
798121 687643 1739
799618 656409 139
799159 692326 335
799298 651751 319
798276 631371 795
798507 578091 667
799522 594566 447
798588 583499 655
798899 581637 724
799941 685454 33
799430 563482 144
799482 749156 239
798236 534016 898
798010 689692 1251
799210 716615 671
799342 523060 596
798026 630117 48
798916 641671 389
799610 797699 291
798804 709806 439
799282 571920 66
799961 784426 24
799896 692146 59
798230 573764 435
799377 776374 244
798058 730472 1827
799979 787461 15
798742 769634 749
798770 771937 443
798885 727297 1017
799090 637876 410
799084 657361 120
798056 724253 25
798937 539854 254
798306 709033 625
798378 713128 1210
799162 558007 616
798085 573645 617
799451 646447 34
798263 634105 1416
798463 775769 936
798458 615144 146
799947 515591 13
798404 774071 19
798337 566546 1625
798700 608762 470
798682 669809 517
799475 724331 373
799434 572056 199
799288 728451 187
799880 740453 63
798441 518460 166
799848 557401 31
799898 796470 15
798713 570206 245
798218 778017 1060
799885 505473 16
798023 637041 237
798619 591787 1249
798988 731322 794
798553 656898 631
799372 615791 70
798026 739238 1106
799014 519674 681
798808 505786 741
799201 570454 291
798832 774778 1140
798529 609935 309
798603 587403 404
798832 799510 587
798258 560370 173
798044 653233 914
798625 778986 241
799267 584926 259
799629 647443 366
798479 774828 1242
799936 546300 61
798102 726222 1122
799665 630816 240
799172 547061 340
798692 793633 724
799015 675510 66
798781 702125 1189
799731 646943 252
798417 796407 1517
799852 658365 94
799656 564842 14
798639 732786 140
798258 566566 250
799856 541301 142
799591 666174 259
798598 604502 407
799264 619612 393
798793 562796 575
798470 772341 1267
798961 543337 807
799373 597334 238
798589 557243 721
798852 532377 554
798906 726364 517
799774 565867 133
798423 797626 748
798056 543904 688
799730 685403 7
798128 638932 191
799057 617255 586
799156 562470 649
798884 550043 987
799261 500681 208
799129 799324 418
798438 576673 1281
798182 589495 1139
799143 571202 605
799246 577751 5
798886 555349 483
798357 722079 1632
799822 615876 86
799562 557521 93
798233 643882 261
799374 506838 261
799505 562716 80
798974 748113 721
798444 735589 45
799495 596098 276
798877 520610 271
798788 721497 449
798571 545296 443
798899 526543 872
798285 766995 551
798390 645290 1197
799709 797488 39
799121 639622 258
799456 772549 79
799724 641969 112
798440 575640 394
799912 768814 80
798371 699621 573
798936 553414 265
799316 635011 636
798174 644640 1612
798939 642559 919
798808 514636 907
798413 613644 67
799188 670419 608
798704 584098 762
798389 506178 953
799150 598922 75
798589 798884 25
799354 530421 33
798759 657822 1153
798898 765491 436
799665 517195 303
798982 536242 795
799913 539732 23
799447 548791 427
799300 564969 332
798443 563795 424
798570 725614 788
798326 793225 103
799735 595089 254
799585 679468 148
799862 546905 15
799034 709697 849
799601 732755 180
798474 618067 1342
799677 730053 52
798262 721072 1200
798183 726040 1815
798866 646489 108
798318 599847 1131
799661 501138 310
799458 756715 371
799268 590672 201
799409 721244 41
798101 640663 1658
798312 627963 515
798004 526782 1120
799966 597499 7
798850 779019 984
798721 564589 61
799049 550131 436
798480 652649 267
799896 629803 88
799348 589173 516
798383 663584 892
799072 536797 797
798494 720532 645
798461 726238 1176
799579 557272 253
798347 740381 491
799984 758699 2
799707 576777 50
799867 689260 121
798822 602136 1132
798314 786344 1301
799860 602388 16
798588 723990 1236
798780 609990 1084
798292 582468 1250
799141 705909 52
798521 713565 390
798286 516305 1629
798426 714734 452
799243 751821 221
798689 733383 1122
799916 512008 61
798703 609262 609
799154 782082 116
799085 645603 340
799680 798023 303
799532 638130 306
799924 662597 27
799927 594234 38
798471 678462 546
798480 589527 268
799372 592588 586
799056 637273 343
798442 626120 792
798778 663995 683
798562 688033 429
798666 642539 149
798602 686576 1028
799585 793657 375
799816 764473 63
799390 783498 174
798951 618570 471
799971 629083 14
799682 711391 60
798828 733181 7
798171 593087 1301
799749 732721 38
799181 526541 640
799737 702748 48
799427 595773 188
798697 518797 400
798941 534672 635
798446 785806 346
798857 502859 570
798344 629980 646
799378 710706 544
799673 750162 132
798719 711859 943
799966 741735 20
799511 586359 38
799175 760620 173
799698 738922 133
799522 569546 337
798613 704142 1123
799640 685017 245
799302 505265 279
798217 663467 222
798776 570656 198
798731 642036 295
798219 787591 1562
798632 532808 971
799308 617844 615
798264 524349 276
798843 540431 721
798946 733168 613
798220 536463 327
798270 500995 1619
799312 601997 669
799730 583189 87
799074 669574 563
798334 565198 1242
799151 686207 260
799845 581972 82
798039 728276 1079
798446 790277 704
799483 760149 400
799932 775265 5
798832 689563 258
798030 749295 1718
798286 603408 541
799117 632717 492
799617 793170 69
799269 701222 656
798958 589564 837
798499 745492 799
799970 545971 5
799020 775894 67
798904 593928 623
799636 737243 241
799503 758178 389
798027 575053 194
798464 589553 1322
798888 588524 574
798188 653769 1271
798706 741053 1091
799763 696962 168
799794 749487 156
798008 560642 70
798263 617347 28
799276 604410 424
798512 635517 1448
799336 575545 28
798284 594827 1196
799479 704060 390
799215 650333 749
799934 710486 9
799313 510202 385
798298 726041 1263
799650 728846 170
798206 545669 915
799360 761654 286
798350 704151 884
798107 663502 1395
798298 787885 65
798049 653257 513
798589 533012 1333
799862 531315 35
798756 650372 1012
799604 563649 219
799123 762119 267
798712 640767 990
798155 732443 1256
798316 691999 1172
799816 504492 165
799318 717207 605
799773 775418 39
798362 521568 1121
799146 580126 9
798280 649321 1718
798888 760732 475
799096 609626 486
798637 682294 1300
799740 567441 67
799386 690453 532
798280 783909 741
798312 689607 833
799069 664383 167
799434 757967 417
799642 667245 255
799943 691954 1
799087 631608 545
799234 574503 80
798801 650905 1007
799629 773742 322
798202 655942 947
798035 526566 699
798737 676325 365
798286 574746 852
799795 525829 162
798375 700701 302
799915 517106 25
798087 625131 1620
798674 560008 444
798115 739509 614
799837 577031 86
798651 626553 596
798154 607149 549
798289 590001 1373
799702 753814 52
798810 501579 1154
798495 741837 1025
798854 539660 127
798116 676476 1659
798958 586687 1017
798497 502579 1041
799495 613494 407
799111 690795 792
799177 554071 815
799795 691300 27
798918 647600 448
799436 771893 393
799427 770044 81
799998 573931 1
799432 770836 36
799977 635533 18
799797 665386 171
799797 638923 73
798659 790038 1023
798898 645370 1014
798018 789414 182
798347 668246 1340
798288 698437 1633
799515 787692 21
799792 655310 175
798762 545066 123
799855 738497 89
799975 769038 7
798774 571261 39
799097 737875 393
798499 665198 1256
798488 566539 370
798907 578965 940
798466 694322 688
798799 553741 838
798285 502440 65
798880 728029 713
798259 514208 792
798520 695962 138
798871 569737 34
798446 568535 713
798367 722412 1287
798165 565289 813
798754 597368 193
798715 512748 959
798691 684532 65
798371 623246 1009
798126 723258 241
798917 545522 960
799412 513717 551
799688 577380 214
799346 549501 546
799041 647687 527
799957 752690 11
799269 706427 301
799234 664062 759
798677 660627 93
799440 634019 543
799223 682876 355
798622 750988 1278
798809 787823 454
798651 760964 1323
798381 674249 739
798308 619784 448
798594 501483 889
799283 705146 153
798193 584884 823
798188 703454 16
799819 552046 121
799729 613021 134
798429 641329 734
798973 612823 332
799034 644665 59
799062 785908 460
798843 572207 924
798543 646907 85
798663 530353 557
799062 765776 859
798500 522297 1456
798790 620058 1172
799103 617801 35
799693 597059 123
799077 669323 859
798002 646664 1684
798018 753671 1795
799352 751704 276
798952 518296 1039
799735 563840 93
798193 580040 1708
799373 616995 396
799891 784156 107
799239 657637 29
798434 694488 230
799592 652366 148
799833 579726 4
798184 794965 397
798429 524771 625
798729 779460 1038
798659 507699 773
798484 753205 890
798260 751176 1417
798556 768874 38
798619 656487 157
799999 554017 1
799577 657218 253
799442 624781 126
798667 578449 1294
798667 564392 1254
799310 556636 129
799243 525486 310
799496 732396 428
799091 563801 233
799406 501361 51
