382
10006 10150 172
10069 9509 182
10274 9991 143
9828 9905 165
9566 9703 777
9520 9345 535
10262 9500 181
10412 9923 29
9114 9189 406
9945 9950 310
10220 9982 155
9115 10389 1192
9240 10361 219
9586 10014 250
9557 9768 685
10394 9516 56
10085 10002 175
9279 9891 358
9378 9213 818
9423 9100 901
9740 9965 313
10259 9142 51
10468 9036 20
9120 9011 885
9908 9439 388
10319 10371 79
10322 10034 53
9292 10429 807
10085 9194 249
9909 10216 97
9872 10108 98
9622 9938 788
10497 9840 1
9246 10394 1013
9403 9791 952
9928 9872 314
10250 9571 115
10022 9188 279
9534 9517 189
9579 9914 709
10361 9696 17
9756 9632 264
10143 10401 219
9301 10140 516
10293 9646 8
10013 9154 456
10012 9056 8
9301 10249 869
10309 9674 148
9246 9535 851
9970 10425 167
9726 9923 551
10313 9667 72
10408 9764 88
9499 10021 752
9207 10459 1079
9871 9764 494
10010 9686 320
10089 9280 26
10048 9122 255
10488 9603 4
10267 9506 213
10491 10122 7
10480 9774 8
10102 9414 77
10215 10294 118
10045 9150 222
9689 9015 408
10298 10199 31
9907 9591 410
9731 9956 766
9238 9774 627
10042 9390 370
10301 9134 76
9268 9383 411
9366 10212 422
9769 9093 432
9386 9839 1076
9192 9202 1048
9309 9419 526
9825 10363 557
10262 9118 4
9155 9941 683
9626 9905 381
9723 9521 564
9301 9836 656
9973 9009 253
9506 9821 722
9855 10263 20
9011 9368 1241
9550 9119 912
9985 10391 394
9004 9154 1275
10253 9594 218
9798 10272 403
9212 9758 1
9480 9854 347
9247 9302 781
9250 9949 190
9012 9993 866
9103 9227 383
9838 9078 183
9962 9665 466
9043 9043 224
9253 9174 926
9932 9229 101
9504 9221 359
9469 10007 661
9382 9327 990
9725 9719 283
10440 10438 54
10424 9047 41
9698 9562 787
10078 10365 272
9284 9706 747
9822 9010 110
9787 9969 214
10306 9949 113
9005 9593 933
10043 9829 438
9438 9833 325
9632 10458 310
10468 9066 24
9882 10352 101
9550 9945 628
9482 10324 737
9155 10066 1280
9858 9520 97
9640 10400 463
9279 9377 418
10419 9476 62
9189 10449 537
9322 9860 1139
9520 10493 340
9294 9060 1014
9613 9324 470
10461 9153 18
10445 10115 46
9341 9332 808
10340 10467 80
9563 9276 684
10371 10105 75
9086 9617 673
10202 9199 215
9044 9256 57
10238 10090 238
9657 9337 689
10486 9822 12
9766 9969 168
9111 9189 1324
9091 9416 214
9142 9527 453
10146 10237 176
9430 10479 953
10097 9498 187
10476 9959 18
9239 9965 351
10074 9676 56
9785 9139 57
10467 9346 14
9608 10236 423
10432 9089 32
9573 9945 510
9770 9690 374
10205 9276 161
10365 9463 127
9810 9065 4
9935 9456 414
10198 9633 192
10019 9848 221
9881 10066 149
9706 9967 226
9897 9057 483
9288 9303 952
10293 10289 135
9116 9521 899
9768 9438 21
10280 9569 135
9210 9787 703
9447 10318 382
9168 9320 415
9759 9861 302
10374 9715 95
9211 10071 914
10261 10344 74
10479 10026 16
10421 10278 78
10095 9288 89
9314 9305 708
9491 9907 243
9597 9100 702
9263 9124 14
9814 10146 407
9191 10188 308
9033 10136 94
9361 9123 532
9936 10175 161
10204 9959 238
9138 10072 440
9348 10493 798
10049 10409 72
9133 9145 467
9861 10446 412
9946 9561 254
10129 10313 195
9748 10118 212
9919 10112 498
9816 9152 266
10162 10232 193
10200 9866 7
9269 9271 636
9904 9539 264
10188 9740 184
9863 9949 102
9991 9516 171
10232 10448 265
10046 10284 437
9735 10360 659
10020 10427 291
10156 9285 67
9786 10435 516
10371 10470 116
9152 10328 202
10308 9775 178
9957 10412 132
9988 9734 365
9790 9911 472
9589 10218 853
10234 9709 39
10327 9206 135
10184 10183 34
10348 10234 75
9168 9104 1087
9187 9830 405
9914 9596 4
9234 10294 514
9489 10255 255
9135 9265 696
9662 9862 829
9525 10237 452
9097 9875 258
9963 10337 493
9592 10187 901
9953 10412 379
10025 9471 270
9766 9543 722
9254 9233 1001
9700 10381 545
10120 9780 89
10237 10256 54
9295 9617 158
9756 9726 364
9510 10313 835
9119 9478 435
9535 9001 838
9943 10420 473
9589 10195 483
9431 10055 315
10297 10349 185
9481 9248 111
10448 10057 45
10073 9694 201
9824 9482 412
9474 9059 52
9089 9798 93
9103 9152 1009
10318 9605 156
9908 9364 312
9581 9648 198
9624 9942 159
10212 10283 50
10326 9319 29
9570 9800 61
9778 9594 157
10472 9278 20
9145 9959 585
9329 10131 717
10384 9493 34
9919 9427 490
9763 9154 400
9763 10390 247
10407 10362 26
10306 9221 34
9636 10129 18
9453 9073 678
10485 9958 8
10364 10081 100
9737 9547 582
9180 9140 549
9450 9766 354
9442 10254 437
9025 9042 32
9920 9385 48
9232 9536 775
9308 9089 301
10019 9811 285
9069 9707 595
9628 10243 597
10494 10072 5
10323 9355 14
9600 10008 694
9481 10318 15
10185 9526 157
9084 10337 795
10342 9587 135
10408 9649 56
9643 9300 1
10345 9162 46
9032 9595 1458
9478 9038 698
9283 9961 1203
9814 10119 556
10364 10426 22
9685 9306 31
10478 9170 19
9740 9877 277
9413 9033 835
10401 9129 26
10206 9020 285
10193 9415 54
9404 10471 559
9085 9609 957
9944 10293 334
9139 9515 397
10346 9948 93
10010 9431 344
9616 10231 855
9313 9488 605
9220 9650 1145
9621 10445 785
9483 10097 571
9444 9811 315
9605 9739 383
10237 9179 155
10073 9430 110
9764 10490 508
10436 9012 56
9766 9010 565
9733 9435 478
10135 10220 356
9809 10132 64
9121 9160 723
9867 10314 387
9286 9134 625
9796 9795 261
10260 10320 106
10428 10376 62
10141 9805 119
9421 9283 828
9302 10482 842
10124 10435 300
9982 9440 112
9399 9817 123
10190 9860 128
9434 10498 1033
10318 9214 132
9898 9576 554
10301 9971 73
9032 9613 281
9337 10484 14
10179 10069 39
10039 10278 319
9671 9443 56
9909 10396 169
9120 10481 218
10486 9994 11
9968 10401 108
9375 9223 559
9224 10456 417
10028 9463 299
10024 9703 363
10011 9452 293
10416 9556 23
9594 10408 881
9940 10302 153
9393 9667 401
9446 10499 854
9644 9109 776
9644 9962 415
10067 9992 23
9092 10097 218
10213 9888 153
