1225
24346 73228 25711
25253 95238 3327
40364 89771 3511
51354 90981 0
25606 96044 1297
38510 85508 5640
45226 94539 4409
35535 93774 1402
41592 73757 9199
30704 81105 16604
46179 81332 5357
27635 98639 923
36794 95631 3448
44893 80602 6169
34089 73380 4851
40172 83335 2264
27046 76273 3293
45416 95231 2948
24801 84446 13861
34551 90829 2689
46340 90625 4541
26243 88496 6888
30301 79687 13145
41645 83607 3046
37036 72349 10614
34275 82797 1419
36904 91852 6034
42136 81868 4598
42172 95260 2379
48982 74060 2214
50259 90389 836
39341 90315 698
30079 93142 984
38826 91928 699
36298 82782 7941
27679 81653 2086
43604 98556 941
36643 93952 4798
50262 87412 896
32125 88252 7140
29989 74702 10252
43856 99725 89
27268 83012 3957
49560 77160 579
45137 83673 1702
25366 93118 1327
24277 72862 7656
25304 95216 3083
45491 72369 1295
36357 95183 1813
25751 85800 6667
31643 73765 13979
36852 75652 2740
25145 83943 2087
40788 90895 6937
31159 93629 150
45356 88131 800
38795 82528 3357
28236 91352 80
29144 99130 601
31563 75102 7441
37817 79078 2943
36251 85341 14311
32027 85512 11954
38739 92672 5747
37409 76675 11788
47920 74734 2158
31928 98967 833
28790 94754 1172
35041 73568 2344
46781 91116 2930
41376 85348 5757
32010 83437 1329
47071 76202 3820
50305 85698 929
36702 84774 8096
32908 91698 1045
43863 89839 7245
27933 85570 3528
39832 77110 2477
30234 98938 322
29963 80083 3338
46149 73958 4369
48096 83835 2661
49516 90563 1120
26857 79282 11543
31948 84915 1492
24216 86010 6730
44138 78977 952
29956 91909 1129
46108 91739 1835
36776 94594 2175
35062 81027 9175
33101 78681 1393
36595 92526 6066
49283 72652 2092
51393 88674 136
33813 82203 10722
34117 93861 1913
33537 81027 18013
38051 74455 3208
38796 97332 2178
36032 99606 117
42789 85466 3196
38351 95989 2232
29715 96855 582
35155 93364 2846
35202 79076 8749
36237 76098 9644
49317 92620 1182
47085 85395 3588
36318 97677 1383
31038 83936 8442
35959 83832 11655
42242 84955 2634
42042 78650 2480
51147 95132 152
30635 80166 19429
27077 73099 17852
46634 80236 2862
33615 91432 6433
34072 88351 7534
38200 99198 604
43222 88287 6077
26941 96711 3097
30790 76110 14223
51555 80760 22
41190 77485 9471
29221 91493 577
41863 91196 5777
38751 86669 88
43996 79507 733
46856 94701 1939
28186 78317 12411
46005 99312 61
48047 77019 1913
40592 85451 3452
31380 87471 9195
40384 87634 5952
28698 79419 4234
35441 92843 1695
41793 93430 6038
25580 92413 5683
40415 82962 6349
39121 79432 9861
30274 82021 5095
49426 77995 472
25329 73615 4252
31971 87212 9422
43932 76752 353
42695 92491 1192
28319 80221 8342
38693 86845 10348
27327 93906 4084
40339 89360 10172
42373 94572 137
30232 90163 1094
47046 88162 817
31464 75177 1769
32846 74095 2476
41408 76243 2182
39960 84606 258
26828 94869 767
32394 85248 13236
35336 78926 14094
32633 98095 289
46424 76247 4245
43062 82191 8203
47902 76402 317
27512 74717 947
48423 73111 229
47128 92137 862
37705 72712 11133
23854 88642 6778
43033 86323 5194
40068 93327 4525
24340 98036 924
44527 87293 6926
39459 98489 418
28029 91945 1366
41340 73912 3722
47297 96348 3206
39954 79987 6498
31778 73003 6529
46828 86911 1981
26395 85193 4514
36103 80643 13244
26601 78890 8832
37977 80307 13194
27215 76571 21582
24749 94444 4479
24775 76182 5488
48023 78089 3438
42894 92731 359
31276 77437 6743
41266 96627 2251
29605 87628 1938
36152 84013 8027
28795 76838 717
48822 83033 1196
45967 92072 5314
32719 85503 4796
33378 77217 6074
51595 94261 2
32872 99678 142
33759 81114 10127
29699 84275 8849
39144 72516 5408
32521 91919 1001
47802 96421 2863
50007 75348 870
35097 78345 5768
39624 93240 890
26165 92629 227
23839 84315 3434
49591 86141 912
42038 83072 7725
29575 99111 512
39859 93810 2756
49841 93801 1061
39186 93622 2249
40031 72711 1644
49100 79155 391
41834 80628 8952
28442 92215 2140
50897 98877 385
28479 99784 12
25719 73335 224
51262 80738 40
32722 76215 17236
43729 75927 4245
45428 72983 4909
49820 82425 128
40760 96104 2128
25882 98675 841
38295 87162 4941
41667 72098 3103
45958 91324 3108
43385 85212 2121
27139 99285 247
45085 98335 589
47286 78031 221
39894 83021 7573
30755 72619 10561
44268 92426 4750
48272 98778 399
31680 75196 3501
24955 85511 9424
29391 90207 3519
25115 80252 12847
26845 87622 6716
49281 85833 395
40780 79669 10480
47320 80285 3102
44229 89042 814
48743 74238 2658
49605 80888 1697
46675 74794 3744
32421 88170 11369
27189 79871 13627
50680 73681 563
48404 89846 1555
44743 83655 2193
47237 73568 463
48256 81581 3043
38121 94764 1107
43724 83271 3071
51515 96928 31
41979 99769 57
23930 82001 17340
28269 76213 950
36155 80459 3543
40742 80139 8167
42108 82088 5757
47751 76479 312
27115 97360 2354
29399 81278 16904
47802 73356 940
45974 88682 27
23745 95322 3458
41794 94876 1705
50076 80438 781
50087 84431 444
48935 82573 2632
46861 72297 3588
27519 90540 3231
43775 95892 734
39696 79146 9549
25037 89618 8286
49203 93636 1244
49847 78824 1402
36629 75620 4750
36139 90902 2978
37609 91311 6278
43826 72399 5394
46692 80256 488
38826 99571 167
26307 98658 442
36119 81215 3749
47942 94636 3183
41441 83266 6724
24534 95923 302
48404 91581 1992
42348 74423 145
27652 79002 7444
37697 80558 6040
34136 94470 4373
30794 95374 2982
41446 97316 2213
47791 99751 63
38759 92560 6639
25157 85698 6511
50746 98506 635
28688 84249 3832
46708 84349 1497
25729 98340 715
26897 92232 4283
33761 82357 3657
37470 95672 2112
40315 77725 2205
30641 99415 375
29260 92341 6004
24451 83042 13960
44850 75997 2086
26459 79339 3759
44446 92825 6592
25198 87634 6376
28886 81302 11595
41343 83956 9266
27829 90684 2482
27394 75727 18007
28676 72643 10239
35998 83943 13587
27606 93600 107
44232 72790 6031
33344 74839 11541
27078 77061 19247
38784 89771 1621
48223 95691 2777
26520 79802 14611
41572 91036 3385
34424 82632 8701
50451 93692 941
46183 90743 3677
44996 87489 4658
39645 84489 5329
49931 95015 1051
43171 80843 4073
48463 99526 167
28263 99543 144
29251 91486 3473
49670 77479 1315
34587 76841 15413
40138 72663 9125
47793 76860 3292
37216 87906 3335
26824 98025 739
51517 81391 59
49385 75615 950
33404 79622 5584
39707 95612 133
41912 72794 873
36301 95786 506
32833 80735 18109
32097 89285 5945
47079 83878 4079
36129 80863 4520
29932 72637 13257
33544 77648 382
50958 98217 373
40161 78556 5146
25159 92041 3325
37056 94830 2916
26998 90660 6073
39074 79428 10764
28054 90116 3140
46547 73873 2796
49470 95324 1531
47857 81108 2512
26345 90257 4311
31290 84452 10923
32323 83913 2335
40737 75431 7027
33406 74846 17433
49385 82500 866
40242 95053 3739
33221 89217 6584
40730 72560 3150
26619 74705 23713
35258 88378 9999
47227 86733 971
35809 98468 568
36623 84170 11346
28454 87484 5089
33085 81125 11498
40178 72946 1579
24430 96570 397
30063 89957 9566
43823 99460 305
44030 92446 4116
29891 78822 19597
27440 82682 14687
39934 87899 8482
45480 78634 5250
49184 96458 880
44092 81061 5391
38552 91887 1226
47575 86487 66
30708 90630 3525
42473 78448 3470
31028 74036 5984
44355 96111 2293
27881 91608 4848
31056 99365 72
34016 78631 13731
46079 81501 1947
31150 72893 7713
49384 73239 479
46161 95887 696
38104 75512 7116
51579 96040 14
35439 87816 5875
32779 97650 1015
29669 83510 12676
26198 98049 1403
32701 72551 2633
28053 98503 754
51355 80386 97
42075 81658 257
45358 83365 74
41208 73812 2759
28222 81789 14254
31752 94752 3868
38307 91787 6204
33108 75272 16089
28882 87387 12146
45798 93410 3519
24418 95948 237
28458 80687 7115
42801 95624 1224
31314 75201 14577
26403 86631 5249
31400 80864 15582
39132 72146 4399
40548 73027 6166
24603 91081 6179
41738 90443 367
41024 96846 1018
28470 96981 1606
45991 84053 301
50257 83714 144
26071 94804 1922
24958 84417 4708
26102 96859 279
28606 84653 10030
24157 74627 10966
45505 94300 4817
32470 88875 7951
39894 96653 2188
41434 73228 6501
40597 81934 3362
28804 73607 7687
44568 92650 1153
44140 84660 1160
28464 82241 2310
34016 85158 12678
43194 86905 2503
33803 95200 4135
33989 88213 640
35382 82958 12027
46812 80229 2431
32670 77344 2185
47466 77566 1322
49300 90739 2022
47563 84462 1088
38655 74606 4163
26705 87622 2294
45490 78748 2306
50244 75212 1261
44528 94148 1871
41638 89152 4089
33031 92106 2856
31479 84097 599
46571 82128 1301
28250 92358 5209
42369 83943 5029
48905 74313 2559
26519 72868 16443
44198 76543 3433
34336 96698 1820
44184 88874 4084
38411 87883 11657
32643 97949 779
23906 79196 5425
38323 90185 2325
28986 90400 4285
46327 83169 185
36000 76084 8547
37913 83104 8197
31721 78071 769
47802 96752 830
47649 74895 2548
39719 81120 5048
42297 82781 3908
43919 92047 4153
47846 87601 2415
33353 83356 5439
51148 90543 111
43790 91146 3100
41548 72128 4398
51085 82599 216
32392 95682 3675
32492 73866 17758
45837 82235 3526
25289 94277 211
32737 88633 3575
49664 88987 1491
32715 79591 17919
29486 85303 7843
37383 77522 2588
39018 73414 2600
35689 80857 3987
41503 91861 6343
49128 76486 350
49049 91454 1502
49533 85833 899
29700 88230 1783
41022 95070 1154
34446 87878 1148
46491 88468 2428
32933 76415 14743
43349 99631 138
45265 99145 327
44761 95526 30
47862 90712 858
43058 94699 1853
32423 76650 16848
47571 85242 2583
30867 90937 7811
39783 96564 1774
45447 91300 1682
35077 84578 5028
34030 79566 2135
49840 95502 1116
42221 73477 9193
48928 87587 307
31923 74545 11679
51450 87886 28
27948 92261 3361
24549 97491 1825
36853 87377 8882
33184 79369 14610
40930 82023 1257
26335 83940 15250
36842 93864 1192
31711 80538 2285
31303 87844 7253
29927 73150 6198
37018 87848 1699
45124 85727 5632
43870 78986 7221
41539 93762 5327
28764 88063 859
44991 75665 818
45727 97960 826
24464 96470 3348
28194 83132 2916
41841 95537 2390
46236 85373 1967
29057 99738 5
28376 95285 3890
45863 80641 1354
26268 86666 4571
38226 73086 10866
43521 82949 2997
40216 98979 454
29669 94429 238
40618 94228 5286
30749 86023 3723
25258 96790 500
49658 79231 1600
31612 81045 14111
32060 73784 12330
34697 98981 55
24231 86238 11022
30048 83457 14175
25865 73850 10579
23983 91612 3886
26077 73633 14783
36672 78287 4798
24933 75548 2125
42059 90430 5682
41425 98202 58
40673 95538 1503
41170 84461 7596
28375 89170 7346
34390 85174 3714
50131 74703 864
33607 76868 6782
49197 81590 661
50914 95956 111
24295 72402 25977
48072 92725 2997
25321 83640 7753
39746 89299 1694
49088 97138 1846
41743 84978 3236
37038 76069 8786
29238 72217 1264
44979 94868 1471
47350 89731 111
38577 96162 1121
24037 99583 173
46401 98771 820
33208 88277 5164
27435 94160 2916
34763 76845 7642
30160 79919 1214
44656 87395 4294
36004 74151 13868
39450 88797 10602
34406 86485 1466
43734 84256 4554
38481 92017 2881
46559 83268 3178
37677 72408 6952
29182 90984 3528
31519 86887 203
36924 74432 13854
47501 94997 2447
48947 86696 2102
27400 73707 6434
34541 76329 8349
36772 77531 6896
48437 80992 2737
42702 88377 5673
45616 83313 456
28962 77938 8780
39993 84444 8161
30662 74794 3842
43184 88422 8068
38650 90488 3805
33523 89803 908
37992 88353 11400
35417 76422 11805
48284 94809 370
38279 76267 5299
27388 80056 12038
51284 81938 14
42332 96249 2945
34201 98428 713
24999 75290 343
28249 93106 1840
33298 73158 9923
37387 93534 2580
43351 97921 259
45749 87061 4553
41452 85196 6113
38679 97926 1665
32629 75554 11674
40681 78299 10163
49704 87415 15
25650 92556 1987
46476 75715 1634
39047 97592 1843
30407 77971 12527
28165 98771 120
31097 79224 4814
25850 85097 11693
49401 76942 1249
38424 92065 4176
47018 78818 2603
30917 73550 10482
43484 90686 3899
40582 98926 388
45540 94500 772
30594 77456 19611
34525 90964 4759
33129 92456 2255
28825 73797 21472
50412 91463 980
36643 80667 1377
48123 92784 2797
30525 97224 1519
32860 94310 4276
34475 77939 9308
28607 80962 12553
43588 94688 4510
32728 72164 8334
26552 90840 7186
42296 80564 356
42419 88943 3559
24931 75951 11875
48826 95870 2627
24557 97398 2327
45666 77954 455
28566 86797 188
43890 77278 1277
48044 81641 202
48084 86797 2594
32300 92750 6955
31652 80823 2004
43658 77034 850
37207 78386 1055
40230 75555 1408
31341 81622 16933
28416 74182 15592
32383 90473 8734
31961 72076 19435
28271 84207 4860
33292 72818 3924
27296 94988 4677
37098 83322 3770
40714 94243 5531
37674 91668 4595
43368 95656 2225
48507 80052 2826
25537 98250 1344
35725 78935 4704
31821 72318 16603
34367 72375 11415
51377 92388 144
51571 89652 15
39568 76074 6903
24009 97473 567
39231 91005 3357
35485 87796 7664
40700 81461 4147
34716 97834 1503
47215 95411 2066
35859 75598 2660
36701 74532 14152
45272 77310 4885
34941 72962 4654
45192 74667 3950
28980 75159 16471
28395 86544 3660
45341 86859 932
35566 76331 14747
38356 75758 8515
49233 88700 1885
39297 87393 8016
40826 81210 403
42012 79128 5667
31576 72873 4782
29757 75402 20901
50152 74750 1334
51512 78271 5
46445 84003 3090
51050 72125 137
41049 72909 6446
46190 83084 3905
34091 92680 5280
43036 98249 283
36411 96865 177
32738 74925 15481
48243 87306 1840
37887 90396 2637
26127 92748 3140
44350 90036 4715
39693 76397 884
32441 89395 3473
36233 81935 5916
25738 90235 3777
39625 87637 7514
48920 94387 194
24011 96441 3278
42180 98034 1173
32727 78390 15655
46416 88160 3442
43827 98884 763
26307 83855 620
32574 98701 435
36448 80115 12680
42941 72954 6468
51297 81087 19
47070 95028 3462
36446 96078 2086
30795 73033 17302
28288 92036 1826
25560 96384 870
45368 85511 1826
27707 78085 12022
38481 82900 12447
42984 87250 5686
35466 91942 7163
41807 94884 4722
26006 87298 3740
31920 91782 3632
39056 82142 452
44239 98624 955
26805 72062 19416
24358 90698 1777
50849 99477 246
44299 92085 1373
34126 97112 2605
39948 93037 8
45381 93523 5147
46613 76545 3213
49220 83624 1179
43416 93499 2406
42300 95169 222
38947 80676 11838
43535 74567 350
48710 80121 779
43407 87702 658
46273 90793 2849
36024 82569 9469
41652 99176 250
28091 75341 6369
32652 93266 849
48218 95385 274
50538 79802 46
42942 95517 3245
33859 81294 1230
50653 96877 751
31398 73232 1160
48106 80359 159
38443 84146 4808
36381 92147 1941
47887 73666 2054
35878 98943 716
46223 81630 4570
42638 72196 6576
50876 93781 9
37134 77856 8045
39167 87936 5186
27837 82806 15517
46637 73686 1651
36318 99325 232
44550 94083 5729
24397 82013 7946
43844 83465 3200
42359 79619 7056
42317 98578 1055
45714 96240 201
42001 84562 7167
37358 78774 1546
24800 72267 23079
30735 90972 5981
25878 79693 2714
37206 77221 3340
34361 82888 7856
44317 83054 2190
29279 86262 8353
41113 76349 7828
33232 85694 288
41117 78213 6846
33763 98041 1422
24388 90702 2044
43249 92466 3981
37885 74680 11834
25740 90806 5482
23853 92302 6761
41072 79809 7648
35993 77713 3009
48030 80751 3282
35384 94591 5176
27497 88262 9773
27166 78318 10156
46108 83266 2123
47115 88444 2012
29994 84980 1197
31132 94491 3723
29644 98566 90
24894 92067 1506
43574 83855 5140
33221 88779 9629
48337 77415 909
46600 95553 1608
35469 93554 4828
24294 84818 9584
27248 84189 2660
46232 78984 1905
42835 87973 2988
30005 80288 6725
33453 96733 2642
29934 95772 3020
35125 79868 13502
42694 95715 833
37700 99749 26
44162 74808 6442
43732 77167 2736
38642 94931 290
26324 73069 8571
34492 97960 330
33670 79916 8000
27830 97327 2174
50574 76581 505
50148 79933 1370
28151 99695 21
27631 94974 2065
27385 96075 3517
33531 94812 152
27743 85319 11190
50048 86587 1375
26383 76635 19257
29240 82763 15157
35086 75476 11092
38694 78477 2142
23863 87237 9225
28702 76824 21403
48017 76917 767
29620 89954 7244
48580 97957 1036
45664 76583 4668
30397 94640 1109
35391 94074 3846
49142 79300 1220
40172 76342 4903
32129 75720 6679
24089 85916 13637
44789 90617 1846
28702 77539 7744
44967 96487 2306
32047 76263 11699
51212 78702 268
27323 76805 16317
39033 74358 11108
26312 99636 78
44432 90387 3552
35015 91608 6885
39084 86489 7473
29151 88713 6883
46500 90305 3
44700 78125 1132
51323 73232 174
26780 95916 1798
50126 75877 638
37712 86311 10984
29655 89184 10056
50492 96148 969
28690 73404 18189
38431 75699 7161
35093 94977 3811
35991 74225 6627
32601 91327 4591
28134 85369 13620
40078 84489 5435
36129 95985 2684
30375 88116 5039
28501 94813 1943
42758 81099 7853
37057 84864 4458
49161 83500 2275
48109 77287 1810
25478 74817 11791
44896 77650 6231
48005 73548 1681
31244 97739 1570
36535 87014 11130
25755 75770 22029
31276 99494 101
45338 98115 929
28926 85077 11385
40803 83216 8167
27289 95331 1514
35564 98359 1025
48616 78664 1182
28619 88352 2213
28659 81492 16478
31071 80339 3850
42277 76426 2291
42192 85548 1205
26837 84822 3568
35798 82512 8915
36676 80521 10688
30586 79486 15216
34300 84080 4478
43503 80687 3548
50966 84412 173
50532 74660 735
48606 96367 2778
31433 95032 1105
43824 79614 3179
29524 93048 4644
34255 79018 427
34522 81267 4090
31061 75379 214
44058 93721 4979
35862 95694 2651
26582 92605 6072
44736 93409 3209
36742 89638 5376
41665 98670 425
43003 78160 6294
44661 81444 2967
37537 73929 4337
34546 96717 1779
29535 92072 7702
48937 78578 2411
51013 97380 401
41275 91647 5717
35205 94596 2366
46616 99382 357
25215 87561 2561
41240 72435 4478
47081 97593 1939
29736 98606 986
33181 99258 2
48580 97919 1110
46621 92758 4442
44780 91179 5939
36246 77111 10271
44156 76664 2580
41647 93372 279
46471 83873 5053
43298 82457 7879
37713 80514 7550
27807 85475 10854
35577 84199 13307
32156 80801 12322
36855 96658 872
42883 75715 5912
29768 94492 5045
35624 73923 13664
31798 99547 175
31034 82700 16208
41919 91927 4936
32159 98453 872
48556 84668 22
48760 99389 262
47622 77792 2796
39180 92184 2536
44127 86976 1925
27186 88925 3486
34523 97760 1229
33139 73521 7172
27660 92395 1877
30386 76671 5179
38106 91601 5640
42353 75238 1706
40794 95065 366
41882 97288 670
32999 95292 1320
49136 78583 1329
39875 74419 7467
45069 74322 3608
28260 98417 1274
35035 75227 5099
27409 72935 1347
24826 83033 9831
25168 73247 15565
41407 93486 5998
30989 94966 984
28238 90291 2251
42038 93986 3988
33618 75000 5128
28020 72414 1356
29456 92896 6138
25778 94241 3016
33698 90479 4512
39490 96016 2556
49437 98432 168
40503 75524 7321
34943 81776 8454
27414 75444 15955
41954 85261 3210
35639 74510 10837
38514 75024 8626
43027 83504 7980
28945 83387 13422
35787 91902 7540
27220 87018 8584
25642 79620 17309
28138 96139 2831
29410 75300 8935
25199 93416 744
49749 78247 931
25045 84598 6493
36232 79912 14065
32476 97000 2022
40326 95739 1548
48519 76942 1240
41715 84130 7256
44582 82832 4847
36537 87462 986
47328 72464 2334
50386 87432 119
26466 95905 3017
36484 94610 4919
24939 81971 3399
38775 92922 1822
25990 74555 25095
29618 79165 9407
37781 86274 5035
38354 77418 9924
35268 96748 2369
50545 83872 243
33425 75353 9484
48210 93107 1266
35883 82348 3595
26529 75071 12874
47382 95756 1363
26749 96293 321
32559 86858 1250
38767 81807 10535
26247 78901 2860
45942 98054 1409
31604 88439 3629
50338 96069 141
24977 99553 142
40850 92304 93
33851 79622 4121
44962 93372 1516
43695 86787 5524
25082 78142 16149
33166 95314 1200
46385 91220 2673
46791 92247 1015
32762 91491 5604
27553 96006 470
38095 88764 5193
45451 81342 1183
38992 75142 1258
50829 94682 294
41645 74174 7399
30182 98965 551
30699 84880 5336
36013 74715 15038
38177 89296 5721
38761 89274 2398
49265 89629 640
25165 91016 7518
47527 75007 1187
31466 87618 78
30510 80989 4953
36555 82238 4745
31109 85019 3571
30149 93503 2693
32904 81771 2104
31917 81901 2228
43583 74667 81
47755 79448 3757
28612 95157 2643
51081 72606 41
38615 78850 12656
37326 87273 8669
25285 85688 13340
24863 85403 4971
42010 75864 2683
39635 74066 5748
34450 88798 10912
25741 93012 4490
32863 96878 748
39364 77160 2055
25022 90977 2331
44413 98516 1135
25685 98630 1057
51390 79805 135
35760 92417 5752
27447 97416 714
37303 96814 201
44516 74290 3229
29771 76973 18814
34373 91367 5006
43402 88440 2637
26751 84916 14099
46071 82646 4520
29426 75864 14954
44753 89571 5706
39090 90451 2419
50858 97808 722
25508 90985 7584
36077 93199 3416
45184 88838 2905
39889 81440 5458
51364 76034 219
26842 90290 7922
29092 91927 6168
37831 73637 13353
26316 97497 2212
30329 75620 10675
44330 80699 5901
49782 81605 411
26146 84924 5664
32330 95057 2353
38713 74682 6658
30007 88842 4597
44349 84493 4334
39319 75679 5821
30699 98968 787
24466 89029 6213
44065 94946 1328
39886 94494 2887
51247 79014 123
35230 89241 7033
27517 84978 5905
42613 95065 2425
45161 80012 2725
36845 86454 8091
47485 77742 2097
50694 83907 543
26550 72372 13760
29247 96392 1953
34677 93097 2985
24488 98908 920
35298 72541 9106
49211 85692 657
43639 92141 909
25722 87602 4956
41467 77595 6875
26635 87570 11177
24814 76050 10201
27941 98503 97
25611 97541 1057
35916 81429 2379
35659 72979 5470
35876 82236 11035
49597 78020 204
34615 76882 9903
27507 74775 5276
42321 89318 4497
36888 90501 491
33435 73367 6314
43967 82762 2546
48400 74105 1950
26786 85631 1909
39691 74687 6687
38174 92910 1155
37889 78042 11283
35856 75250 5507
29714 87617 9573
48539 93161 1573
27830 84685 13305
