418
1429 1254 523
1839 525 16
1775 1307 163
89 328 750
558 1787 508
1059 524 825
1598 839 333
420 522 481
292 433 1083
1624 7 46
1339 593 501
984 1589 654
141 1922 1320
250 1595 893
1989 314 1
1290 824 231
1010 192 222
1755 1780 93
1335 266 233
1859 1444 71
1282 638 459
265 1231 1732
1963 1353 23
1024 934 667
479 350 87
1638 1181 58
1737 504 151
1712 1256 257
1141 1131 113
44 847 479
259 24 866
834 1993 570
1623 1635 274
1105 1699 805
387 26 854
1532 192 312
1066 51 631
1391 658 426
1531 1488 27
1943 374 18
114 1428 449
1470 789 332
787 907 862
1963 481 1
440 1155 1090
934 1124 456
470 1536 698
1356 1580 184
73 1267 1409
1774 389 224
284 1420 14
179 140 925
150 669 1803
568 1031 131
116 1115 329
1701 1244 134
1394 136 161
1805 560 20
1731 548 240
1788 1685 170
377 1733 915
1407 940 472
843 1711 399
933 1633 961
1826 1546 12
1393 1350 454
1951 1997 5
170 488 519
1934 1972 4
527 842 341
900 1462 570
1779 1012 101
1941 74 32
593 114 780
1453 1950 472
1790 1452 66
291 1415 1162
233 1513 1718
1764 1123 85
1640 919 282
553 358 249
1660 1108 237
1940 1369 17
46 1735 347
838 1965 1056
235 72 61
1883 1441 45
1163 1166 249
1968 611 8
1229 1184 330
1210 424 739
1681 115 77
765 238 142
1941 1716 49
612 1088 190
1874 1985 83
773 1394 166
1741 1837 118
941 1590 437
1199 511 499
1167 885 538
1101 1578 606
344 1114 564
166 1377 184
569 838 812
1092 1782 487
1846 1087 59
1589 1961 90
707 1559 729
218 919 993
939 1866 133
460 1196 829
244 1565 193
435 1506 169
434 1660 395
385 104 1415
1285 1320 155
1582 744 365
631 1492 172
663 11 251
975 372 714
395 61 1191
434 1243 772
411 1869 466
766 1694 512
1303 1102 560
1569 1496 117
1930 150 7
1183 1193 597
1319 509 323
1667 1725 80
597 1774 433
1775 1647 221
532 15 1056
87 397 155
404 691 26
1157 1015 760
1809 98 114
1745 1937 84
1967 670 8
1075 494 874
1997 97 2
1669 1228 290
902 1432 130
1965 1277 16
1605 298 200
1624 1078 328
1325 380 113
882 178 556
127 1438 1683
395 589 1119
1533 1090 407
641 1810 237
1840 361 67
517 1035 758
237 45 808
1813 535 92
1346 334 572
339 26 1232
1908 114 91
1398 595 578
1889 1985 49
1174 531 641
1712 369 222
940 1911 882
1700 830 140
180 866 1759
1977 620 8
896 517 263
1387 85 288
906 666 644
1448 273 461
1569 1047 302
1583 1944 356
1779 1069 216
1622 930 96
193 1919 75
519 1435 804
1078 250 517
649 718 521
59 309 607
331 1666 944
1141 1358 479
844 212 1081
1174 1003 794
1471 1308 129
91 346 1497
1303 610 340
1020 1240 155
442 1611 12
1599 1758 47
852 1576 872
756 1116 732
795 1803 494
37 640 1918
313 1848 372
1779 958 108
511 1346 1047
538 708 81
1485 1856 73
153 624 785
590 811 1366
1433 1648 111
94 627 813
1897 174 5
1391 1012 57
309 1140 583
201 1044 184
911 1407 683
1708 1052 100
1450 369 1
186 78 628
1974 561 17
1734 913 133
1326 1376 515
368 92 249
268 58 330
637 687 1199
1137 722 649
996 1299 735
1737 821 156
914 1227 504
550 1254 91
1811 427 29
1675 1559 169
1430 404 103
79 107 1514
1075 1672 413
707 1107 339
1341 1873 16
1757 1756 199
402 112 1371
84 670 1042
887 811 977
826 1524 568
1322 1157 301
1418 470 305
379 1995 1353
1133 1329 45
70 126 1835
1698 1288 227
1258 250 385
280 1070 1227
1148 1048 571
1308 1672 135
461 219 171
733 326 750
1875 1678 83
585 896 1041
1962 929 22
985 1081 926
979 1297 502
961 121 693
622 1162 424
1418 309 542
683 1893 409
1488 1630 483
241 478 658
1 1969 1766
522 173 82
1404 693 285
1367 273 192
1731 1536 178
650 522 791
1740 1679 130
287 612 1515
673 630 832
931 1563 317
1597 12 207
1809 203 84
111 1665 1434
20 626 1708
1038 581 15
1178 746 487
1205 422 671
1414 724 149
1148 161 12
1118 1478 261
603 1659 1141
1746 1392 116
221 1490 685
1941 1826 39
1464 960 185
932 705 925
595 941 595
1665 177 121
1008 956 875
1120 1357 357
977 748 625
1221 659 472
1923 1438 30
1397 1069 328
383 1607 960
775 1748 20
1046 1298 819
1000 1468 216
1633 1943 236
1431 1356 29
20 813 60
297 1805 901
1822 1514 110
1658 997 56
777 1084 527
1266 1364 558
1848 312 37
776 370 412
1586 58 287
1757 603 86
989 282 970
72 1479 1438
57 1769 361
1900 1277 68
1132 1538 669
1282 823 301
237 1648 1506
1986 803 9
1565 1984 137
1229 1359 114
286 738 110
515 1825 787
653 1056 1017
919 573 370
1848 1716 18
1499 516 387
1158 428 747
1852 873 133
174 1075 764
1290 818 158
786 1549 1081
953 535 321
402 637 145
790 387 901
1563 1812 243
642 1218 850
1575 1945 358
1093 1960 411
250 1745 75
46 1406 1007
1549 443 222
18 534 1597
826 1054 578
1109 1656 312
1802 1668 109
54 1072 511
555 586 838
19 1925 1096
1276 203 158
856 98 593
1781 620 134
1554 1164 138
1003 1230 348
49 1071 480
1757 1622 41
951 232 957
1028 1456 703
1945 1695 17
19 95 451
1972 831 13
1448 734 207
1457 1566 279
259 847 1533
1080 1811 462
1537 955 378
373 1917 1266
1889 658 1
883 1579 617
1625 1313 156
64 431 216
550 1305 379
63 800 1051
1435 1267 513
223 1705 1562
348 1360 487
478 575 287
135 175 351
285 1187 608
392 1595 841
371 207 247
1521 1346 25
1651 1161 257
954 1465 566
51 923 1899
364 824 181
1815 1435 63
986 840 916
1029 787 177
1252 849 336
1892 1945 17
397 1178 677
1445 891 480
837 45 6
403 1903 1325
155 1868 1206
508 1957 693
682 1885 1070
1394 978 380
1334 1840 595
214 1039 323
29 1991 1614
1801 952 133
1463 1202 445
1383 1198 337
673 1980 1052
1652 1662 86
241 116 410
316 147 1077
220 1607 1412
936 1603 82
1578 959 246
367 910 482
697 255 1035
413 1258 1093
1262 795 456
534 1825 929
724 763 715
12 1299 550
1944 15 9
1484 1626 199
