107
205 351 191
925 597 49
220 239 188
401 516 23
906 712 92
49 831 424
581 191 312
491 244 258
448 23 76
963 379 21
1 435 806
967 593 3
103 68 362
177 772 475
696 214 192
8 386 954
540 358 176
97 373 555
710 431 93
921 364 67
653 340 110
719 952 142
215 306 557
973 693 2
149 555 309
710 390 260
722 129 170
750 454 121
554 967 34
972 860 25
982 72 12
377 756 232
397 204 3
631 583 109
860 363 118
230 953 260
612 54 366
234 716 402
301 263 69
118 661 31
798 332 177
418 7 72
485 584 281
507 143 166
435 809 230
824 407 122
614 689 278
766 453 227
813 140 175
813 230 100
784 367 80
692 822 224
713 733 252
56 892 928
143 143 532
605 26 66
116 904 57
199 910 421
954 840 10
20 951 223
717 822 254
54 904 796
160 571 578
490 851 482
331 341 368
623 920 79
36 384 149
515 715 280
237 387 675
376 785 189
458 38 502
865 930 76
187 645 810
559 225 112
17 521 804
39 789 369
490 863 131
756 757 122
575 130 212
626 929 128
670 441 152
958 295 16
327 870 17
624 428 298
763 442 41
996 910 1
654 489 169
487 850 91
849 950 62
451 436 99
107 341 229
146 98 110
738 365 82
137 574 58
270 935 122
58 631 59
655 922 323
643 879 272
621 317 253
615 671 384
700 365 286
385 659 116
287 358 341
5 856 460
897 111 85
405 46 137
865 605 48
