100
102.0000000000 105.0000000000 32.9000000000
286882.4064086517 -204729.0240960471 0.0
-217925.2997223094 481077.4508337323 0.0
216231.6854059897 -485220.3454900979 0.0
-164066.9948047554 -586043.1383032672 0.0
-269796.7745147572 -306100.0785164933 0.0
-67463.2081182886 682070.9528071299 0.0
269809.5773618924 -306038.6334047193 0.0
205624.1198485668 509707.6880688696 0.0
152634.4839775315 602626.9345996485 0.0
299976.8092299735 8703.6536772455 0.0
149238.0724169090 607240.7438865474 0.0
292191.2669797834 -158671.1874484457 0.0
-279544.1756989530 254055.4702787150 0.0
98543.0199006670 661158.4436270411 0.0
48293.8650861804 690870.4193629667 0.0
34749.4431982285 695288.2163113880 0.0
50581.1920586400 -689978.7120296154 0.0
105670.6720074390 -655137.9621285306 0.0
-222513.6821740701 469502.7394336729 0.0
176069.9679581248 566761.6540759362 0.0
244591.9341294555 405320.7923199426 0.0
284065.7136538604 -225099.1993642476 0.0
43510.9298585999 -692598.4206160931 0.0
97783.2191113095 -661772.3392486147 0.0
-220474.9049152666 474710.4379195108 0.0
-282432.0963998316 236025.7601846350 0.0
114877.0400316699 646646.0493280818 0.0
-299034.5421314265 56113.7614337148 0.0
61590.4298088036 -685089.1530663383 0.0
299993.3462603738 -4662.1141564573 0.0
-296956.9248284836 -99449.9623060693 0.0
-113193.2288560509 -648260.6946554023 0.0
-235572.7444349235 433431.8633996088 0.0
293269.3571157841 -147445.3287259152 0.0
170267.2915079249 -576333.5668676229 0.0
-134504.5440009485 -625701.1937295939 0.0
-221322.8384822730 -472557.3283436197 0.0
42064.8693678145 -693084.6342008846 0.0
256457.8827139879 363201.5610127771 0.0
-42835.2711711862 -692827.6872226725 0.0
133607.4567093618 626746.7438262395 0.0
282821.0528037404 -233476.2306384413 0.0
-180274.2578742100 559519.4769171964 0.0
296094.5001175628 -112582.9585517563 0.0
-25304.5865427783 -697505.4135269850 0.0
53262.1267130549 -688879.4562381015 0.0
206324.7880156919 -508163.7980310101 0.0
215105.9127339489 -487937.0256541359 0.0
153224.7876579308 601810.7914094594 0.0
-230803.1874536142 -447184.3448364618 0.0
-282513.7880718229 -235492.8680015000 0.0
-130328.8772528777 630494.0570647940 0.0
-249721.6691704610 387916.8452400912 0.0
-18260.7303350858 -698702.0300094418 0.0
100984.4003969247 659149.7379155468 0.0
-161853.9864249181 589383.9596316516 0.0
299442.3947124659 -42659.3225376288 0.0
291060.5807972777 -169608.4304087958 0.0
-52508.1322434176 689194.5303812657 0.0
-292339.3360256874 157179.2741464883 0.0
167759.0872586985 580324.3866306625 0.0
-57955.1322107661 -686813.8135114444 0.0
-265486.0094327771 325975.7593198731 0.0
-112353.0889479829 -649055.9286625875 0.0
-233950.7822106205 -438188.7649618220 0.0
242687.5760247492 -411505.9445659923 0.0
-286606.5784994767 206821.6593214607 0.0
263586.9350485019 334261.1181422068 0.0
238220.7986279890 -425479.0377329106 0.0
21372.1087034935 698221.4242478876 0.0
261562.5856297618 342809.5804662475 0.0
299052.6147467769 -55586.9159691742 0.0
-261477.1821573962 343164.1132073312 0.0
-182898.4420307570 554863.3300425700 0.0
27452.3160718287 697063.0568298146 0.0
244772.5472731567 -404726.7397707446 0.0
285333.0846048673 216196.0300446772 0.0
-254229.2219737117 371634.1737720964 0.0
299424.7009747177 -43330.2227907224 0.0
263406.9919561537 -335032.5146479450 0.0
-238929.4094045497 423310.2524886527 0.0
-244752.8560741212 404791.5695123526 0.0
192807.5062002050 536287.4449076350 0.0
172995.7350268563 -571892.6965653773 0.0
-137090.8697326964 -622637.6312253033 0.0
278515.1756354832 260135.7658557168 0.0
-223801.8913807135 466157.2168397876 0.0
260430.2772410419 -347471.4159485397 0.0
68507.4670465543 681504.0246872598 0.0
-237667.7487350832 427159.6135909687 0.0
171986.1337787813 245806.3664509672 0.0
191518.0160122674 230913.0778945291 0.0
-257161.1066910795 -154493.2529446487 0.0
176872.5518018888 -242314.0532843445 0.0
290895.8275015614 73345.8761088981 0.0
-47880.6608853595 296154.4230856281 0.0
-194194.0885720770 228667.1291717730 0.0
254434.1390740253 158944.2319609603 0.0
206240.3559795005 -217864.4430958134 0.0
-273127.0314794880 124103.2822902069 0.0
