4000 1 3 2
1 1 3706
1 1 1338
1 1 3130
1 1 2494
2 991
2 3714
1 1 2270
2 1450
1 1 2054
2 579
1 1 1108
1 1 1399
1 1 1779
2 1271
2 1101
2 914
2 1136
1 1 3800
1 1 2197
1 1 3847
1 1 446
2 2496
1 1 2686
2 2083
2 1499
2 1558
1 1 1797
1 1 3218
2 604
1 1 233
1 1 1443
2 3884
2 3778
1 1 4000
1 1 3876
1 1 3595
1 1 628
2 3242
2 2746
2 1108
1 1 1682
1 1 1670
2 3297
2 740
2 1769
1 1 2520
1 1 763
1 1 2298
1 1 792
1 1 3011
1 1 1519
2 3976
2 3285
2 2135
1 1 1439
1 1 3373
1 1 2623
1 1 270
1 1 3752
1 1 981
2 2519
1 1 2273
2 741
1 1 2774
2 2490
2 2475
1 1 3404
1 1 3942
2 1861
1 1 1177
2 1296
2 304
2 1238
1 1 112
2 1615
2 420
1 1 3238
1 1 1798
2 3664
2 1896
2 3968
2 2365
2 2728
2 3235
2 314
2 2670
2 723
1 1 2120
1 1 1184
1 1 1604
1 1 2357
2 319
2 1479
1 1 284
2 3936
2 2792
1 1 3149
2 1326
2 3858
2 1562
1 1 461
2 2126
1 1 3826
2 396
1 1 1595
2 2856
2 2069
2 2201
1 1 2829
2 474
2 1959
1 1 3581
1 1 355
2 1072
2 115
1 1 3940
1 1 2053
2 2294
2 985
2 183
2 3360
1 1 2856
1 1 2572
2 2671
2 2243
1 1 1082
1 1 2213
1 1 2913
1 1 263
2 3315
2 597
1 1 2278
1 1 3984
2 3097
1 1 1154
2 2275
1 1 652
2 3508
1 1 1107
1 1 1922
1 1 128
1 1 611
2 2882
1 1 526
2 2916
1 1 3428
1 1 1484
1 1 3522
2 3627
1 1 3267
2 678
1 1 1133
1 1 1203
2 3280
2 1700
1 1 350
2 3036
2 2267
1 1 1291
2 238
1 1 1869
2 1628
2 563
2 2553
2 218
1 1 1777
1 1 1816
2 1373
1 1 3849
2 3601
1 1 3955
1 1 2274
1 1 2553
2 2596
2 471
2 1068
1 1 3435
1 1 782
1 1 168
1 1 2566
1 1 744
1 1 627
2 2254
1 1 506
1 1 3313
1 1 3162
2 1857
1 1 3769
2 3611
2 524
1 1 3754
1 1 2151
2 892
2 3586
2 551
1 1 2083
1 1 426
1 1 1488
2 3807
1 1 2171
2 2586
1 1 3513
1 1 2801
1 1 2888
2 744
2 2940
1 1 866
1 1 3063
1 1 1135
1 1 537
1 1 1011
1 1 2429
2 1825
1 1 2333
1 1 2581
1 1 2142
1 1 3408
2 3120
2 1719
2 1919
2 2970
2 584
2 1390
1 1 1377
1 1 3687
1 1 3624
1 1 2834
2 2218
2 3008
2 3224
2 243
2 835
2 3735
1 1 1326
2 2526
1 1 610
1 1 1558
1 1 1620
1 1 3244
2 380
2 3958
1 1 666
1 1 3714
1 1 2767
2 97
1 1 2558
2 1755
2 2793
2 1965
1 1 1665
1 1 728
1 1 1186
1 1 864
1 1 1775
2 3375
1 1 3990
2 3561
1 1 2487
1 1 1538
1 1 3203
1 1 3208
2 2964
2 2362
2 1527
1 1 794
2 3309
2 2510
2 482
2 2094
1 1 921
2 3201
1 1 1191
2 209
2 3571
1 1 341
1 1 2788
1 1 930
2 640
1 1 3538
2 1924
2 512
1 1 36
2 1552
1 1 891
1 1 976
1 1 2709
1 1 860
2 3273
1 1 1859
1 1 2255
1 1 3144
1 1 1032
2 880
2 3342
1 1 1261
1 1 3892
1 1 1670
1 1 1904
2 2612
1 1 1408
2 668
1 1 1627
1 1 3833
2 2901
2 1025
2 3218
1 1 2990
2 3549
1 1 3639
1 1 2204
1 1 3092
2 1412
2 3768
1 1 1274
1 1 916
2 364
1 1 279
2 2699
2 950
2 1536
2 2968
1 1 63
2 248
2 3373
1 1 2641
2 3094
2 3126
2 3233
1 1 299
1 1 1049
1 1 2843
2 848
2 1382
2 2462
1 1 3009
2 3459
2 2641
2 3018
1 1 1483
2 1670
2 2393
1 1 2108
1 1 276
1 1 2341
1 1 1466
2 2332
1 1 3762
1 1 3535
2 1622
1 1 2996
2 3079
1 1 2948
1 1 288
2 3432
2 954
1 1 830
1 1 2021
2 1945
2 569
1 1 2070
2 228
1 1 2497
2 3204
2 3829
1 1 603
1 1 2995
2 71
2 394
2 2330
1 1 84
1 1 2560
2 130
1 1 3332
1 1 1017
2 908
1 1 2366
1 1 2797
1 1 612
1 1 2850
2 2789
1 1 2400
2 1093
2 328
1 1 2693
2 3703
2 3834
1 1 3302
1 1 1960
1 1 2575
1 1 981
1 1 2064
2 156
1 1 496
1 1 2865
2 2375
2 85
1 1 3034
2 2604
2 713
1 1 2976
2 2812
1 1 1950
1 1 3912
2 3320
1 1 762
2 2413
1 1 1748
2 1776
1 1 3515
2 2683
1 1 1324
1 1 2223
2 723
1 1 1343
1 1 1901
2 163
1 1 344
2 2954
1 1 3470
2 2719
1 1 480
1 1 1278
2 3193
2 2717
1 1 776
1 1 3813
2 2807
1 1 2144
2 927
2 2999
2 1975
1 1 2920
1 1 1166
2 1120
2 2217
1 1 836
1 1 2320
2 1224
2 2461
2 2186
2 1348
1 1 2761
2 591
2 1200
1 1 1579
2 1573
1 1 2224
1 1 1181
1 1 643
2 2334
2 3720
2 1367
2 334
1 1 3222
1 1 1728
2 3253
2 2465
1 1 2091
2 3594
1 1 527
1 1 1512
2 3484
1 1 3959
1 1 1500
1 1 1268
2 324
2 868
1 1 496
2 1462
2 1297
1 1 2705
2 1171
1 1 1255
1 1 1935
2 147
2 2438
2 2241
1 1 1680
1 1 3816
2 2866
1 1 1507
2 421
2 2158
2 334
2 2757
2 1883
2 1185
2 1430
1 1 1227
2 1739
2 2272
1 1 762
1 1 1604
2 1754
2 528
2 3484
1 1 1547
1 1 1084
2 1760
1 1 360
1 1 667
2 3961
2 3942
1 1 1611
2 927
1 1 3679
2 2044
1 1 2978
2 309
1 1 3701
1 1 2011
2 1594
1 1 1813
2 1618
1 1 3660
1 1 3121
2 1649
1 1 634
2 2173
1 1 1787
1 1 1099
1 1 2488
1 1 119
2 2931
2 966
2 980
1 1 3167
2 2976
1 1 2140
2 477
1 1 3938
2 336
1 1 2156
1 1 1861
1 1 2999
1 1 3234
2 545
2 1840
2 521
1 1 2047
1 1 2511
1 1 3539
2 2624
2 217
2 2972
1 1 2549
1 1 459
1 1 2671
2 3302
1 1 1497
1 1 2343
1 1 783
1 1 2377
2 2023
1 1 3380
1 1 428
2 2737
2 3330
1 1 3543
2 1034
2 1869
2 3010
1 1 781
2 3630
2 3243
1 1 2268
2 748
2 2588
1 1 3590
1 1 2324
2 2661
2 1274
1 1 1521
2 666
1 1 1967
2 1289
1 1 94
1 1 1438
2 3233
1 1 1550
2 3404
1 1 405
1 1 1833
1 1 995
2 366
2 3133
1 1 2774
2 2117
2 3626
2 2901
1 1 3516
2 2192
1 1 1114
1 1 1830
2 3748
1 1 3992
1 1 1897
2 1292
2 1444
1 1 3409
1 1 1750
1 1 1945
1 1 2631
2 3799
1 1 865
1 1 854
1 1 2899
2 708
1 1 3647
2 3709
1 1 504
2 1196
2 3629
2 3541
2 3802
2 3803
2 1978
2 960
1 1 42
2 325
2 1607
2 3618
2 1293
1 1 1576
2 2921
2 3231
2 2297
1 1 150
2 2198
1 1 1614
2 239
1 1 887
1 1 3929
1 1 1710
2 626
2 3397
1 1 1836
2 2380
2 3428
1 1 148
1 1 360
2 2982
2 3796
1 1 578
2 2408
1 1 3605
1 1 2860
2 3252
1 1 1569
2 502
1 1 1565
1 1 537
2 3926
2 1118
1 1 23
2 522
2 1406
2 3474
2 2144
2 1510
2 3083
1 1 2409
1 1 3903
2 2693
2 2807
2 3490
1 1 1096
2 908
1 1 3241
1 1 2222
2 1699
1 1 225
1 1 2638
2 1522
2 869
2 1421
1 1 549
1 1 491
2 137
1 1 3561
2 534
1 1 3624
2 845
1 1 3567
2 2092
1 1 1125
2 3261
2 1475
1 1 2334
2 3020
2 2842
2 1577
2 916
1 1 3721
1 1 2646
1 1 1025
1 1 1685
1 1 2007
1 1 2757
1 1 2223
1 1 3983
2 927
2 1244
2 1562
2 1904
2 641
1 1 3129
1 1 2229
2 1998
2 1532
1 1 2649
1 1 2732
1 1 2952
1 1 2679
1 1 3541
2 935
1 1 3735
2 3897
2 2888
2 435
1 1 2483
2 639
1 1 3198
2 530
2 2335
1 1 3814
2 2869
1 1 2024
2 1327
2 3743
2 3311
2 85
2 561
1 1 3256
2 1421
1 1 814
2 2367
1 1 3842
1 1 1042
2 3592
2 1829
2 2721
2 3851
2 834
1 1 1237
1 1 3604
2 1694
2 3399
1 1 1766
2 1199
1 1 2082
1 1 1549
1 1 375
2 211
1 1 3604
1 1 1169
2 1045
1 1 1933
1 1 1738
1 1 2891
2 15
1 1 3435
1 1 1823
2 3562
2 2842
1 1 179
1 1 1779
1 1 3113
1 1 2284
2 3294
2 2652
1 1 1839
2 3849
2 2086
1 1 3452
2 144
1 1 1263
2 419
1 1 1899
1 1 2336
1 1 3324
1 1 2904
1 1 434
1 1 2705
2 146
1 1 3945
1 1 3068
1 1 621
1 1 301
1 1 970
2 2813
1 1 3976
1 1 1975
2 1493
2 3162
2 2108
2 3452
1 1 2319
2 1043
2 1266
2 1227
1 1 2124
2 906
1 1 573
2 1883
1 1 60
2 2315
2 1870
2 2284
1 1 3650
1 1 1031
2 3362
2 3056
2 3378
2 32
1 1 3150
2 1707
2 2907
1 1 3804
1 1 1263
2 2174
1 1 898
2 2840
1 1 1604
1 1 3644
2 3720
1 1 2700
1 1 1190
2 2586
1 1 1654
2 3145
2 1397
2 2343
2 1754
1 1 1368
2 2497
1 1 1450
1 1 1217
2 1101
1 1 3608
1 1 2660
1 1 1634
2 29
1 1 435
1 1 2822
1 1 3487
2 1881
1 1 3047
1 1 3015
1 1 2033
1 1 2850
1 1 1870
1 1 119
2 1631
1 1 1836
1 1 3937
2 3369
2 2515
2 483
2 3085
2 2905
2 3756
2 809
1 1 3645
2 1102
2 1159
2 1467
2 785
2 720
1 1 936
2 2992
2 1406
2 2464
2 3983
1 1 3889
1 1 2425
1 1 2793
2 2878
2 1946
2 35
2 3738
1 1 2880
2 2520
2 1742
2 1799
2 869
2 2106
1 1 1680
2 2297
2 414
1 1 3950
1 1 685
1 1 3652
2 2151
2 3327
1 1 2967
1 1 655
1 1 3592
1 1 502
1 1 2579
1 1 473
2 3437
1 1 1083
2 1414
1 1 3756
2 1415
1 1 22
2 2291
2 3675
2 2650
2 3682
1 1 468
1 1 3291
2 1257
2 1882
1 1 3030
1 1 3310
1 1 2557
2 665
2 942
2 0
1 1 2170
2 1937
1 1 2302
2 2190
2 926
2 833
1 1 1181
1 1 438
2 3198
1 1 1856
1 1 3124
2 875
1 1 1969
1 1 3485
2 472
1 1 582
1 1 3122
1 1 3916
2 3099
1 1 1461
1 1 3576
2 751
1 1 2775
1 1 2443
2 1633
2 1344
2 901
2 3986
1 1 2894
1 1 3830
1 1 3041
1 1 1012
1 1 3556
1 1 3910
2 2611
1 1 1647
1 1 796
1 1 2801
2 1947
1 1 3535
1 1 1332
2 2794
2 1970
2 2960
2 3975
1 1 925
2 596
2 2760
2 1830
2 3246
2 1314
1 1 2878
2 536
2 2117
1 1 2506
1 1 1280
1 1 1044
2 2316
1 1 3481
1 1 3425
2 1281
1 1 3367
2 3989
2 3408
2 3307
1 1 3157
1 1 951
2 41
2 3229
1 1 513
2 2897
1 1 3843
1 1 2240
1 1 2479
2 1514
1 1 3896
1 1 1220
2 471
2 3509
1 1 3137
2 2870
1 1 3974
1 1 3871
2 2936
2 362
1 1 3913
2 2489
2 2882
1 1 682
1 1 2075
2 1320
1 1 1151
2 1413
1 1 3190
1 1 2002
2 3946
1 1 1950
2 3648
2 2312
2 2980
2 3033
1 1 957
1 1 286
1 1 784
2 3055
2 1127
1 1 620
1 1 922
2 3721
2 3500
2 47
1 1 1970
2 2200
2 1752
1 1 299
1 1 715
2 1750
1 1 2220
2 2910
1 1 1004
2 1697
1 1 2683
1 1 2948
2 294
2 2614
2 3693
1 1 3776
2 1432
1 1 1707
1 1 2623
1 1 1002
2 1556
1 1 782
1 1 2280
1 1 2391
2 2227
2 787
1 1 1606
2 3680
1 1 1828
1 1 1780
1 1 717
2 3047
2 2262
2 477
2 522
1 1 2246
1 1 2532
2 1885
2 3710
1 1 3816
2 1149
1 1 467
2 461
2 2839
2 3876
2 3977
1 1 1373
1 1 2608
2 2359
2 3289
2 1193
2 843
1 1 115
2 638
2 950
1 1 3941
2 3818
2 2088
1 1 1186
1 1 3565
1 1 3954
2 270
1 1 707
2 844
1 1 1876
2 3094
1 1 2914
1 1 104
1 1 3670
1 1 950
1 1 1803
2 3975
1 1 200
1 1 2657
2 3716
1 1 2951
1 1 908
1 1 1405
1 1 1118
1 1 3089
1 1 2743
1 1 1525
1 1 747
2 946
2 3804
1 1 3729
1 1 3644
2 291
2 2571
2 1213
2 2595
2 355
2 2377
1 1 3559
2 1743
2 1625
2 223
2 3046
2 3227
2 961
1 1 383
1 1 3231
2 1835
2 615
1 1 461
2 466
1 1 275
1 1 3839
2 970
1 1 1604
2 3811
2 1414
1 1 2869
2 1933
1 1 2571
2 3750
1 1 2225
2 191
1 1 3231
2 2829
1 1 2008
1 1 3761
1 1 2107
2 2992
1 1 2685
1 1 2603
2 930
2 336
2 556
2 3496
1 1 3848
2 2000
2 541
1 1 1999
2 213
2 3888
2 1880
2 2527
2 3328
1 1 3152
2 3743
1 1 493
1 1 2508
2 1949
2 2305
2 3060
1 1 594
2 3418
2 3405
1 1 922
2 2780
2 3591
2 2599
1 1 1788
1 1 51
2 3399
1 1 2664
1 1 2444
2 447
1 1 2770
1 1 1816
1 1 3430
1 1 2122
1 1 2009
1 1 3518
1 1 2964
1 1 3687
1 1 1458
1 1 328
1 1 1464
1 1 636
2 2212
1 1 2417
1 1 296
1 1 1376
2 390
1 1 2084
2 470
1 1 2166
1 1 1227
1 1 1943
1 1 2568
2 2966
1 1 1165
2 625
1 1 2372
2 2541
1 1 1582
2 726
1 1 2611
1 1 360
1 1 627
2 2966
2 3870
1 1 1168
1 1 3475
1 1 3702
1 1 1955
2 1851
1 1 274
1 1 3711
2 222
2 3557
2 2857
1 1 2908
1 1 1666
1 1 341
1 1 2700
2 2110
1 1 3367
2 3104
2 3419
2 3641
2 884
2 755
1 1 1199
2 3330
1 1 1839
2 3873
2 3948
2 515
1 1 3508
1 1 900
2 1675
2 2626
2 681
2 323
1 1 3109
1 1 2056
2 2664
1 1 3602
2 2690
1 1 711
1 1 748
2 3355
2 504
1 1 3724
1 1 3575
1 1 1930
1 1 3132
2 1452
1 1 973
2 647
1 1 892
2 2492
2 1004
2 3456
1 1 2072
1 1 733
2 1123
2 2024
1 1 499
1 1 1987
2 2780
2 1341
2 1542
2 2441
2 104
2 629
1 1 1994
1 1 3727
2 1913
1 1 3047
1 1 487
1 1 1708
2 3930
1 1 986
1 1 3219
2 3915
1 1 1174
2 1015
1 1 340
2 389
1 1 1024
2 1293
2 1030
1 1 3214
2 398
2 1285
2 1683
1 1 3424
1 1 1959
1 1 3381
2 2573
2 3208
2 1226
1 1 3398
2 193
2 1859
1 1 3210
2 2869
2 809
1 1 2213
1 1 1288
2 407
1 1 346
1 1 2309
1 1 3242
2 701
2 1393
1 1 1912
2 99
2 2963
2 1524
2 1223
1 1 1966
2 3326
1 1 510
1 1 3914
1 1 2876
1 1 2447
1 1 2396
2 1459
1 1 684
1 1 3495
1 1 364
1 1 1347
1 1 3494
1 1 152
1 1 393
1 1 3584
2 2520
1 1 3596
2 2939
2 2704
1 1 2817
2 2893
2 239
1 1 2013
2 1439
2 3355
2 2755
2 218
1 1 1471
2 80
2 1701
2 478
2 152
1 1 1276
1 1 553
1 1 1567
2 379
2 2323
2 635
1 1 3130
2 310
2 989
2 2881
2 2485
2 3220
2 193
1 1 3936
2 3440
1 1 3069
2 168
2 3292
2 911
2 2632
1 1 840
1 1 2941
1 1 1062
1 1 3632
2 1099
1 1 97
1 1 724
1 1 2744
2 985
1 1 814
2 346
1 1 73
1 1 3644
1 1 3102
1 1 2318
1 1 884
1 1 886
1 1 67
2 1191
2 1760
1 1 3369
1 1 461
1 1 3709
2 3310
2 1183
1 1 1001
2 1081
2 1747
2 218
1 1 3353
1 1 732
1 1 2563
1 1 3668
1 1 3655
2 1660
2 569
1 1 2872
1 1 2194
1 1 1999
1 1 1846
1 1 1873
2 3706
2 2922
1 1 3177
1 1 1086
2 770
1 1 1418
1 1 951
1 1 1841
1 1 122
1 1 3312
1 1 1211
1 1 2363
1 1 3443
1 1 698
1 1 1279
2 3638
1 1 3773
1 1 1316
1 1 319
2 3102
1 1 2112
1 1 3334
1 1 2989
2 621
1 1 127
1 1 424
2 308
1 1 484
1 1 1900
2 1983
1 1 3354
2 915
2 2809
2 2575
1 1 549
1 1 898
2 799
2 1397
1 1 2261
2 2958
1 1 3640
1 1 2889
1 1 2130
2 3990
1 1 467
1 1 510
2 588
1 1 1468
2 2521
1 1 2665
2 2389
1 1 2251
2 2598
1 1 3548
1 1 1591
1 1 363
2 77
2 145
2 3894
2 750
1 1 2508
2 2273
1 1 3606
2 671
1 1 2023
1 1 3878
2 2948
1 1 3574
1 1 173
2 3021
2 393
1 1 1930
2 2936
1 1 1882
2 2503
1 1 256
1 1 599
2 3994
1 1 1255
1 1 67
2 708
2 1191
1 1 154
2 3998
2 3633
2 2710
1 1 450
1 1 928
2 94
1 1 2209
2 1217
2 2547
2 3485
2 1722
2 2347
1 1 3636
1 1 2085
1 1 1489
2 3768
1 1 2494
2 3526
1 1 3506
2 3457
2 3488
1 1 111
2 469
2 805
2 1258
2 2836
1 1 2735
2 550
1 1 3593
1 1 2341
1 1 2000
1 1 2485
1 1 2883
2 2216
2 3239
2 1841
1 1 3179
2 1836
1 1 3238
2 2646
2 1582
2 1893
1 1 1724
1 1 2983
1 1 3715
2 1203
2 2887
1 1 285
1 1 2855
2 437
1 1 636
1 1 2672
1 1 282
2 3650
1 1 3256
1 1 2373
1 1 1737
2 850
1 1 1475
2 390
2 2140
1 1 408
2 1342
2 838
2 2533
2 938
2 2277
1 1 2647
1 1 335
1 1 3447
2 2121
2 2969
1 1 3328
1 1 1391
2 2134
1 1 2979
1 1 1920
2 3516
1 1 1136
2 1295
2 676
2 2501
1 1 2608
1 1 2977
1 1 3262
2 1866
2 3109
1 1 1635
2 2139
2 17
1 1 904
2 2602
2 2238
1 1 3056
1 1 3565
2 2509
2 1004
1 1 3493
1 1 2093
1 1 1504
2 2777
2 2666
1 1 558
2 3879
2 2170
2 2049
1 1 2466
1 1 2751
1 1 2199
2 3941
2 2959
1 1 1832
2 48
1 1 1766
1 1 3270
1 1 2961
1 1 2173
2 333
2 2939
1 1 681
1 1 418
2 528
1 1 1771
1 1 1689
1 1 3385
1 1 3861
2 233
1 1 1793
1 1 265
1 1 385
1 1 398
1 1 179
2 1409
1 1 2768
2 3141
2 395
2 373
1 1 2445
1 1 1171
1 1 536
2 2552
1 1 606
1 1 1053
2 3476
1 1 853
2 250
1 1 1057
1 1 920
2 9
2 824
2 2455
1 1 2459
2 1025
1 1 269
1 1 3785
2 2933
2 115
2 2689
2 599
2 1468
2 3904
2 534
2 145
1 1 2355
1 1 1590
2 3834
2 916
2 3243
1 1 1056
2 635
1 1 1194
1 1 1512
1 1 2745
2 786
2 1944
2 1482
2 2491
1 1 2267
2 1032
2 3186
1 1 312
1 1 1498
2 332
2 2043
1 1 1365
1 1 371
2 1326
2 2234
1 1 770
2 2215
1 1 1233
1 1 1166
2 736
1 1 2117
1 1 2699
2 1700
1 1 2126
1 1 102
2 2264
2 89
1 1 2347
2 3000
2 1703
2 1859
2 1845
2 897
2 1744
2 1196
1 1 2955
2 2529
1 1 2983
1 1 3570
2 2283
1 1 1308
1 1 2932
2 2528
1 1 3534
2 653
2 3540
1 1 2263
2 1235
1 1 3117
2 2691
2 2935
1 1 1078
1 1 1245
1 1 1261
1 1 2401
1 1 3733
1 1 3629
1 1 3515
1 1 1915
2 670
2 3283
1 1 12
1 1 289
1 1 1909
1 1 3505
2 1802
1 1 1665
1 1 3880
2 2939
1 1 3254
1 1 1766
1 1 2056
2 2072
1 1 3963
2 922
1 1 1322
2 551
1 1 1605
1 1 3864
2 176
2 2760
1 1 2226
2 3679
2 2980
1 1 3441
2 3313
1 1 3418
2 3216
2 1928
1 1 1773
2 2623
2 3387
1 1 1857
2 1364
1 1 2822
1 1 3325
2 968
2 2025
1 1 1707
1 1 2171
1 1 1956
1 1 1304
2 946
2 1385
1 1 2287
1 1 2021
2 942
1 1 2636
1 1 2218
2 2615
2 2335
2 2523
1 1 1523
2 323
2 656
1 1 2019
1 1 1080
1 1 1541
1 1 2113
1 1 1033
2 3272
1 1 3411
2 3697
2 2083
1 1 3995
2 3443
2 3918
2 3104
2 2455
2 914
2 2168
1 1 3144
2 268
1 1 369
1 1 3846
1 1 1274
1 1 660
2 3988
2 270
2 1717
1 1 2010
2 3318
1 1 3414
2 1838
2 741
2 3375
2 3768
1 1 2238
1 1 829
1 1 907
2 2103
2 3297
2 2467
2 3317
1 1 2783
2 2969
2 3030
2 1338
2 3740
1 1 3105
2 2368
2 1254
2 601
1 1 2934
2 3277
2 3907
1 1 3361
2 2591
1 1 1419
2 2853
2 1441
2 3495
1 1 1531
1 1 1429
2 2383
2 1765
2 364
1 1 961
2 368
2 1790
1 1 2156
2 1841
1 1 3818
2 2483
1 1 2407
1 1 1006
2 2081
1 1 1492
1 1 1860
1 1 1980
1 1 178
2 2197
1 1 3087
1 1 908
2 3507
1 1 1657
2 1940
1 1 1962
2 2005
1 1 1677
2 3937
1 1 918
1 1 2173
2 1432
2 1048
2 3123
2 1277
2 3401
1 1 1948
2 3491
2 2464
1 1 545
2 584
2 2335
2 2776
1 1 3875
1 1 569
2 1587
2 2041
1 1 2010
1 1 3423
1 1 795
1 1 1829
1 1 2955
2 3510
1 1 2871
2 1960
2 1126
1 1 1279
2 844
2 2615
1 1 1358
2 3380
1 1 2823
2 2205
2 2459
2 2075
2 780
2 2303
2 2820
1 1 1926
2 2159
1 1 919
2 1342
2 2611
2 1035
1 1 3586
1 1 3174
1 1 3747
2 3577
2 449
1 1 657
2 2913
1 1 2326
2 287
1 1 1600
2 3539
2 3442
2 3003
1 1 3873
1 1 3116
2 1754
2 468
2 233
1 1 966
2 2653
1 1 2344
2 630
2 2790
1 1 2970
1 1 3989
1 1 564
1 1 606
2 1935
1 1 750
1 1 2281
1 1 2361
2 3001
2 2157
1 1 1089
1 1 2078
2 345
2 1204
2 2705
2 3255
1 1 670
2 459
2 2737
2 2718
1 1 2598
2 1589
1 1 2560
1 1 1828
1 1 149
2 782
2 1769
2 2380
2 2569
1 1 1435
2 1558
2 1650
1 1 919
2 3916
1 1 1950
2 1431
2 3963
2 471
1 1 2858
2 2187
1 1 2624
1 1 3737
2 2098
1 1 3865
1 1 2107
1 1 2832
1 1 2626
1 1 3713
2 1346
2 220
2 3399
1 1 2643
2 253
2 1465
2 2639
2 2310
1 1 3211
2 2383
2 211
1 1 1873
2 601
1 1 3929
1 1 870
1 1 912
1 1 1704
2 3121
2 1154
2 940
2 2544
1 1 2719
2 2994
2 847
2 549
1 1 1503
1 1 2590
1 1 841
1 1 421
2 3305
1 1 3777
1 1 310
1 1 3864
2 3702
1 1 2812
2 399
1 1 3383
1 1 67
1 1 906
2 727
1 1 2222
1 1 49
2 20
1 1 2843
2 3582
1 1 3210
2 3238
1 1 463
2 2758
1 1 3364
2 2694
1 1 3905
2 3070
1 1 3449
1 1 3537
1 1 209
2 852
2 1834
1 1 2915
1 1 85
1 1 3066
2 3906
2 2552
2 620
2 757
2 3295
2 2094
1 1 1973
1 1 3122
2 705
2 315
2 548
1 1 1040
2 766
1 1 1926
2 622
1 1 3384
1 1 3023
2 2741
1 1 2862
2 1133
2 1711
1 1 1792
1 1 3464
1 1 1956
1 1 3801
2 875
1 1 2508
1 1 1046
1 1 2484
2 547
2 964
1 1 633
1 1 612
2 2728
1 1 3699
1 1 2166
2 3722
2 2280
2 3079
2 1297
1 1 3937
2 1820
2 1511
1 1 3454
2 965
1 1 3795
1 1 1610
1 1 2880
1 1 986
1 1 2019
2 1761
1 1 1408
1 1 2415
1 1 314
1 1 1498
2 2480
2 532
2 317
1 1 2818
2 1476
1 1 1496
2 1636
1 1 2877
2 1836
2 986
1 1 1017
2 1718
2 137
2 1506
2 1315
2 3759
1 1 2855
2 1589
1 1 1251
2 1760
2 2098
1 1 2324
1 1 181
2 2141
1 1 207
1 1 155
1 1 1372
1 1 1828
1 1 1477
2 1340
1 1 1230
1 1 603
2 3683
1 1 2731
2 2107
2 3521
2 3146
1 1 2577
1 1 3980
2 2920
2 3824
2 1081
1 1 3115
2 3218
2 2764
1 1 1526
1 1 2636
2 99
2 3409
1 1 558
1 1 3502
1 1 772
1 1 2115
1 1 1455
1 1 3216
1 1 96
1 1 3322
1 1 3855
2 1684
1 1 1761
1 1 3362
2 351
2 2700
2 1712
2 345
2 2472
1 1 2789
1 1 1489
1 1 36
2 3427
2 3995
1 1 1980
1 1 1959
2 2411
2 978
1 1 3435
1 1 1864
2 3551
1 1 478
2 383
1 1 3427
1 1 1195
2 482
2 1181
2 3359
2 262
1 1 961
2 3276
2 1909
2 1832
2 1588
1 1 2805
2 1666
2 3461
2 914
1 1 916
1 1 3931
1 1 3504
1 1 1139
2 2098
1 1 603
1 1 1191
1 1 337
2 2896
1 1 1566
1 1 2876
2 1108
1 1 3721
1 1 2299
2 245
2 144
1 1 1581
2 2354
2 261
1 1 677
1 1 2309
2 2184
1 1 2898
2 3545
1 1 3333
1 1 750
1 1 3738
2 2999
2 1027
2 1262
2 329
2 1756
2 2033
1 1 1550
1 1 1639
2 3393
1 1 3674
1 1 879
2 3589
1 1 3047
2 843
2 3234
2 2712
1 1 2564
1 1 129
1 1 2206
1 1 2680
2 803
2 3940
1 1 1819
2 226
1 1 419
1 1 3278
2 3745
1 1 3294
2 2231
1 1 601
1 1 2655
1 1 2068
2 2980
2 3734
1 1 1549
1 1 2983
1 1 1387
1 1 845
2 778
2 1872
2 590
1 1 3221
2 551
1 1 628
1 1 592
1 1 3078
1 1 1343
1 1 3004
1 1 2260
1 1 2495
1 1 1795
1 1 1127
1 1 110
1 1 2135
2 1894
2 1885
1 1 3898
1 1 2853
2 2533
2 222
2 2653
2 3112
2 428
1 1 964
1 1 407
1 1 292
1 1 2544
2 2920
1 1 3338
1 1 2993
2 3731
1 1 2695
2 1447
2 33
1 1 2412
2 643
1 1 3630
1 1 2141
2 1016
2 2904
1 1 3132
2 997
1 1 3465
1 1 2380
1 1 3820
2 2235
2 3039
1 1 3520
2 2175
1 1 2425
2 3451
1 1 3401
2 1969
1 1 2005
2 2132
1 1 1491
2 337
2 1318
2 2632
2 2137
1 1 321
1 1 2101
1 1 1665
1 1 1311
1 1 1339
2 1079
1 1 3460
2 1500
2 3112
1 1 1935
2 1626
2 897
1 1 2306
2 2664
2 2755
1 1 2616
2 2151
1 1 1240
1 1 2421
1 1 2151
1 1 1360
1 1 3027
2 2516
1 1 2568
2 2323
2 177
2 2432
2 2148
2 498
1 1 3351
2 2880
1 1 2530
2 1273
1 1 502
2 2484
2 112
2 1777
1 1 1355
1 1 912
1 1 2335
2 1270
1 1 2549
1 1 2195
2 2282
1 1 3025
1 1 836
2 1748
1 1 3269
1 1 1857
2 158
2 3946
1 1 2298
1 1 3181
2 595
1 1 2227
2 3531
1 1 2190
1 1 2524
1 1 1324
1 1 3560
2 1749
2 3088
2 2823
1 1 1218
1 1 1981
2 1592
2 519
2 3926
2 2405
2 170
2 3585
2 136
2 3368
1 1 2810
2 3955
1 1 2153
2 2360
2 3433
2 1016
2 2357
1 1 3804
2 3768
2 2130
1 1 345
2 2606
1 1 3948
2 3949
1 1 1
2 919
2 2309
1 1 1846
2 2642
2 1035
2 103
2 404
1 1 2610
1 1 3687
1 1 3773
1 1 1642
1 1 1936
1 1 2925
1 1 895
2 240
1 1 1120
1 1 3686
1 1 2802
1 1 3528
1 1 1409
1 1 1161
1 1 189
2 3611
2 3476
2 2063
2 977
2 1671
1 1 1698
2 3174
2 570
1 1 2409
2 792
1 1 880
2 46
1 1 1535
2 3367
2 1802
2 2518
2 1293
2 3166
1 1 2453
1 1 526
1 1 1429
1 1 1654
1 1 3452
1 1 294
1 1 361
2 402
1 1 1146
1 1 441
1 1 1469
1 1 1794
2 3441
1 1 3626
2 3839
2 3412
1 1 72
1 1 3958
1 1 801
2 382
2 1907
1 1 3865
2 2789
2 1621
1 1 3436
1 1 1851
1 1 3016
2 1436
2 1302
2 2369
1 1 3284
1 1 386
1 1 2776
1 1 2547
2 738
2 2651
2 2821
1 1 1687
1 1 1415
1 1 2364
1 1 548
1 1 391
1 1 2665
2 2658
2 2295
1 1 2813
1 1 573
2 200
1 1 3660
1 1 3111
1 1 688
2 2817
1 1 2729
1 1 3777
1 1 2087
2 3633
2 3532
2 1693
2 2559
2 1848
2 1882
2 1004
1 1 2595
2 859
1 1 3019
2 3716
2 2811
2 2408
2 1379
2 3059
2 2959
2 2838
2 16
1 1 74
1 1 3067
2 2816
1 1 976
1 1 103
1 1 728
1 1 2906
1 1 245
2 1107
1 1 832
2 2078
2 2366
2 2745
1 1 1695
1 1 93
2 189
2 3437
1 1 81
1 1 3477
1 1 310
2 2760
2 2452
2 3931
2 3616
1 1 3890
1 1 1973
1 1 2348
2 2962
1 1 3351
1 1 3083
1 1 3042
2 678
1 1 1816
1 1 653
1 1 2700
1 1 3684
2 463
1 1 2655
2 1966
2 35
1 1 948
2 3905
1 1 3619
1 1 3307
1 1 3302
2 829
1 1 762
1 1 1109
2 3512
1 1 1953
2 2564
2 1387
2 2118
1 1 2756
1 1 1390
2 104
2 1876
2 56
2 263
2 1942
2 1682
2 2609
1 1 2853
2 3698
2 3296
1 1 1073
2 3626
2 1338
1 1 2384
2 830
2 442
1 1 1432
1 1 2
1 1 836
1 1 77
1 1 767
1 1 3954
2 582
1 1 269
1 1 40
1 1 1581
1 1 288
2 1748
2 2661
2 1771
2 109
2 128
1 1 1399
1 1 2254
1 1 3026
2 1435
2 3591
1 1 3194
2 3609
1 1 2648
2 322
2 3812
1 1 3049
2 902
2 2140
1 1 3960
1 1 846
2 3186
2 3180
1 1 243
2 3202
1 1 3981
2 1134
1 1 3131
2 3129
1 1 42
2 1447
1 1 2048
1 1 2990
2 1437
1 1 2625
2 618
1 1 2693
2 3009
2 1270
1 1 1261
2 32
2 3876
2 2468
2 2972
2 1746
2 3694
1 1 2600
2 1575
2 1805
1 1 2275
1 1 923
2 1676
2 3721
1 1 1752
2 1418
1 1 2651
1 1 3483
1 1 3099
1 1 107
2 2893
2 3989
1 1 2930
2 1684
2 2124
2 1784
2 1965
2 1714
2 3213
1 1 2457
2 3675
2 1480
1 1 128
2 2805
2 2066
1 1 3493
2 379
2 504
1 1 1304
1 1 690
1 1 3946
1 1 729
2 1414
1 1 220
2 2974
1 1 2799
2 551
1 1 2939
1 1 1364
2 3526
2 3337
2 3518
1 1 3774
2 3864
1 1 994
2 2178
2 3649
2 2667
2 255
1 1 2259
1 1 3629
2 1489
1 1 1580
2 2296
2 1225
2 88
2 2057
2 71
1 1 2046
2 3506
2 2153
2 3166
1 1 2065
2 2748
1 1 2409
1 1 3990
2 3985
2 107
1 1 3273
2 640
1 1 1744
2 1820
1 1 1656
1 1 1583
1 1 3793
1 1 2646
1 1 3168
1 1 1474
1 1 1943
2 162
2 2032
2 1576
1 1 1213
1 1 2519
1 1 1836
1 1 1206
2 2384
1 1 3238
1 1 350
1 1 545
1 1 2653
1 1 1112
2 1527
1 1 1031
2 2728
2 3532
1 1 1691
2 1851
2 3239
1 1 3503
2 3624
1 1 1999
1 1 2285
2 1863
2 2859
1 1 1888
1 1 2302
2 3215
2 1984
2 3983
1 1 1571
2 2311
2 2284
1 1 845
1 1 2427
1 1 2440
1 1 3019
1 1 3455
1 1 3226
1 1 1406
1 1 1408
1 1 1340
1 1 193
1 1 1957
2 1501
1 1 1953
2 745
1 1 2916
1 1 350
2 3354
2 3387
1 1 3918
2 2758
2 3715
1 1 1027
2 1205
1 1 3416
2 3358
1 1 796
1 1 988
2 2361
2 875
2 1271
1 1 3063
1 1 3488
2 3482
2 3978
1 1 3210
1 1 1879
2 262
2 21
1 1 1454
1 1 532
2 1971
1 1 66
2 1315
2 898
1 1 3051
1 1 285
2 3635
2 160
1 1 3581
1 1 2062
2 3447
2 1813
2 1938
1 1 85
1 1 2866
2 1320
2 1047
1 1 2484
2 3061
2 2167
1 1 1081
2 1859
2 76
1 1 3135
2 967
1 1 1536
2 2225
1 1 2155
1 1 2668
2 3848
1 1 429
2 1466
1 1 3925
1 1 3089
2 3072
1 1 1427
1 1 3503
1 1 2622
1 1 575
1 1 3821
1 1 1293
2 1875
1 1 1212
2 1368
2 154
1 1 2435
2 1411
1 1 3108
2 2593
1 1 3925
1 1 2675
1 1 908
1 1 57
1 1 2390
1 1 1715
2 2801
2 2483
2 2756
2 2837
2 1556
1 1 2355
2 385
1 1 3678
2 1910
1 1 1484
1 1 234
2 2843
1 1 92
2 3300
2 2693
1 1 1050
2 3731
2 1115
1 1 1849
1 1 3735
2 2912
2 3147
1 1 2064
2 1655
1 1 1654
1 1 180
1 1 2964
2 736
1 1 3821
1 1 878
1 1 360
1 1 1662
2 2959
2 90
2 3626
2 2625
1 1 839
1 1 2799
2 1385
2 3705
1 1 1600
2 523
2 3930
2 3029
1 1 2642
1 1 2215
2 955
1 1 2910
2 1103
2 2439
1 1 1368
1 1 1367
2 3101
1 1 1110
2 604
2 2590
2 584
1 1 2449
1 1 3105
1 1 1666
1 1 1728
2 2228
1 1 3987
2 2483
2 1234
1 1 161
2 3182
1 1 479
1 1 3955
2 2667
1 1 922
1 1 2826
1 1 2082
2 829
1 1 2892
2 2192
2 2227
2 3090
1 1 2327
2 3964
2 2806
2 1661
2 3915
1 1 179
1 1 2775
1 1 1632
1 1 1574
2 3280
1 1 3245
1 1 3345
1 1 2694
1 1 1556
1 1 3644
1 1 2877
2 613
1 1 1615
2 2481
1 1 392
1 1 2577
1 1 194
1 1 1417
1 1 3789
1 1 1203
2 3407
1 1 499
1 1 3962
2 1068
2 1744
2 2351
2 1567
2 3912
2 1373
2 2678
2 3873
2 3941
2 3074
1 1 574
2 3656
2 3997
1 1 3845
1 1 1792
1 1 781
1 1 3368
2 3597
2 1176
1 1 3856
1 1 3806
2 2626
2 787
1 1 1193
1 1 1125
1 1 1643
2 521
2 3222
2 3874
2 1386
1 1 826
2 2348
2 2790
1 1 1881
1 1 3588
1 1 3380
2 1020
2 204
1 1 93
1 1 3038
1 1 2530
2 3011
1 1 2707
1 1 100
2 2535
2 2736
1 1 2937
2 3272
1 1 566
1 1 3964
1 1 607
2 3363
1 1 2232
1 1 3041
1 1 3817
2 2476
2 2200
1 1 3550
1 1 765
1 1 2665
2 3188
2 1476
2 3685
2 2105
1 1 3911
1 1 3009
1 1 2903
1 1 137
2 3299
1 1 1212
2 1931
2 3481
2 3745
2 2803
2 3706
1 1 3348
1 1 720
1 1 1500
2 27
1 1 3900
1 1 3949
1 1 1642
2 3421
2 3249
1 1 390
1 1 187
1 1 1108
1 1 2678
2 2235
2 2809
2 2652
2 2505
2 2358
2 2650
2 3716
2 2017
2 1739
1 1 3358
2 1299
2 3151
2 466
2 2185
1 1 3214
1 1 3831
2 497
1 1 1693
1 1 1230
1 1 1348
2 2218
1 1 3720
2 1567
2 292
2 1340
2 442
2 1311
1 1 2131
1 1 359
2 2505
2 1404
1 1 2893
1 1 2877
1 1 3077
1 1 2613
2 817
2 479
2 3250
1 1 3592
2 1027
1 1 3525
1 1 3666
1 1 88
1 1 2566
1 1 3871
2 2171
1 1 1789
1 1 1712
1 1 2926
1 1 2471
1 1 1706
1 1 3080
2 2857
1 1 3315
1 1 309
2 2666
2 482
1 1 3417
2 1238
1 1 1360
1 1 1868
1 1 3559
2 1365
2 3451
2 1077
2 1724
2 2248
2 1574
1 1 2969
2 1273
1 1 2881
1 1 3083
1 1 742
1 1 1143
1 1 1713
2 1629
1 1 751
2 2397
2 2202
2 3100
2 494
1 1 1137
1 1 1625
2 3454
1 1 2913
2 991
2 2569
1 1 314
1 1 140
1 1 851
2 488
2 1788
2 3082
2 3856
2 2867
1 1 3607
1 1 2411
2 2322
1 1 628
2 3404
1 1 3192
1 1 706
2 3256
1 1 1084
2 887
1 1 3712
2 3854
1 1 1806
1 1 3980
1 1 3916
1 1 2175
1 1 1176
2 3240
1 1 1786
1 1 694
1 1 674
1 1 633
1 1 96
2 3387
2 660
1 1 2617
2 12
1 1 1526
2 3132
2 645
2 1054
2 3447
1 1 2061
2 220
2 1704
1 1 1110
2 2851
1 1 1192
2 1069
2 1332
1 1 2708
1 1 3980
2 3145
1 1 3317
1 1 3220
1 1 2788
1 1 962
2 3372
2 293
1 1 3578
2 1372
2 1920
1 1 1212
2 2545
1 1 3475
1 1 1200
1 1 2573
2 2196
2 2598
1 1 2539
1 1 2093
1 1 907
2 108
2 3999
2 1869
2 3701
1 1 1419
1 1 1571
1 1 2007
2 559
2 3519
2 3695
2 478
2 575
2 441
1 1 138
1 1 1666
1 1 820
2 1375
2 622
1 1 981
1 1 205
2 2456
2 3095
1 1 2542
2 2203
2 3336
1 1 1377
1 1 632
1 1 2155
1 1 3315
2 506
1 1 2250
1 1 3664
1 1 270
1 1 383
2 3949
2 1438
2 3638
2 2414
1 1 3355
1 1 3422
1 1 1613
1 1 443
1 1 2717
2 2840
2 1677
1 1 1939
1 1 1140
1 1 642
2 766
2 521
2 1048
2 2140
2 815
2 790
1 1 1072
1 1 1063
2 409
2 82
1 1 807
1 1 1844
2 1507
1 1 3162
2 1863
1 1 1701
1 1 2511
1 1 2168
1 1 47
2 1748
2 2439
1 1 1069
2 844
2 3542
2 1772
1 1 2445
2 1250
2 3047
2 1323
2 3156
1 1 1206
2 21
1 1 805
2 2541
1 1 3143
1 1 789
2 485
2 1897
2 619
2 2565
2 3927
1 1 101
2 2645
1 1 959
2 3218
2 2451
1 1 882
1 1 754
2 1264
1 1 2839
2 2051
1 1 1391
1 1 1114
2 1699
2 3750
1 1 2865
1 1 2381
2 1287
1 1 1712
1 1 1509
1 1 2791
2 3590
2 3006
1 1 1810
1 1 2689
1 1 307
2 1985
2 438
1 1 1185
2 467
1 1 583
1 1 349
1 1 1767
2 2287
1 1 2941
2 3681
1 1 2985
1 1 794
2 2346
1 1 1482
1 1 2144
1 1 3583
2 1215
1 1 1771
1 1 1161
1 1 727
1 1 1251
2 3196
1 1 3009
1 1 2119
2 2454
1 1 3112
2 2511
2 36
2 231
2 3678
1 1 456
2 3390
1 1 3425
1 1 3419
2 2641
2 2602
2 3022
2 1061
1 1 631
1 1 860
1 1 2795
2 1788
2 2251
1 1 1289
1 1 2072
1 1 846
1 1 3713
2 3839
2 2422
2 2002
2 1294
2 1754
2 3427
2 2949
2 1078
2 403
2 1413
1 1 3203
2 2782
2 1767
1 1 3621
2 1231
1 1 1376
2 3141
2 3935
2 2620
1 1 133
2 1716
1 1 3520
1 1 3955
1 1 1264
2 560
1 1 2355
1 1 3152
1 1 2559
2 1397
1 1 171
1 1 382
1 1 695
2 1962
1 1 741
1 1 905
2 196
2 2749
1 1 942
2 1534
1 1 1639
2 2181
2 3609
2 2241
1 1 1279
2 3223
1 1 2585
2 3950
2 1863
2 1112
2 1202
2 3433
1 1 1895
1 1 1313
2 264
2 1385
2 3356
1 1 2824
2 1007
1 1 3811
1 1 434
2 3851
1 1 1535
1 1 1419
2 3893
1 1 3950
1 1 199
1 1 559
1 1 1383
2 2384
2 749
1 1 2977
1 1 2080
2 104
1 1 331
2 2628
1 1 1657
1 1 3928
2 362
1 1 2057
1 1 37
1 1 1695
1 1 3854
2 1137
2 3912
2 1905
1 1 307
1 1 1923
1 1 441
1 1 2376
1 1 3930
2 2305
2 2419
1 1 3232
2 2683
1 1 3919
2 2707
1 1 2187
1 1 74
1 1 36
2 3103
2 1858
2 249
2 863
2 2447
1 1 2862
2 1206
2 3786
1 1 2737
1 1 1835
1 1 3676
1 1 1400
1 1 1018
1 1 796
2 206
2 481
2 3717
2 2697
1 1 1699
1 1 2604
2 1820
2 1194
2 3294
2 582
1 1 602
2 787
2 3660
1 1 1113
1 1 2484
2 1810
1 1 1269
2 2417
1 1 228
1 1 3299
1 1 3950
1 1 3678
2 1635
2 757
2 441
2 1559
1 1 1418
1 1 126
1 1 354
2 1329
2 2247
2 1707
1 1 1053
2 1158
1 1 2736
1 1 3785
2 2462
1 1 2341
2 627
2 2621
1 1 1560
2 2032
2 3609
1 1 2321
2 2003
2 676
2 1690
1 1 891
1 1 3854
1 1 696
2 305
2 3744
1 1 1458
2 402
2 934
1 1 1538
1 1 2212
1 1 3717
2 3150
1 1 2759
1 1 3844
2 697
2 2534
2 2438
2 1652
1 1 3658
1 1 3802
1 1 1183
2 3965
1 1 1884
1 1 2620
1 1 1033
1 1 3235
1 1 2608
2 2099
1 1 1659
1 1 650
2 2846
2 2082
2 2406
1 1 3847
1 1 372
1 1 379
2 2275
1 1 665
2 1156
1 1 867
2 311
1 1 940
2 699
1 1 1784
2 3299
2 1198
1 1 471
1 1 2804
2 3031
2 3752
2 2704
1 1 1014
2 3143
2 3396
2 1556
2 2751
1 1 3537
1 1 1515
1 1 3508
2 55
2 618
2 3411
2 1350
2 301
2 2358
2 3932
2 1871
1 1 95
1 1 3471
2 238
2 1755
1 1 3254
1 1 2527
1 1 3466
1 1 806
1 1 790
1 1 1199
2 3425
2 2713
2 2727
2 383
1 1 2841
2 1215
1 1 1881
1 1 3142
2 952
2 2959
2 227
1 1 2467
2 1121
2 1698
1 1 290
1 1 3033
2 490
1 1 3609
1 1 1940
1 1 2422
1 1 3799
1 1 348
1 1 23
1 1 3878
1 1 3143
2 2937
1 1 11
2 3145
2 1163
1 1 3504
1 1 190
2 1589
1 1 605
2 56
2 1593
1 1 2706
1 1 1903
1 1 3303
2 505
1 1 2667
1 1 750
2 1059
2 258
1 1 2074
1 1 1621
2 333
1 1 390
1 1 860
1 1 3115
2 3252
1 1 352
1 1 347
1 1 1483
1 1 2227
2 679
1 1 313
1 1 1301
1 1 1754
1 1 898
2 483
1 1 1865
1 1 2386
1 1 3585
1 1 1821
2 1677
2 3767
2 36
2 3296
1 1 567
2 3691
2 1048
1 1 777
1 1 2632
2 3036
2 3413
2 372
2 559
2 1414
1 1 2835
2 1037
2 3021
2 2739
1 1 1346
1 1 2993
1 1 1072
2 1695
2 447
1 1 165
2 1266
2 111
1 1 2999
1 1 1448
2 666
2 2191
2 2180
2 3803
2 2378
1 1 1968
2 3999
1 1 949
2 3938
1 1 551
2 3699
1 1 825
2 109
1 1 539
2 575
2 857
1 1 153
1 1 2114
2 3922
1 1 2213
2 1442
2 3827
2 3487
2 2921
1 1 2156
2 1852
1 1 1479
1 1 1979
1 1 201
2 2503
2 1625
1 1 1580
1 1 2050
1 1 59
1 1 1999
1 1 1823
2 1078
2 1663
1 1 64
1 1 1958
1 1 703
1 1 2886
2 1599
2 510
2 1550
2 426
2 3400
1 1 1024
1 1 35
2 1186
2 1518
2 1402
2 168
2 3071
2 2548
1 1 243
2 2406
2 1140
1 1 1870
1 1 2379
1 1 1746
1 1 2702
1 1 638
1 1 2762
2 2408
1 1 3804
2 2891
1 1 744
1 1 2027
2 2945
2 3060
2 1464
1 1 1820
2 2333
1 1 182
1 1 1159
2 1723
1 1 77
1 1 2188
1 1 42
1 1 2817
1 1 3798
1 1 1876
1 1 2818
2 3669
2 354
1 1 641
1 1 728
2 1853
2 527
2 388
2 3005
2 284
2 2473
2 989
1 1 2887
2 619
2 2693
2 1595
1 1 3489
2 2222
1 1 1571
2 1500
2 1456
1 1 722
2 1233
1 1 3164
2 352
2 1533
2 1283
1 1 1012
2 3268
1 1 1022
1 1 1262
1 1 578
2 3659
2 2699
1 1 1808
1 1 1453
1 1 1920
1 1 363
2 3569
1 1 375
2 974
1 1 1329
2 585
2 3040
1 1 1690
2 3479
1 1 1666
2 103
1 1 1223
1 1 2753
2 3617
1 1 141
1 1 1267
2 1835
1 1 3870
2 3711
2 3377
2 2473
1 1 3041
2 532
2 1391
1 1 989
2 2128
2 830
2 3117
1 1 3626
2 2399
1 1 694
1 1 2124
1 1 2525
2 948
1 1 2849
2 1380
2 3959
2 133
1 1 345
2 3819
1 1 1146
2 3465
2 2113
1 1 3482
1 1 2119
1 1 817
1 1 2497
2 1213
2 1900
2 2127
2 3064
2 549
2 2255
2 3407
1 1 373
2 3953
1 1 2579
2 2020
2 1984
1 1 1094
2 29
2 622
2 771
2 1505
2 180
2 517
2 1074
1 1 1026
2 2010
1 1 2473
1 1 2624
1 1 2197
2 127
2 2873
2 1331
2 589
2 434
2 3790
1 1 3000
2 1963
2 1135
2 1369
2 632
2 3427
1 1 3258
2 2585
1 1 30
1 1 3626
1 1 1381
1 1 2884
2 2166
2 3026
1 1 1550
1 1 3968
2 2699
1 1 3121
1 1 3421
1 1 389
1 1 514
1 1 3821
1 1 3573
1 1 3335
1 1 1880
1 1 1839
1 1 1308
2 1117
1 1 3179
2 874
1 1 2514
2 3040
2 3699
1 1 1141
1 1 825
2 3059
1 1 439
2 2269
2 1606
1 1 3741
2 2620
1 1 3117
1 1 3274
2 1735
2 539
1 1 2841
2 492
1 1 1976
1 1 3179
2 2576
2 2886
1 1 2784
1 1 3629
2 1288
2 3783
2 3410
1 1 3852
2 3341
2 3561
2 2758
2 2829
2 2335
2 2659
2 2143
1 1 2039
2 3224
1 1 3960
1 1 3034
2 2171
1 1 540
1 1 1397
1 1 658
2 3916
2 159
2 673
2 448
2 1153
2 888
2 200
2 3585
