8000 2 3 2
1 1 7707
1 1 7751
1 1 633
1 1 7807
1 1 7957
1 1 7759
2 1626
2 7717
2 7833
1 -1 150
2 3790
1 1 7739
2 1391
2 4334
2 2317
1 -1 717
2 3857
1 1 7842
2 45
1 1 7916
2 5252
1 1 7813
2 3890
1 1 391
1 1 7683
2 4659
2 2730
2 5381
2 5712
1 1 7956
1 1 7785
1 -1 443
1 1 7655
2 1890
2 1157
2 1734
1 1 7988
1 -1 127
2 4093
2 1961
1 1 7950
2 5428
1 1 7808
2 2701
1 -1 734
2 900
2 4359
1 1 7716
2 5624
1 1 7794
2 4916
1 1 566
1 1 7662
2 5136
1 1 7951
1 1 7672
2 4955
2 2181
2 6733
1 1 7930
1 1 7621
1 1 134
2 3499
2 4636
2 5100
1 -1 573
1 -1 424
1 1 7731
1 1 7674
1 -1 343
1 1 415
1 1 779
1 1 225
2 5937
2 4290
1 1 559
2 317
1 1 7791
2 7863
1 1 7884
1 1 7641
1 1 7868
2 2254
1 -1 77
1 -1 310
2 3335
2 1637
2 3407
1 1 7691
1 1 7739
1 1 7707
1 1 7942
1 1 7874
2 7562
1 1 7663
1 1 220
2 2488
2 5610
2 1803
2 7167
1 1 493
2 2676
2 6959
1 1 194
2 2161
2 7714
2 6455
1 1 661
1 1 598
2 5269
2 602
1 1 7845
2 381
2 1315
1 1 218
2 4934
1 -1 748
1 -1 294
1 -1 488
1 1 7624
1 1 7955
1 1 59
2 5143
2 1622
1 1 10
2 7672
2 4062
1 1 348
1 -1 174
1 1 7743
1 1 109
1 1 7722
2 631
2 3971
2 3018
2 7593
2 1572
1 1 7705
2 307
1 1 7703
1 1 7729
2 3451
1 1 7785
2 1652
1 1 7738
1 1 7868
2 4580
2 1889
2 2698
1 1 472
1 -1 125
1 1 7737
2 5493
1 1 7698
1 1 7730
2 3386
1 -1 299
2 3463
2 1905
2 2723
1 1 7927
1 1 7760
1 1 7911
1 1 389
2 1359
2 471
2 7585
2 3085
2 4585
2 3088
1 1 651
2 2050
1 -1 251
1 1 7708
2 2358
2 177
1 1 737
1 1 7664
1 1 7833
1 1 7947
1 -1 709
2 2071
2 3259
2 3939
2 5604
1 1 7800
1 1 7701
1 1 7856
2 5442
2 5756
2 5912
1 1 7609
1 1 673
1 -1 205
1 1 7789
1 1 7744
1 1 7660
1 1 7749
1 1 7823
1 1 386
2 5749
2 7306
2 5981
1 1 7932
2 7720
1 1 7821
1 1 7900
2 7295
2 4707
1 -1 439
2 5482
2 7179
2 2723
1 1 16
1 1 316
2 1354
1 -1 552
2 5791
1 -1 676
2 6127
2 3005
2 4145
2 1027
2 1597
1 1 7701
2 4858
1 1 7917
1 1 7812
1 1 7694
2 4372
1 1 327
2 180
2 4884
2 282
2 3434
1 -1 329
1 -1 220
1 1 7766
2 6442
2 7229
2 1237
2 606
2 5499
1 -1 203
1 1 7833
2 7106
1 1 7792
1 1 7623
2 965
2 1341
2 956
1 1 389
1 1 7671
2 5437
2 5515
1 1 7727
1 1 7783
1 1 7931
1 1 175
1 1 7818
2 7402
2 1780
2 4658
2 5358
2 7238
2 789
1 1 7960
1 1 7821
1 -1 0
1 1 430
1 1 7966
1 1 7929
2 2134
1 1 66
1 1 7952
1 1 7683
2 3000
1 1 7758
1 1 7733
2 4968
1 1 291
1 1 7642
2 1666
2 2683
2 6267
1 1 7918
2 6442
1 -1 759
1 1 7829
2 6440
2 5099
1 1 391
2 2319
1 1 7825
2 6286
2 611
2 7150
1 1 364
1 1 7713
2 4893
2 4185
2 2266
2 4185
2 2662
2 3417
1 1 373
1 1 766
2 1472
1 1 660
2 5268
2 3216
1 1 240
1 1 450
1 -1 292
1 1 7753
1 1 94
2 258
2 2282
2 7127
1 1 652
2 3321
2 6198
1 1 352
2 3871
1 1 7782
1 -1 338
1 1 7854
1 -1 41
1 -1 196
1 1 7879
2 3785
1 1 7939
2 5686
2 5539
2 5668
1 1 8000
1 1 7652
2 4197
1 -1 642
1 1 7685
1 1 7838
2 54
2 2650
1 -1 201
1 1 7638
2 3523
2 3060
2 689
1 1 586
2 3339
1 -1 486
1 1 7984
2 1620
1 1 7672
2 4141
2 1221
1 1 7813
1 1 32
2 6578
1 1 128
1 1 753
1 -1 46
2 5814
1 1 7784
2 2288
2 7185
1 1 7634
1 -1 783
2 2287
1 1 7861
1 1 7734
1 -1 82
2 1374
1 -1 159
1 1 406
2 5861
1 1 7659
2 1145
2 5309
2 831
1 1 565
1 -1 77
2 6718
2 1832
2 5460
1 1 7713
1 -1 287
2 1708
1 1 40
1 1 7673
1 1 534
1 1 7687
1 -1 752
2 840
1 -1 721
1 -1 397
1 -1 58
1 1 259
1 -1 55
1 1 7654
2 7605
1 -1 365
2 2740
1 1 522
2 4590
1 1 7785
1 1 7783
2 5769
1 1 7739
2 4748
1 -1 325
1 1 561
2 5473
2 3291
1 -1 434
2 202
1 1 7839
2 2310
1 1 7767
1 1 7882
1 1 595
2 6909
1 1 7936
2 5252
1 1 7619
1 1 134
1 1 289
1 -1 215
2 2263
1 1 7822
1 1 623
1 1 69
2 2350
1 1 7814
1 -1 719
1 1 306
2 7429
2 3104
2 390
2 3025
1 1 7647
2 1402
1 1 7832
2 601
1 -1 568
1 1 34
1 -1 595
2 4238
1 -1 102
1 1 7839
2 3271
1 1 7810
1 1 7672
1 1 206
2 1497
1 1 7947
2 7993
2 1665
2 4712
1 1 151
1 -1 622
1 1 7670
2 7905
1 1 7803
1 -1 439
1 -1 785
1 1 93
1 -1 82
1 1 7818
2 2843
1 1 775
1 1 7771
1 -1 377
2 765
1 1 158
1 1 8000
1 1 7945
2 5602
1 1 7897
1 1 7995
1 1 7698
2 7835
1 -1 21
1 1 7864
2 362
1 1 7704
2 1438
2 1378
2 6219
1 1 7852
2 6933
2 1964
1 1 7941
1 1 7842
2 1199
2 3885
1 1 7660
2 1225
2 4328
2 2780
2 3635
2 1769
1 -1 382
1 1 681
2 4837
2 990
1 1 433
2 486
2 3188
2 3374
2 300
2 5082
2 2252
2 1895
2 2245
2 1617
1 1 7616
1 1 16
1 -1 74
2 5195
1 1 225
1 1 7974
1 1 7684
1 -1 118
1 1 7975
1 1 7652
2 2696
1 1 746
2 5624
1 -1 535
2 2536
2 1740
1 1 749
1 1 7911
2 7444
1 1 7881
1 1 7712
1 1 445
2 7477
2 6399
2 6002
1 -1 321
2 3751
2 6174
1 1 46
1 1 187
1 1 7696
1 -1 485
1 1 7882
2 5715
1 -1 276
2 3459
2 5699
1 1 7712
2 3671
1 -1 248
1 -1 789
1 1 7627
2 5352
1 1 7918
2 1790
2 855
1 1 7804
1 -1 429
2 3292
1 1 7803
1 1 7946
2 3332
1 1 7764
2 4337
2 1035
1 1 7843
1 -1 677
2 4593
2 5322
1 1 427
2 2931
2 2941
2 7910
2 1197
2 7883
2 7680
2 1919
2 6720
1 -1 574
2 4591
1 -1 176
2 258
1 1 7927
1 1 7871
2 824
1 1 325
2 4666
2 5430
1 1 7970
2 2400
2 726
1 1 310
2 1283
1 1 570
1 1 408
1 1 7792
2 4053
1 1 7652
1 1 8000
2 3749
1 1 670
2 2645
1 -1 320
2 7752
1 1 7895
2 7265
2 7131
2 4870
1 1 7772
2 5455
1 1 7655
2 5599
2 4973
1 1 7655
2 1167
1 1 7746
1 1 7794
2 3281
1 1 7625
1 1 7794
2 3084
1 1 7798
1 1 7983
2 2102
1 1 7626
2 1610
2 6041
1 1 7638
2 7105
1 1 282
2 7447
2 6427
2 453
2 4455
2 6570
2 3715
2 5041
2 1523
2 5547
1 -1 508
2 2431
2 696
2 2623
2 4637
2 4679
1 -1 725
1 -1 120
1 1 78
1 1 7771
2 3844
2 253
1 -1 262
2 428
1 -1 329
2 5733
2 296
1 1 7747
1 1 7904
2 7346
2 5885
2 78
2 2027
1 -1 217
2 4297
1 -1 133
1 -1 420
1 1 7926
1 1 355
1 1 101
2 7916
2 3707
1 -1 312
2 2298
2 3590
2 649
1 1 592
2 2876
2 2372
1 -1 227
2 124
1 1 7800
1 1 7874
2 7487
1 1 7619
1 -1 86
2 533
2 5014
1 -1 23
1 1 325
2 6658
1 1 7855
2 257
1 -1 27
2 986
2 6152
2 5978
2 3961
2 3257
1 -1 374
1 -1 84
1 -1 373
2 4077
2 866
2 4750
1 1 246
2 5171
1 1 280
2 3853
2 6484
2 2262
2 6630
1 1 7992
1 1 7834
1 1 7877
2 4713
1 -1 387
2 3872
2 3644
2 2638
2 746
1 1 7662
2 4571
1 1 361
2 527
2 4975
2 4720
2 7695
2 5295
1 1 7792
2 7357
2 1293
1 1 7925
2 3592
2 6422
2 5398
2 902
1 1 7725
2 106
2 7630
2 1270
1 1 743
2 3506
1 1 7922
1 1 7906
1 -1 333
1 1 167
2 1496
1 1 45
1 1 7928
2 7433
2 1220
2 7997
1 1 7634
1 1 740
1 1 7969
1 1 7825
1 1 655
2 5480
1 -1 713
1 1 7917
2 554
1 1 7912
1 1 7996
2 835
2 4601
1 1 7753
2 7544
2 594
2 4335
2 2407
1 1 425
1 -1 450
2 1010
1 1 7765
2 2519
2 5288
1 -1 140
1 1 7603
2 3458
2 1537
2 1221
2 1224
2 1712
1 1 7898
2 5412
2 5425
2 1927
2 6758
1 1 347
2 4723
1 -1 283
2 3808
2 4640
2 3584
1 0 1116
2 6410
1 0 1116
1 0 1087
1 0 1087
1 1 1024
1 -1 1024
1 0 1232
1 0 1232
2 3867
1 1 1279
1 -1 1279
1 1 991
1 -1 991
1 1 1041
1 -1 1041
1 1 1305
1 -1 1305
1 1 1100
1 -1 1100
1 1 1159
1 -1 1159
1 0 1323
1 0 1323
2 3696
1 1 1317
1 -1 1317
2 2206
2 3525
1 1 1360
1 -1 1360
1 1 1086
1 -1 1086
1 1 1346
1 -1 1346
1 0 1321
1 0 1321
1 0 1320
1 0 1320
1 0 1126
1 0 1126
1 1 1105
1 -1 1105
2 5966
1 1 1203
2 7639
1 -1 1203
1 0 1234
1 0 1234
1 0 1148
1 0 1148
1 1 1206
1 -1 1206
2 2465
1 1 1083
1 -1 1083
1 1 1115
1 -1 1115
1 0 1301
2 486
1 0 1301
1 1 1131
1 -1 1131
1 0 1218
2 6804
1 0 1218
1 0 1031
1 0 1031
2 465
1 1 1017
1 -1 1017
1 1 1197
1 -1 1197
2 4153
1 1 1339
2 6720
1 -1 1339
1 1 1182
1 -1 1182
1 0 994
1 0 994
1 1 1022
2 276
1 -1 1022
1 1 1259
1 -1 1259
1 0 1283
1 0 1283
2 5247
1 1 1130
2 7328
1 -1 1130
1 1 1137
2 3085
1 -1 1137
1 0 1226
1 0 1226
1 1 1306
1 -1 1306
1 1 1106
1 -1 1106
1 1 1067
1 -1 1067
1 0 1097
1 0 1097
1 1 982
1 -1 982
2 1127
2 7806
1 0 1240
1 0 1240
1 1 1087
1 -1 1087
1 1 1059
1 -1 1059
1 0 979
1 0 979
2 235
1 0 1348
1 0 1348
1 0 1310
1 0 1310
1 1 1212
1 -1 1212
1 0 1335
1 0 1335
2 3702
1 0 1321
1 0 1321
1 1 1257
1 -1 1257
2 3536
1 0 1327
2 5533
1 0 1327
1 0 1262
1 0 1262
2 2659
1 1 1028
1 -1 1028
2 4970
1 0 1034
2 1480
1 0 1034
1 0 1086
1 0 1086
2 2168
2 725
1 1 1192
1 -1 1192
1 0 1174
1 0 1174
1 1 1001
2 6570
1 -1 1001
1 0 963
1 0 963
1 1 1143
1 -1 1143
1 0 1212
2 3189
1 0 1212
1 0 1075
1 0 1075
1 0 1032
2 6881
1 0 1032
1 1 1225
1 -1 1225
2 4952
2 1378
1 0 996
1 0 996
1 1 1214
1 -1 1214
2 1729
1 1 965
2 1961
1 -1 965
1 0 1321
2 6136
1 0 1321
2 2366
1 1 1359
1 -1 1359
1 0 981
1 0 981
1 0 1357
2 7712
2 625
1 0 1357
1 1 965
1 -1 965
2 2594
1 1 1109
1 -1 1109
2 2590
1 1 1051
2 709
2 3911
1 -1 1051
1 0 1320
1 0 1320
1 1 1157
1 -1 1157
1 0 1143
2 612
1 0 1143
1 0 1101
1 0 1101
1 0 984
1 0 984
1 1 964
1 -1 964
1 1 998
1 -1 998
2 2699
1 1 987
1 -1 987
1 0 1125
1 0 1125
1 0 1305
1 0 1305
1 0 1144
1 0 1144
1 0 988
1 0 988
1 1 1278
1 -1 1278
2 2847
1 0 980
1 0 980
2 427
1 1 1010
1 -1 1010
1 1 1150
1 -1 1150
1 1 1156
1 -1 1156
2 7066
1 1 1220
1 -1 1220
2 4016
1 1 1079
1 -1 1079
1 0 1271
1 0 1271
1 0 1228
1 0 1228
1 1 1101
1 -1 1101
1 1 1343
1 -1 1343
1 0 1192
1 0 1192
1 0 1244
1 0 1244
1 1 979
1 -1 979
1 0 962
1 0 962
1 0 1236
1 0 1236
1 0 1285
2 5004
2 5695
2 4898
2 7964
1 0 1285
1 1 1032
1 -1 1032
1 1 1188
1 -1 1188
1 0 1182
1 0 1182
1 0 1296
1 0 1296
1 1 1029
1 -1 1029
1 1 1331
1 -1 1331
2 3702
1 1 1353
1 -1 1353
1 0 1091
1 0 1091
1 0 1084
1 0 1084
1 0 1191
1 0 1191
2 1632
1 0 1255
1 0 1255
1 0 1300
1 0 1300
1 1 1209
1 -1 1209
1 1 1275
2 788
1 -1 1275
2 3006
2 3914
1 1 1323
2 2751
1 -1 1323
1 0 1324
1 0 1324
1 1 1170
2 7113
1 -1 1170
1 1 1123
1 -1 1123
1 0 1036
1 0 1036
1 0 1291
1 0 1291
1 0 1158
1 0 1158
2 1374
1 0 1274
1 0 1274
1 1 1286
1 -1 1286
1 1 1159
2 4010
2 16
1 -1 1159
1 1 1270
2 3372
1 -1 1270
2 5945
1 1 974
2 1370
1 -1 974
1 1 1001
1 -1 1001
1 1 1295
1 -1 1295
2 907
1 0 1257
1 0 1257
1 1 1336
1 -1 1336
2 391
2 6948
1 1 1326
1 -1 1326
1 0 1331
1 0 1331
1 0 1022
2 2118
1 0 1022
1 0 1005
1 0 1005
1 0 1235
1 0 1235
1 0 1168
1 0 1168
1 0 1127
1 0 1127
1 1 1141
1 -1 1141
1 0 986
1 0 986
2 4576
1 0 1322
1 0 1322
1 0 1223
1 0 1223
1 1 1103
1 -1 1103
1 1 1121
2 5442
1 -1 1121
1 0 1046
1 0 1046
1 1 1200
1 -1 1200
1 0 1148
1 0 1148
1 1 1127
1 -1 1127
1 1 1098
1 -1 1098
1 1 1009
1 -1 1009
2 2994
1 0 1312
1 0 1312
1 0 1338
1 0 1338
1 1 965
1 -1 965
1 1 1095
2 2033
1 -1 1095
2 4550
2 2114
1 0 1020
1 0 1020
1 0 1160
2 2518
2 5336
1 0 1160
1 0 1145
1 0 1145
1 0 1210
1 0 1210
1 1 1308
1 -1 1308
1 1 990
1 -1 990
1 0 1219
1 0 1219
1 0 1256
1 0 1256
1 1 1320
1 -1 1320
1 1 1290
1 -1 1290
1 1 1173
1 -1 1173
2 6698
1 1 1124
1 -1 1124
1 1 973
1 -1 973
1 1 1026
1 -1 1026
1 0 1089
1 0 1089
1 1 1198
1 -1 1198
2 6718
2 570
1 0 1085
2 1983
1 0 1085
2 2799
1 1 1349
1 -1 1349
1 0 1230
1 0 1230
1 1 1061
1 -1 1061
1 0 1039
1 0 1039
1 0 1151
1 0 1151
2 2195
2 1186
1 0 1137
2 2533
1 0 1137
2 3009
1 1 1223
1 -1 1223
1 1 1026
1 -1 1026
1 1 1295
2 2775
1 -1 1295
1 0 1360
2 2374
1 0 1360
2 876
2 7274
1 1 1147
2 3259
1 -1 1147
2 993
1 0 1350
1 0 1350
1 0 1358
1 0 1358
2 1118
2 7666
2 7458
1 1 1029
1 -1 1029
1 0 1009
1 0 1009
1 1 1155
1 -1 1155
1 1 1187
1 -1 1187
1 1 1085
2 2369
1 -1 1085
1 0 1300
1 0 1300
1 0 1178
1 0 1178
2 5035
1 0 1141
1 0 1141
1 1 989
1 -1 989
1 1 1247
1 -1 1247
1 1 1192
1 -1 1192
1 1 1125
2 7826
1 -1 1125
2 2240
2 6559
1 1 1231
2 531
2 3759
1 -1 1231
2 7158
1 1 1008
1 -1 1008
1 0 1219
1 0 1219
2 6116
1 1 1107
1 -1 1107
1 1 971
2 2476
1 -1 971
2 5305
1 0 1137
1 0 1137
1 1 1259
1 -1 1259
1 0 962
1 0 962
1 0 1042
1 0 1042
1 0 1024
1 0 1024
1 1 1240
1 -1 1240
2 2071
1 1 1030
1 -1 1030
1 1 1250
1 -1 1250
1 0 1209
1 0 1209
1 1 1214
1 -1 1214
1 1 1214
1 -1 1214
2 5349
1 0 1334
1 0 1334
1 0 1048
1 0 1048
2 5066
1 1 1269
1 -1 1269
1 0 1161
1 0 1161
1 1 1070
1 -1 1070
1 1 1019
1 -1 1019
1 0 1129
1 0 1129
1 1 1226
1 -1 1226
1 0 1255
1 0 1255
2 3629
1 0 1104
1 0 1104
1 0 1098
1 0 1098
1 1 1324
1 -1 1324
1 1 1196
1 -1 1196
1 0 1062
1 0 1062
1 0 1275
1 0 1275
1 1 1140
2 1081
1 -1 1140
2 2000
1 0 985
1 0 985
1 1 1233
1 -1 1233
1 1 969
1 -1 969
2 3120
1 0 1332
1 0 1332
1 0 994
1 0 994
1 1 1166
2 4091
1 -1 1166
2 3527
1 0 1185
2 1973
1 0 1185
1 1 1114
1 -1 1114
1 0 962
1 0 962
1 0 1207
1 0 1207
1 0 1069
1 0 1069
1 0 1293
2 117
1 0 1293
2 7565
1 1 1185
1 -1 1185
1 0 1066
2 1519
1 0 1066
1 0 1158
1 0 1158
1 1 1292
2 5439
1 -1 1292
1 0 1299
1 0 1299
2 1478
1 1 1153
1 -1 1153
1 1 1149
1 -1 1149
1 1 1025
2 3334
1 -1 1025
1 0 1098
2 2713
1 0 1098
1 1 1023
1 -1 1023
2 4277
2 3065
1 0 1025
1 0 1025
2 4533
1 1 1130
1 -1 1130
1 0 1248
1 0 1248
1 1 1189
2 3055
1 -1 1189
2 3303
1 0 1272
1 0 1272
1 0 1191
1 0 1191
1 1 1178
1 -1 1178
1 0 1235
1 0 1235
1 1 1350
1 -1 1350
1 0 1156
1 0 1156
1 0 1351
2 1251
1 0 1351
1 0 1272
1 0 1272
1 0 1344
1 0 1344
1 0 990
1 0 990
1 1 1252
1 -1 1252
1 0 1352
2 7329
1 0 1352
1 0 1132
1 0 1132
1 1 1007
1 -1 1007
1 0 1082
1 0 1082
1 1 1198
1 -1 1198
1 0 1152
1 0 1152
1 0 1043
2 3484
1 0 1043
1 0 1082
1 0 1082
2 2814
1 0 992
1 0 992
1 1 1328
2 4840
1 -1 1328
1 1 1144
1 -1 1144
1 0 992
1 0 992
2 3102
1 1 1244
2 5277
2 2801
1 -1 1244
1 0 1233
1 0 1233
1 0 1114
1 0 1114
1 0 1184
1 0 1184
1 1 1106
1 -1 1106
1 1 1179
1 -1 1179
1 1 1144
2 2056
1 -1 1144
1 0 1187
2 7749
2 4129
1 0 1187
1 1 1010
1 -1 1010
2 1575
2 5792
1 1 1307
2 6138
2 4746
2 4282
1 -1 1307
2 7832
1 0 1101
1 0 1101
1 0 1034
1 0 1034
1 1 1249
1 -1 1249
2 1213
2 7151
1 1 1007
1 -1 1007
1 0 1358
1 0 1358
2 2740
1 1 1259
2 7030
1 -1 1259
1 1 1284
1 -1 1284
1 1 1087
1 -1 1087
1 1 1178
1 -1 1178
1 0 980
1 0 980
1 0 1282
1 0 1282
2 3210
1 1 1271
1 -1 1271
1 1 1222
1 -1 1222
2 6091
1 0 1282
1 0 1282
1 0 1186
2 1526
1 0 1186
2 1806
1 0 1327
1 0 1327
1 1 991
1 -1 991
1 1 1089
1 -1 1089
1 1 1212
1 -1 1212
1 1 1164
2 2096
1 -1 1164
2 6332
1 0 1124
1 0 1124
1 0 1181
1 0 1181
1 1 1160
1 -1 1160
1 1 1127
1 -1 1127
1 1 1229
1 -1 1229
1 0 1320
1 0 1320
1 0 1037
1 0 1037
1 0 1082
1 0 1082
1 0 1349
1 0 1349
1 1 1205
2 5000
1 -1 1205
1 1 1156
2 1022
1 -1 1156
1 1 1316
1 -1 1316
2 1252
1 1 1010
2 2349
1 -1 1010
1 0 1227
1 0 1227
1 0 973
2 7206
1 0 973
2 6560
1 0 1315
1 0 1315
1 1 1274
2 988
2 2579
1 -1 1274
1 0 1106
1 0 1106
2 7885
1 0 991
1 0 991
1 0 1076
1 0 1076
1 1 1353
1 -1 1353
1 0 1145
1 0 1145
1 1 1204
1 -1 1204
1 1 1233
2 1657
1 -1 1233
1 1 1110
1 -1 1110
1 1 1329
1 -1 1329
1 0 1345
1 0 1345
2 4272
1 1 1345
1 -1 1345
1 0 1270
1 0 1270
1 1 1002
1 -1 1002
1 0 1249
1 0 1249
1 0 1260
1 0 1260
1 1 1118
1 -1 1118
1 1 1296
1 -1 1296
1 1 1157
1 -1 1157
1 0 1035
1 0 1035
1 0 960
1 0 960
1 0 1305
1 0 1305
1 1 1175
2 5291
1 -1 1175
1 1 1088
1 -1 1088
2 6018
1 0 1237
1 0 1237
2 262
2 1594
1 0 1084
1 0 1084
1 1 1021
2 7702
2 6128
2 4580
1 -1 1021
1 1 1058
2 2637
1 -1 1058
1 1 1180
1 -1 1180
1 0 1343
2 6725
2 1525
1 0 1343
2 5988
2 7147
1 0 1072
1 0 1072
1 1 1336
2 5215
1 -1 1336
2 749
1 1 1207
2 7910
1 -1 1207
1 1 1173
1 -1 1173
1 1 980
1 -1 980
1 0 1179
1 0 1179
1 0 1117
1 0 1117
1 0 1194
1 0 1194
1 0 1265
2 2361
1 0 1265
1 0 1309
1 0 1309
1 1 1151
1 -1 1151
1 0 1252
1 0 1252
1 1 1041
2 2940
1 -1 1041
2 4712
2 5225
1 1 1027
1 -1 1027
1 1 1181
1 -1 1181
1 0 1047
1 0 1047
1 0 1241
1 0 1241
1 0 1187
1 0 1187
2 60
2 1460
2 2894
2 5494
1 0 1199
2 5725
1 0 1199
1 1 1308
1 -1 1308
1 0 1215
2 6611
1 0 1215
1 0 1178
1 0 1178
1 1 1031
2 3284
1 -1 1031
2 145
1 1 1007
1 -1 1007
1 0 1265
1 0 1265
1 0 1048
1 0 1048
1 1 1204
1 -1 1204
2 5054
1 0 1228
2 3899
1 0 1228
1 1 1245
1 -1 1245
2 6531
1 0 1331
1 0 1331
1 0 1244
1 0 1244
1 1 1051
1 -1 1051
1 1 1072
2 6031
1 -1 1072
1 1 1064
1 -1 1064
1 1 1185
1 -1 1185
1 1 1209
1 -1 1209
1 0 1045
2 1191
1 0 1045
1 0 1241
2 5858
1 0 1241
1 1 1258
1 -1 1258
1 1 1157
1 -1 1157
1 0 972
2 5750
1 0 972
1 1 1174
1 -1 1174
1 1 1137
1 -1 1137
1 0 1066
1 0 1066
1 1 1179
1 -1 1179
1 0 1049
1 0 1049
1 0 1090
1 0 1090
1 1 1318
1 -1 1318
1 1 1318
1 -1 1318
2 4973
1 0 1315
1 0 1315
1 0 984
2 7381
1 0 984
1 0 1175
1 0 1175
1 0 1029
2 6971
1 0 1029
1 1 1215
2 5887
1 -1 1215
1 1 987
1 -1 987
1 1 1050
1 -1 1050
1 0 972
2 3456
1 0 972
1 1 1164
1 -1 1164
1 0 971
1 0 971
1 0 965
2 6975
1 0 965
2 6630
2 5548
1 1 1153
1 -1 1153
1 1 1231
2 862
1 -1 1231
2 3275
1 1 1272
1 -1 1272
1 1 998
1 -1 998
1 0 1340
2 7568
1 0 1340
1 0 1069
1 0 1069
2 3330
1 0 1131
1 0 1131
2 4828
2 6392
1 1 1313
1 -1 1313
1 1 1188
2 7181
2 595
1 -1 1188
1 0 1269
1 0 1269
1 1 1332
1 -1 1332
2 206
1 1 1338
2 6562
1 -1 1338
1 1 1120
1 -1 1120
1 1 1147
1 -1 1147
1 0 997
1 0 997
1 1 1068
2 7418
1 -1 1068
1 0 1259
2 5342
1 0 1259
2 6196
2 6384
2 3339
1 1 1288
1 -1 1288
1 0 1351
1 0 1351
1 1 1281
1 -1 1281
1 0 1213
1 0 1213
2 4824
1 0 1315
1 0 1315
1 1 1175
2 7237
1 -1 1175
2 5796
1 1 1124
1 -1 1124
2 6299
1 1 1360
1 -1 1360
1 1 1028
1 -1 1028
1 0 1217
1 0 1217
2 795
1 0 1282
1 0 1282
2 164
2 7230
1 0 1131
1 0 1131
1 1 1299
1 -1 1299
1 1 1347
1 -1 1347
1 0 1244
1 0 1244
1 0 1286
1 0 1286
1 1 1101
2 6909
1 -1 1101
1 0 988
1 0 988
2 4083
1 1 1041
1 -1 1041
1 1 1156
1 -1 1156
1 1 1149
1 -1 1149
1 1 1360
1 -1 1360
1 1 1041
1 -1 1041
1 1 997
1 -1 997
1 1 1301
1 -1 1301
1 0 1297
2 6787
2 7328
1 0 1297
1 0 1259
1 0 1259
1 1 1186
1 -1 1186
1 1 1067
1 -1 1067
1 1 1095
1 -1 1095
1 0 1320
1 0 1320
1 0 1353
1 0 1353
1 1 1079
1 -1 1079
1 1 1129
1 -1 1129
1 0 1332
1 0 1332
1 0 1025
1 0 1025
1 1 1332
1 -1 1332
1 0 1060
1 0 1060
1 0 1154
2 142
1 0 1154
1 0 1189
1 0 1189
1 0 1109
1 0 1109
1 0 1087
1 0 1087
1 0 998
1 0 998
1 0 1122
1 0 1122
2 3340
1 1 1284
1 -1 1284
1 0 1244
1 0 1244
1 0 1133
1 0 1133
1 0 1174
1 0 1174
1 0 1172
1 0 1172
1 1 1295
1 -1 1295
2 4341
1 1 1259
1 -1 1259
1 1 1106
1 -1 1106
2 2495
1 0 1014
1 0 1014
1 0 1137
1 0 1137
1 0 1013
2 6906
1 0 1013
1 0 1274
1 0 1274
2 1278
2 3491
2 3684
1 0 1098
1 0 1098
2 7013
1 0 1198
1 0 1198
1 1 1355
1 -1 1355
2 2529
2 6856
1 1 1105
1 -1 1105
1 0 1220
1 0 1220
2 7649
1 1 983
1 -1 983
1 0 1288
2 6393
1 0 1288
1 1 1191
2 3278
1 -1 1191
1 0 990
1 0 990
2 3411
1 1 1176
1 -1 1176
1 1 1316
2 1982
1 -1 1316
2 5825
1 0 1195
2 5507
1 0 1195
1 0 1206
1 0 1206
1 0 1122
1 0 1122
1 0 1312
1 0 1312
2 7991
1 0 1116
2 6935
1 0 1116
1 0 1071
1 0 1071
2 6118
1 1 1156
2 3606
1 -1 1156
2 1972
1 0 1137
1 0 1137
1 1 1227
1 -1 1227
2 4206
1 1 1042
1 -1 1042
1 1 1135
1 -1 1135
1 1 1121
1 -1 1121
2 7018
1 1 1023
2 6312
1 -1 1023
1 1 1349
1 -1 1349
1 1 1184
1 -1 1184
1 1 1098
1 -1 1098
1 1 1066
1 -1 1066
1 1 1317
2 5775
2 2447
2 3267
1 -1 1317
1 0 1247
1 0 1247
1 1 1148
1 -1 1148
1 1 1358
1 -1 1358
1 0 1127
1 0 1127
1 0 1211
1 0 1211
1 1 1197
2 5829
1 -1 1197
1 0 1104
1 0 1104
1 1 967
1 -1 967
1 0 1102
2 1230
1 0 1102
1 1 1087
1 -1 1087
1 1 1133
1 -1 1133
2 5467
2 5301
2 4651
2 3640
1 1 1033
1 -1 1033
1 0 1071
2 7375
1 0 1071
1 0 1213
2 2241
1 0 1213
1 0 1047
2 1423
2 4796
1 0 1047
2 1231
1 0 1123
1 0 1123
1 1 1288
1 -1 1288
1 0 997
1 0 997
1 1 1130
1 -1 1130
1 0 966
1 0 966
2 220
2 3649
1 1 1087
2 4916
1 -1 1087
1 0 1201
2 6189
1 0 1201
1 0 1332
1 0 1332
1 0 1279
1 0 1279
1 0 1245
2 3402
1 0 1245
1 0 1240
1 0 1240
1 1 1331
1 -1 1331
2 4468
2 7394
1 1 1318
1 -1 1318
1 0 1183
1 0 1183
1 0 1281
1 0 1281
2 7940
1 0 979
1 0 979
1 0 998
1 0 998
2 3970
1 0 1247
1 0 1247
1 0 1005
2 3465
1 0 1005
1 1 1333
1 -1 1333
1 1 1311
2 2559
1 -1 1311
1 1 1275
1 -1 1275
1 0 1296
2 3694
2 1777
1 0 1296
1 0 1350
1 0 1350
1 1 1357
1 -1 1357
1 0 1299
1 0 1299
1 0 1312
1 0 1312
2 1606
1 1 999
1 -1 999
1 0 1066
2 5294
1 0 1066
1 1 1142
1 -1 1142
1 0 1200
1 0 1200
1 1 1001
1 -1 1001
1 0 1266
2 6476
1 0 1266
1 0 1044
1 0 1044
1 0 1316
1 0 1316
1 0 1119
2 4068
1 0 1119
2 4658
2 3113
1 1 1262
2 7171
1 -1 1262
1 0 1234
1 0 1234
2 2493
1 1 1104
1 -1 1104
1 0 1205
1 0 1205
2 3095
1 0 1126
1 0 1126
1 1 1233
1 -1 1233
1 1 1041
2 3836
2 2619
1 -1 1041
1 0 1263
1 0 1263
1 0 1265
1 0 1265
1 1 1344
2 5271
1 -1 1344
1 0 1295
1 0 1295
1 0 1235
1 0 1235
1 1 1190
1 -1 1190
1 1 1198
1 -1 1198
1 0 1238
1 0 1238
1 1 1150
1 -1 1150
1 0 1273
1 0 1273
1 1 1195
1 -1 1195
1 0 982
1 0 982
1 1 1353
1 -1 1353
1 0 1067
1 0 1067
2 1248
1 0 1089
1 0 1089
1 1 1194
1 -1 1194
1 1 1156
1 -1 1156
1 0 1194
1 0 1194
1 0 1060
1 0 1060
1 1 1030
1 -1 1030
1 0 1208
1 0 1208
1 1 1122
2 6133
2 1113
2 4113
1 -1 1122
1 0 1205
1 0 1205
1 0 1178
1 0 1178
1 1 1251
1 -1 1251
1 1 1167
2 6999
1 -1 1167
1 0 1254
1 0 1254
1 0 1243
2 1259
1 0 1243
1 1 986
1 -1 986
2 1744
1 0 1294
1 0 1294
2 5065
2 7371
1 0 1358
2 3412
1 0 1358
1 1 1222
2 1240
1 -1 1222
1 0 1276
1 0 1276
1 1 1063
1 -1 1063
1 1 1044
1 -1 1044
1 1 1012
2 7917
1 -1 1012
1 0 1240
1 0 1240
1 1 1113
1 -1 1113
1 1 1124
1 -1 1124
1 1 1313
1 -1 1313
2 6814
1 1 963
1 -1 963
1 1 1109
1 -1 1109
1 1 1340
2 5115
1 -1 1340
2 7896
1 1 1225
2 626
1 -1 1225
1 1 1093
2 7776
2 6759
1 -1 1093
2 3503
1 1 1132
1 -1 1132
1 1 1094
1 -1 1094
1 1 1323
1 -1 1323
1 0 1274
1 0 1274
1 1 1286
1 -1 1286
2 2375
1 0 1276
1 0 1276
1 1 1211
1 -1 1211
1 0 1298
2 7397
1 0 1298
2 3914
1 0 1327
1 0 1327
2 2416
1 1 1340
1 -1 1340
2 6665
1 1 1222
1 -1 1222
1 1 1075
1 -1 1075
1 0 961
1 0 961
2 6761
1 1 1316
1 -1 1316
2 3252
1 0 1045
2 1564
1 0 1045
1 1 1196
1 -1 1196
1 1 1274
1 -1 1274
1 1 1213
1 -1 1213
1 0 990
1 0 990
1 0 1103
1 0 1103
1 0 1232
2 3042
2 3582
1 0 1232
1 1 1306
1 -1 1306
1 1 1019
1 -1 1019
1 1 987
2 703
1 -1 987
2 3399
1 1 1122
1 -1 1122
1 0 1215
1 0 1215
2 5939
2 7926
1 1 1247
1 -1 1247
1 1 1245
1 -1 1245
1 1 1247
1 -1 1247
1 0 1161
2 7047
1 0 1161
1 0 985
1 0 985
1 1 1197
1 -1 1197
1 1 1106
1 -1 1106
1 0 994
1 0 994
1 0 1011
1 0 1011
2 4811
2 697
1 0 1219
1 0 1219
1 0 1153
1 0 1153
1 1 1298
1 -1 1298
1 0 1234
1 0 1234
1 0 969
1 0 969
1 0 1016
1 0 1016
1 1 1111
1 -1 1111
1 0 1155
1 0 1155
1 0 1355
1 0 1355
1 0 1326
1 0 1326
1 1 1164
1 -1 1164
1 0 1045
2 7033
1 0 1045
1 0 1156
1 0 1156
1 1 1330
1 -1 1330
1 0 1101
1 0 1101
1 0 1254
1 0 1254
1 1 1062
1 -1 1062
1 1 1013
1 -1 1013
1 1 1201
1 -1 1201
1 0 1004
1 0 1004
1 0 1359
1 0 1359
1 0 1037
1 0 1037
1 1 971
1 -1 971
1 1 1005
1 -1 1005
1 0 1232
2 7460
2 7033
1 0 1232
1 1 1204
1 -1 1204
1 0 1013
1 0 1013
2 2037
1 0 1306
1 0 1306
1 1 1052
2 1149
1 -1 1052
1 1 1098
1 -1 1098
1 1 1247
1 -1 1247
1 1 1239
2 1869
1 -1 1239
1 0 1031
1 0 1031
2 2467
1 0 1254
1 0 1254
1 1 1323
1 -1 1323
1 0 1111
1 0 1111
1 0 1117
1 0 1117
1 0 1066
1 0 1066
2 2542
1 0 1196
1 0 1196
1 1 1133
1 -1 1133
1 0 1254
1 0 1254
1 1 1166
1 -1 1166
1 0 1083
1 0 1083
1 1 1332
1 -1 1332
1 1 969
1 -1 969
2 7539
2 5036
1 1 976
1 -1 976
1 1 1204
1 -1 1204
1 1 1103
2 1171
1 -1 1103
1 1 1320
2 6456
1 -1 1320
1 0 1333
1 0 1333
1 1 1189
2 3829
1 -1 1189
1 1 1085
2 3234
1 -1 1085
1 1 1357
1 -1 1357
1 1 1021
1 -1 1021
1 1 1360
2 5016
1 -1 1360
1 1 1031
2 7949
1 -1 1031
2 184
1 1 1017
1 -1 1017
1 0 1166
1 0 1166
2 1876
1 1 1094
1 -1 1094
1 1 1073
1 -1 1073
1 0 1316
1 0 1316
1 1 1126
2 6667
1 -1 1126
2 7614
1 0 1262
2 1502
1 0 1262
1 1 1075
1 -1 1075
2 5994
1 0 999
2 7364
2 7247
1 0 999
1 1 1115
2 6548
1 -1 1115
1 1 1010
1 -1 1010
1 0 1309
1 0 1309
1 1 1277
1 -1 1277
2 5556
2 3740
1 0 1174
1 0 1174
1 1 1227
1 -1 1227
1 1 1255
2 426
1 -1 1255
2 638
2 4307
1 0 1215
2 4542
1 0 1215
1 0 1357
1 0 1357
1 1 1264
1 -1 1264
1 1 1049
1 -1 1049
1 1 1353
1 -1 1353
1 0 1166
1 0 1166
1 0 1148
1 0 1148
1 0 1236
2 1686
1 0 1236
1 1 1188
1 -1 1188
2 245
1 1 1191
1 -1 1191
1 1 1301
1 -1 1301
1 0 1081
1 0 1081
2 4724
1 0 1158
1 0 1158
2 5596
1 0 1109
2 1721
2 6675
2 5511
1 0 1109
1 0 985
1 0 985
1 0 1028
1 0 1028
1 0 1357
1 0 1357
1 0 1081
1 0 1081
1 0 1325
1 0 1325
1 1 1355
1 -1 1355
1 0 1283
1 0 1283
1 0 1056
1 0 1056
1 1 1352
1 -1 1352
1 0 1093
1 0 1093
1 1 1178
1 -1 1178
1 1 986
2 3922
2 743
1 -1 986
2 710
1 0 1047
1 0 1047
1 0 1119
1 0 1119
2 1148
1 1 1289
1 -1 1289
1 1 1234
1 -1 1234
1 0 1185
1 0 1185
1 0 1354
1 0 1354
1 1 1026
1 -1 1026
2 4236
1 0 1006
1 0 1006
1 0 1353
1 0 1353
1 1 1159
2 3189
1 -1 1159
1 0 1145
1 0 1145
2 2887
1 0 1090
1 0 1090
1 0 1121
2 2175
1 0 1121
1 1 1066
1 -1 1066
1 1 1162
1 -1 1162
1 1 1014
1 -1 1014
1 0 1059
1 0 1059
2 7763
1 1 1053
1 -1 1053
1 1 1089
1 -1 1089
1 1 1210
1 -1 1210
2 4882
1 1 1304
1 -1 1304
1 0 967
1 0 967
1 1 1355
1 -1 1355
1 0 1003
1 0 1003
1 1 1250
1 -1 1250
2 7331
1 1 1221
2 2045
1 -1 1221
1 0 984
2 7245
1 0 984
1 1 1107
2 3137
1 -1 1107
2 2138
2 1916
1 1 1013
1 -1 1013
2 7075
1 1 1092
1 -1 1092
1 1 1094
1 -1 1094
1 0 983
2 331
1 0 983
1 1 1320
1 -1 1320
1 0 1137
1 0 1137
1 0 991
1 0 991
1 0 1024
1 0 1024
1 0 1009
1 0 1009
2 6374
1 0 1095
1 0 1095
1 1 1098
1 -1 1098
1 1 1075
2 3460
1 -1 1075
2 1612
1 1 1291
1 -1 1291
2 6564
1 1 977
2 5537
1 -1 977
1 0 980
1 0 980
1 1 1329
1 -1 1329
1 1 1276
1 -1 1276
1 1 1322
1 -1 1322
1 1 1248
1 -1 1248
1 0 1038
2 6005
1 0 1038
1 1 1005
2 2953
1 -1 1005
1 0 1079
1 0 1079
1 1 1118
2 3402
2 5729
1 -1 1118
1 1 1182
1 -1 1182
1 0 1149
1 0 1149
1 0 1253
1 0 1253
1 0 1072
2 6791
1 0 1072
1 0 1138
1 0 1138
1 0 971
1 0 971
1 1 1021
1 -1 1021
1 0 1137
1 0 1137
1 0 1040
1 0 1040
1 0 1016
1 0 1016
2 2269
1 0 1065
1 0 1065
1 0 1106
1 0 1106
1 0 1026
2 6664
1 0 1026
2 2294
1 1 1247
1 -1 1247
1 1 1016
1 -1 1016
1 0 999
1 0 999
1 0 1170
1 0 1170
1 1 1280
1 -1 1280
1 1 1001
1 -1 1001
2 158
1 1 1323
1 -1 1323
2 7111
1 0 1147
1 0 1147
1 0 1311
1 0 1311
1 0 1026
1 0 1026
2 4528
1 0 1248
1 0 1248
1 0 1026
1 0 1026
1 0 987
1 0 987
1 0 1243
1 0 1243
1 1 1051
2 5696
1 -1 1051
2 4011
1 0 1126
1 0 1126
1 1 1025
2 7593
2 6523
1 -1 1025
1 1 986
1 -1 986
1 0 1196
1 0 1196
2 1004
1 0 1132
1 0 1132
1 0 1252
1 0 1252
1 0 1175
1 0 1175
1 0 1021
1 0 1021
2 5598
1 0 1130
1 0 1130
1 0 1004
1 0 1004
2 2430
1 1 1318
2 3901
1 -1 1318
2 2132
1 0 1330
1 0 1330
1 1 1148
2 2003
2 198
1 -1 1148
1 1 1222
1 -1 1222
1 1 1321
1 -1 1321
1 1 1202
1 -1 1202
1 1 1099
1 -1 1099
2 4187
1 1 1173
1 -1 1173
1 1 977
1 -1 977
1 0 1256
2 3514
1 0 1256
1 1 1048
2 3259
1 -1 1048
1 0 1086
1 0 1086
2 3913
1 1 1251
1 -1 1251
1 1 1158
1 -1 1158
1 0 1005
2 5864
1 0 1005
2 6970
1 1 1209
1 -1 1209
1 0 1240
1 0 1240
1 0 1328
1 0 1328
2 7576
1 0 1302
2 2847
1 0 1302
1 1 1225
2 6072
1 -1 1225
1 0 1280
1 0 1280
1 1 1135
1 -1 1135
1 0 1002
1 0 1002
1 0 1183
1 0 1183
2 3897
1 0 1080
1 0 1080
1 0 1265
1 0 1265
1 1 1125
1 -1 1125
1 1 1140
2 3113
1 -1 1140
1 0 1354
1 0 1354
1 0 1046
1 0 1046
1 0 1357
1 0 1357
2 6375
1 0 1232
1 0 1232
1 1 1262
1 -1 1262
1 0 1158
1 0 1158
1 1 1073
1 -1 1073
1 0 988
1 0 988
1 1 1178
1 -1 1178
1 0 1107
1 0 1107
1 0 1332
1 0 1332
2 6903
1 1 1303
2 637
1 -1 1303
2 5869
1 1 1360
1 -1 1360
1 0 1147
1 0 1147
1 0 1263
1 0 1263
1 0 1124
2 6729
1 0 1124
1 0 1153
1 0 1153
1 0 985
1 0 985
1 1 998
1 -1 998
2 6986
1 1 1167
1 -1 1167
1 0 1346
1 0 1346
1 1 1323
1 -1 1323
1 0 1206
1 0 1206
1 0 1192
1 0 1192
1 0 1104
1 0 1104
1 0 1208
1 0 1208
2 3390
1 1 1267
1 -1 1267
1 1 1235
1 -1 1235
1 0 1331
1 0 1331
1 0 1150
1 0 1150
1 0 1356
1 0 1356
1 1 1003
1 -1 1003
1 0 1353
2 7142
1 0 1353
1 1 1265
2 2082
1 -1 1265
1 1 1261
2 6302
1 -1 1261
2 6046
1 0 962
1 0 962
1 1 1263
1 -1 1263
1 1 1117
1 -1 1117
2 6190
1 0 1196
1 0 1196
2 4304
2 7651
1 1 1244
1 -1 1244
1 1 1219
2 3720
1 -1 1219
1 0 1020
1 0 1020
1 0 1040
1 0 1040
1 0 1029
1 0 1029
1 0 1020
1 0 1020
1 0 1088
1 0 1088
1 1 1325
2 7799
2 1705
2 417
1 -1 1325
2 6150
1 0 1029
1 0 1029
2 341
1 1 1068
1 -1 1068
1 0 1131
1 0 1131
1 1 1156
1 -1 1156
1 0 1051
1 0 1051
2 4250
2 7330
1 1 1174
1 -1 1174
1 0 1198
1 0 1198
1 1 983
1 -1 983
1 1 1082
1 -1 1082
1 1 1211
1 -1 1211
1 1 1149
1 -1 1149
1 0 1001
2 3852
2 6453
2 1830
1 0 1001
1 0 1155
1 0 1155
1 1 1142
1 -1 1142
1 0 1026
1 0 1026
1 0 1204
1 0 1204
1 0 1348
1 0 1348
1 1 1096
1 -1 1096
1 1 1272
2 119
1 -1 1272
1 1 1351
1 -1 1351
1 1 1287
1 -1 1287
2 513
1 1 970
1 -1 970
1 0 1300
1 0 1300
2 683
1 1 1053
1 -1 1053
1 1 1268
1 -1 1268
1 1 1222
1 -1 1222
1 0 1075
1 0 1075
1 1 1043
1 -1 1043
1 1 1247
1 -1 1247
1 0 1279
1 0 1279
1 0 1335
1 0 1335
1 1 1165
2 5623
1 -1 1165
1 0 1291
1 0 1291
1 1 1283
2 6340
1 -1 1283
1 0 1146
2 2447
2 7810
1 0 1146
1 1 1158
1 -1 1158
1 1 992
1 -1 992
1 0 995
1 0 995
1 1 1136
1 -1 1136
1 1 1012
1 -1 1012
1 0 1303
1 0 1303
1 0 1027
1 0 1027
1 0 1111
1 0 1111
1 1 1065
1 -1 1065
1 0 1013
1 0 1013
2 5627
1 0 1253
2 7063
1 0 1253
1 0 1144
1 0 1144
1 0 1329
1 0 1329
1 1 1125
1 -1 1125
1 0 960
1 0 960
1 1 1167
1 -1 1167
1 1 1150
1 -1 1150
1 0 1001
1 0 1001
1 0 1083
1 0 1083
1 1 1072
1 -1 1072
1 0 1034
2 3735
2 2249
1 0 1034
1 0 1331
1 0 1331
1 1 960
1 -1 960
1 1 1284
1 -1 1284
1 0 1119
1 0 1119
2 7747
1 1 994
1 -1 994
1 0 1337
1 0 1337
1 1 1106
1 -1 1106
1 0 1249
1 0 1249
1 1 1071
2 1024
1 -1 1071
2 1024
1 0 1207
2 3127
1 0 1207
2 131
2 5662
1 1 1095
1 -1 1095
1 0 1282
2 3133
1 0 1282
1 1 1132
1 -1 1132
1 0 1015
1 0 1015
1 0 1170
1 0 1170
2 7974
1 0 1186
1 0 1186
1 0 1109
1 0 1109
1 1 1287
1 -1 1287
2 511
2 4439
2 6861
1 0 962
1 0 962
1 1 1164
1 -1 1164
1 1 1168
1 -1 1168
1 0 1350
1 0 1350
1 0 1023
1 0 1023
1 0 1015
1 0 1015
1 1 1057
2 1774
1 -1 1057
1 1 1013
2 7041
1 -1 1013
1 1 1128
2 2340
1 -1 1128
2 7508
1 0 1346
1 0 1346
1 0 1049
2 1225
2 1239
1 0 1049
2 4664
2 3112
1 1 1264
1 -1 1264
1 1 971
1 -1 971
1 1 1261
1 -1 1261
1 0 1275
1 0 1275
1 1 1360
1 -1 1360
1 1 1154
1 -1 1154
1 0 1323
1 0 1323
1 0 1221
1 0 1221
1 1 1252
1 -1 1252
1 0 1166
1 0 1166
1 1 1182
1 -1 1182
1 0 1106
1 0 1106
1 0 1225
1 0 1225
1 0 1068
1 0 1068
1 1 1235
2 6576
1 -1 1235
1 0 1291
1 0 1291
1 0 1323
1 0 1323
1 0 1218
1 0 1218
1 0 989
1 0 989
1 1 1309
1 -1 1309
2 4980
1 0 1230
1 0 1230
2 2337
1 1 1259
1 -1 1259
2 4798
1 0 986
1 0 986
1 1 1073
1 -1 1073
1 0 1120
1 0 1120
1 0 1196
1 0 1196
1 0 1119
1 0 1119
2 7558
1 0 977
1 0 977
1 0 1289
1 0 1289
1 0 1008
1 0 1008
1 0 1353
1 0 1353
2 6001
1 1 1128
1 -1 1128
1 0 1200
1 0 1200
1 0 1091
1 0 1091
1 1 1233
2 6432
1 -1 1233
2 6621
1 0 1213
2 992
2 4863
1 0 1213
1 1 1269
2 6344
1 -1 1269
2 3723
1 1 1321
1 -1 1321
2 6957
1 0 1291
1 0 1291
1 1 1308
1 -1 1308
1 1 1097
1 -1 1097
2 6704
1 0 984
2 4646
1 0 984
1 0 1352
1 0 1352
1 1 1192
2 395
1 -1 1192
1 1 1224
1 -1 1224
2 1400
1 0 1153
2 171
1 0 1153
1 0 1266
1 0 1266
1 1 1217
2 3568
1 -1 1217
1 1 1258
2 6645
1 -1 1258
1 0 1195
1 0 1195
1 1 1028
2 6618
2 6
1 -1 1028
1 0 1111
2 4314
1 0 1111
1 0 1271
1 0 1271
1 0 996
1 0 996
1 1 1319
1 -1 1319
1 1 1195
2 1256
1 -1 1195
1 0 1113
1 0 1113
1 1 1345
1 -1 1345
2 6210
1 1 1029
1 -1 1029
1 0 1187
1 0 1187
1 0 1295
1 0 1295
1 0 1096
1 0 1096
1 1 1220
2 4879
2 5879
1 -1 1220
1 1 1132
2 7847
1 -1 1132
2 4610
1 1 1067
2 1095
1 -1 1067
1 1 1183
1 -1 1183
1 1 1199
1 -1 1199
1 1 1305
1 -1 1305
1 1 1199
1 -1 1199
1 0 1159
2 7693
1 0 1159
1 0 1021
1 0 1021
1 1 1110
1 -1 1110
1 1 1275
1 -1 1275
2 2818
1 0 1091
1 0 1091
1 0 1016
2 4231
1 0 1016
1 1 1031
1 -1 1031
1 1 1142
1 -1 1142
2 7779
1 1 1055
2 6653
1 -1 1055
2 4714
1 0 1155
1 0 1155
2 5703
2 929
1 0 1318
2 3591
2 7286
1 0 1318
1 0 1174
1 0 1174
1 0 1112
1 0 1112
1 0 988
1 0 988
1 1 1152
1 -1 1152
2 5552
2 5309
2 3505
2 1208
1 1 1116
2 3451
2 2512
2 1226
2 5140
1 -1 1116
1 1 1185
1 -1 1185
1 1 1306
1 -1 1306
1 1 1174
2 576
1 -1 1174
1 1 1232
1 -1 1232
1 1 1106
2 5052
1 -1 1106
2 3141
1 1 1296
1 -1 1296
1 0 1137
1 0 1137
1 1 1352
1 -1 1352
1 1 1215
1 -1 1215
1 1 1049
2 7290
1 -1 1049
1 1 1110
1 -1 1110
1 1 1188
1 -1 1188
1 1 1217
1 -1 1217
1 0 978
1 0 978
1 0 992
2 87
1 0 992
1 1 1307
1 -1 1307
1 1 1355
1 -1 1355
1 0 1096
1 0 1096
2 5499
1 0 1138
1 0 1138
1 0 1135
1 0 1135
1 0 1266
1 0 1266
1 0 1329
1 0 1329
1 1 1021
1 -1 1021
2 3456
1 1 1253
1 -1 1253
1 1 1104
1 -1 1104
2 4295
2 6061
1 1 1353
1 -1 1353
1 0 1338
1 0 1338
1 1 1098
1 -1 1098
1 1 1067
1 -1 1067
1 1 1223
1 -1 1223
1 1 1310
1 -1 1310
1 1 1158
1 -1 1158
1 1 1093
1 -1 1093
1 0 1246
1 0 1246
1 1 1290
1 -1 1290
2 4995
1 1 1270
1 -1 1270
1 0 1148
1 0 1148
2 4548
2 2192
1 0 983
1 0 983
1 0 1253
1 0 1253
2 1534
1 0 976
1 0 976
1 0 994
2 576
1 0 994
1 0 1290
2 3867
2 3944
1 0 1290
1 1 1115
2 628
1 -1 1115
1 1 1022
1 -1 1022
1 1 1112
1 -1 1112
1 1 1002
1 -1 1002
2 3337
2 3271
1 1 1075
2 1989
1 -1 1075
1 1 1222
1 -1 1222
1 0 1137
1 0 1137
1 1 1235
1 -1 1235
1 1 1243
2 7375
2 2771
1 -1 1243
1 1 1250
2 765
2 4150
2 4418
1 -1 1250
1 0 1167
1 0 1167
2 7684
2 7681
2 3233
1 0 1277
1 0 1277
1 0 1103
1 0 1103
1 0 1062
1 0 1062
1 1 1078
2 1671
1 -1 1078
2 429
1 0 1020
1 0 1020
2 3847
2 5059
1 0 1333
2 2337
1 0 1333
2 6770
1 0 1209
1 0 1209
2 6692
1 0 1122
1 0 1122
1 0 1022
1 0 1022
1 0 1224
1 0 1224
1 1 1264
1 -1 1264
1 1 1356
1 -1 1356
1 1 1056
2 744
2 5510
1 -1 1056
1 0 1344
1 0 1344
1 1 1033
1 -1 1033
1 0 1257
1 0 1257
2 7237
1 1 1274
1 -1 1274
1 0 981
1 0 981
1 0 979
1 0 979
1 0 1253
1 0 1253
1 1 1027
1 -1 1027
1 0 1140
1 0 1140
1 1 1225
1 -1 1225
2 2850
1 0 1153
1 0 1153
1 0 1276
1 0 1276
1 0 1281
1 0 1281
2 4124
1 1 971
1 -1 971
1 0 1284
2 2185
1 0 1284
1 0 1050
1 0 1050
2 4541
1 1 1155
1 -1 1155
1 0 1346
1 0 1346
1 1 1262
1 -1 1262
1 1 1102
2 3997
1 -1 1102
2 6738
1 0 1334
1 0 1334
1 0 1310
1 0 1310
1 1 1117
1 -1 1117
1 1 1089
1 -1 1089
1 0 1321
1 0 1321
1 0 1123
1 0 1123
2 101
1 1 993
1 -1 993
1 0 1288
1 0 1288
1 1 1088
2 5811
1 -1 1088
2 251
1 0 1273
1 0 1273
1 0 1168
2 1752
1 0 1168
1 1 1138
2 3797
1 -1 1138
2 7780
2 7150
1 0 1182
1 0 1182
1 0 1261
1 0 1261
2 595
1 0 1123
1 0 1123
1 0 1056
1 0 1056
1 0 1026
1 0 1026
2 3048
1 0 1060
1 0 1060
1 1 1246
1 -1 1246
1 0 1231
1 0 1231
1 0 1215
1 0 1215
1 1 1027
1 -1 1027
1 1 1333
1 -1 1333
1 1 1149
1 -1 1149
1 1 1047
1 -1 1047
2 3328
1 1 1241
1 -1 1241
2 2002
1 0 1287
1 0 1287
2 1157
1 1 1098
2 6567
1 -1 1098
2 352
2 2352
1 0 1051
1 0 1051
1 1 1334
1 -1 1334
1 1 1153
1 -1 1153
1 0 1049
1 0 1049
2 5002
1 1 1342
1 -1 1342
2 3127
1 0 1185
1 0 1185
1 1 968
1 -1 968
1 1 1354
1 -1 1354
1 1 1004
1 -1 1004
1 1 1041
2 561
1 -1 1041
1 1 1161
1 -1 1161
2 378
1 0 1296
1 0 1296
1 0 1188
2 5274
1 0 1188
2 7082
2 4014
1 0 1183
1 0 1183
1 1 1104
1 -1 1104
1 0 1249
1 0 1249
1 0 1242
2 5108
1 0 1242
1 0 982
1 0 982
1 0 1214
1 0 1214
1 0 971
1 0 971
1 0 1267
1 0 1267
2 1519
1 0 1238
2 183
1 0 1238
1 1 971
1 -1 971
2 1930
1 0 1103
1 0 1103
2 7483
1 1 1276
1 -1 1276
2 2184
1 1 1118
1 -1 1118
1 0 977
2 2461
1 0 977
1 1 1017
1 -1 1017
1 0 1309
1 0 1309
1 0 1075
2 5742
1 0 1075
1 0 1030
1 0 1030
1 1 1015
1 -1 1015
1 1 1060
1 -1 1060
2 2989
1 1 1124
1 -1 1124
1 0 1298
1 0 1298
1 0 1131
1 0 1131
1 1 1177
1 -1 1177
1 0 1202
1 0 1202
2 7737
1 0 1258
1 0 1258
2 3238
1 1 1102
1 -1 1102
1 1 1160
1 -1 1160
1 0 979
1 0 979
1 0 1010
1 0 1010
1 0 1145
2 4560
1 0 1145
1 0 1226
1 0 1226
1 1 1173
1 -1 1173
1 0 1227
2 1026
1 0 1227
2 6201
1 1 980
2 184
1 -1 980
1 1 1299
1 -1 1299
1 0 1069
1 0 1069
1 0 1258
1 0 1258
2 832
2 3063
1 1 1084
1 -1 1084
1 1 1005
1 -1 1005
1 1 1177
1 -1 1177
1 0 1047
1 0 1047
2 2639
1 1 1190
1 -1 1190
1 1 1121
1 -1 1121
1 1 1267
1 -1 1267
2 2419
1 1 1086
1 -1 1086
1 1 1108
1 -1 1108
1 1 1109
2 3154
1 -1 1109
1 1 1029
1 -1 1029
2 3403
2 7407
1 0 1215
1 0 1215
2 7488
2 2008
2 7745
1 1 1304
2 5409
1 -1 1304
1 0 1001
1 0 1001
1 1 1286
1 -1 1286
2 6053
1 1 1283
1 -1 1283
1 1 984
2 7163
1 -1 984
2 76
1 0 1028
1 0 1028
1 1 971
1 -1 971
1 0 1229
1 0 1229
1 1 1006
1 -1 1006
1 0 1128
1 0 1128
1 1 1235
2 2925
1 -1 1235
1 1 1003
1 -1 1003
1 0 1216
1 0 1216
1 0 1168
1 0 1168
1 0 1201
1 0 1201
1 0 1176
1 0 1176
1 0 1202
1 0 1202
1 0 1305
2 5344
1 0 1305
1 1 1165
1 -1 1165
1 1 1172
1 -1 1172
2 770
1 0 1290
1 0 1290
1 0 1229
1 0 1229
2 3650
1 0 1268
1 0 1268
1 1 996
1 -1 996
2 5166
1 0 1353
1 0 1353
1 1 1007
1 -1 1007
2 3765
1 0 1173
1 0 1173
1 0 1153
1 0 1153
1 1 1081
2 4331
1 -1 1081
2 3891
1 1 1078
1 -1 1078
1 1 1300
1 -1 1300
1 0 1082
1 0 1082
2 3124
2 530
1 1 1019
1 -1 1019
1 0 1099
1 0 1099
1 1 1226
1 -1 1226
1 0 1323
1 0 1323
1 1 1286
1 -1 1286
1 1 1190
2 2343
1 -1 1190
1 1 1096
1 -1 1096
1 0 1230
1 0 1230
2 200
1 0 1158
2 5273
1 0 1158
2 1500
2 1262
1 0 1123
1 0 1123
1 1 1017
1 -1 1017
1 1 1070
1 -1 1070
2 1770
1 0 979
1 0 979
2 1950
2 5005
1 0 1058
1 0 1058
1 0 1066
2 667
1 0 1066
1 0 1205
1 0 1205
1 0 1129
1 0 1129
2 5646
1 1 1174
1 -1 1174
1 1 1295
1 -1 1295
2 7320
1 1 1235
1 -1 1235
2 2595
1 1 1187
1 -1 1187
1 0 1121
1 0 1121
2 1440
1 0 1206
1 0 1206
1 0 1176
1 0 1176
1 1 1180
1 -1 1180
1 0 1198
1 0 1198
1 1 1261
2 4625
1 -1 1261
1 1 1214
2 1668
1 -1 1214
2 3688
1 0 1043
1 0 1043
1 0 1292
2 4554
1 0 1292
1 1 1355
1 -1 1355
1 0 1265
1 0 1265
1 1 1209
1 -1 1209
1 1 1331
1 -1 1331
1 1 1076
1 -1 1076
1 0 1004
2 1421
1 0 1004
1 1 1065
1 -1 1065
2 4884
1 1 1241
1 -1 1241
1 0 1085
1 0 1085
2 3749
1 0 1322
1 0 1322
2 4727
1 1 1253
1 -1 1253
1 1 1331
1 -1 1331
2 5911
1 0 1068
1 0 1068
2 651
1 1 1261
1 -1 1261
2 4569
1 0 980
1 0 980
2 1964
2 796
1 0 1323
2 7167
1 0 1323
1 0 991
1 0 991
1 1 1014
1 -1 1014
1 1 1129
1 -1 1129
1 0 960
2 6756
2 4320
2 1753
1 0 960
1 0 1206
1 0 1206
1 0 1156
2 1198
1 0 1156
1 0 1224
1 0 1224
1 1 1320
1 -1 1320
1 1 1078
1 -1 1078
1 1 1243
1 -1 1243
1 1 1005
1 -1 1005
2 7687
1 1 1041
1 -1 1041
2 5678
2 95
1 1 986
2 7522
2 5601
1 -1 986
2 7691
1 1 1125
1 -1 1125
1 0 984
1 0 984
1 1 1050
1 -1 1050
1 1 1269
1 -1 1269
1 1 1261
2 7928
1 -1 1261
1 1 1190
1 -1 1190
1 1 1005
1 -1 1005
1 0 1040
1 0 1040
1 0 1163
1 0 1163
1 1 1077
1 -1 1077
1 1 1343
1 -1 1343
2 3751
1 0 1192
1 0 1192
1 1 1033
1 -1 1033
1 0 1284
2 1362
1 0 1284
1 1 1348
1 -1 1348
2 1218
1 1 1166
2 6541
1 -1 1166
1 1 1180
2 3858
1 -1 1180
1 0 1096
1 0 1096
1 0 1092
2 6811
1 0 1092
1 0 1037
1 0 1037
1 1 994
1 -1 994
2 5632
1 0 1327
1 0 1327
1 0 1342
1 0 1342
1 1 964
1 -1 964
1 1 1352
1 -1 1352
1 1 1044
1 -1 1044
2 4606
1 0 975
1 0 975
1 1 1186
2 778
1 -1 1186
2 6011
1 0 1225
1 0 1225
1 1 1252
1 -1 1252
1 0 1180
1 0 1180
1 1 1359
1 -1 1359
1 1 1207
1 -1 1207
2 966
2 900
1 0 1007
1 0 1007
2 6838
1 1 975
1 -1 975
1 1 1328
1 -1 1328
1 0 1234
1 0 1234
1 0 1023
1 0 1023
2 1683
1 0 1318
1 0 1318
1 0 1287
1 0 1287
1 1 982
1 -1 982
1 0 1309
2 6911
1 0 1309
1 0 1175
1 0 1175
1 1 1327
1 -1 1327
1 0 995
1 0 995
1 1 968
1 -1 968
2 7873
1 1 1231
1 -1 1231
1 0 1214
1 0 1214
1 0 1077
1 0 1077
1 1 984
2 4959
1 -1 984
2 6957
1 1 1065
1 -1 1065
1 0 1268
1 0 1268
1 0 1306
1 0 1306
2 7669
2 641
1 0 1289
1 0 1289
1 0 1008
1 0 1008
1 1 1152
2 3398
1 -1 1152
1 0 1147
2 2859
1 0 1147
1 0 1228
1 0 1228
1 1 1306
2 7434
1 -1 1306
1 1 1211
2 7544
1 -1 1211
1 0 980
2 1396
1 0 980
1 1 1151
1 -1 1151
1 1 1011
1 -1 1011
1 0 1248
1 0 1248
1 1 1062
1 -1 1062
1 0 1169
1 0 1169
1 0 1312
2 1678
2 796
1 0 1312
1 0 1292
1 0 1292
1 1 972
1 -1 972
1 1 1018
1 -1 1018
2 4034
2 3967
1 1 1243
1 -1 1243
1 1 1012
1 -1 1012
1 1 1041
1 -1 1041
1 0 1260
1 0 1260
1 1 1052
2 628
1 -1 1052
1 1 1002
2 7703
1 -1 1002
1 0 1106
1 0 1106
1 1 1028
1 -1 1028
1 1 1057
2 1753
2 5466
1 -1 1057
2 3007
1 0 1337
1 0 1337
1 1 1000
1 -1 1000
2 6451
1 1 1125
1 -1 1125
1 0 1161
2 4856
1 0 1161
1 0 1332
2 4118
1 0 1332
2 7939
1 0 1119
1 0 1119
2 2847
1 0 1312
2 1293
1 0 1312
1 0 1127
1 0 1127
1 0 1359
1 0 1359
1 1 1158
1 -1 1158
1 0 1141
1 0 1141
1 1 1232
1 -1 1232
1 0 1134
1 0 1134
1 1 1038
1 -1 1038
1 1 1317
1 -1 1317
2 1793
1 0 1252
1 0 1252
1 1 1054
2 6105
1 -1 1054
1 1 1285
1 -1 1285
1 0 1150
1 0 1150
1 0 1124
1 0 1124
1 0 1255
1 0 1255
1 1 1123
1 -1 1123
1 0 1132
1 0 1132
1 1 1244
1 -1 1244
1 1 1041
1 -1 1041
1 0 1113
1 0 1113
1 0 995
1 0 995
1 1 1214
1 -1 1214
1 1 1307
2 7152
1 -1 1307
2 6710
1 0 1174
1 0 1174
2 6213
1 0 1116
2 6406
1 0 1116
1 0 1069
2 1944
1 0 1069
1 0 969
1 0 969
2 7977
1 1 983
1 -1 983
2 7791
2 5300
1 1 1137
1 -1 1137
1 1 1128
1 -1 1128
1 0 1084
2 1212
1 0 1084
2 4587
1 0 1182
1 0 1182
1 1 1294
2 870
1 -1 1294
1 0 1134
2 1501
2 5080
1 0 1134
1 1 1076
1 -1 1076
2 7863
1 0 1280
1 0 1280
2 4119
1 0 1170
1 0 1170
2 416
2 3807
1 0 978
1 0 978
1 1 1305
2 3584
2 4481
1 -1 1305
1 0 1083
1 0 1083
1 0 1100
2 3106
1 0 1100
1 1 1273
1 -1 1273
1 0 1352
1 0 1352
2 2245
1 1 1187
1 -1 1187
1 1 1064
1 -1 1064
1 0 1116
1 0 1116
1 0 1217
1 0 1217
1 1 1070
1 -1 1070
1 1 1214
1 -1 1214
1 0 1169
1 0 1169
1 1 1010
1 -1 1010
1 0 1334
1 0 1334
1 1 1093
1 -1 1093
1 1 1306
1 -1 1306
1 1 1250
1 -1 1250
1 1 1021
2 1144
1 -1 1021
2 5925
1 0 1326
2 590
1 0 1326
2 4515
1 0 1245
1 0 1245
1 0 1313
2 2366
1 0 1313
1 0 1277
1 0 1277
1 0 1273
1 0 1273
1 1 1250
1 -1 1250
1 0 1251
1 0 1251
1 1 1008
1 -1 1008
1 0 1294
1 0 1294
1 1 1117
1 -1 1117
2 7820
2 627
1 0 1348
1 0 1348
1 1 1357
1 -1 1357
1 1 1137
1 -1 1137
2 7678
1 0 1214
1 0 1214
1 0 974
2 4155
1 0 974
1 0 1301
2 7062
1 0 1301
1 1 1236
1 -1 1236
1 1 1079
1 -1 1079
2 6997
1 1 1207
1 -1 1207
1 0 969
1 0 969
1 0 1307
1 0 1307
1 0 973
2 4867
1 0 973
1 0 1122
2 1493
1 0 1122
2 5962
1 0 1083
1 0 1083
1 1 1286
1 -1 1286
1 1 1169
1 -1 1169
1 0 1266
2 4556
1 0 1266
2 7924
1 1 1002
1 -1 1002
1 1 1341
1 -1 1341
1 1 1069
1 -1 1069
1 0 1006
1 0 1006
1 0 972
1 0 972
2 2746
2 2918
1 1 1354
1 -1 1354
1 1 1037
1 -1 1037
1 0 1174
1 0 1174
1 1 1248
1 -1 1248
2 7735
1 0 1236
1 0 1236
2 3931
1 0 1309
2 6706
2 450
1 0 1309
2 7122
1 1 1339
1 -1 1339
1 0 981
1 0 981
1 1 1200
1 -1 1200
2 905
2 4919
1 0 1161
2 4602
1 0 1161
1 0 1210
1 0 1210
1 1 1132
1 -1 1132
1 1 1107
1 -1 1107
1 0 1357
1 0 1357
1 0 1056
2 2836
1 0 1056
1 1 989
1 -1 989
1 1 1094
1 -1 1094
2 5652
2 6102
1 0 1337
1 0 1337
1 1 1291
2 2500
1 -1 1291
1 0 969
1 0 969
1 1 1286
1 -1 1286
1 0 1002
1 0 1002
1 1 1199
1 -1 1199
1 0 1174
2 6965
1 0 1174
2 6089
1 0 1171
1 0 1171
1 1 1192
1 -1 1192
1 0 1077
1 0 1077
2 4666
1 0 1049
1 0 1049
1 0 1068
1 0 1068
2 7834
1 1 1178
1 -1 1178
1 0 1188
1 0 1188
2 5143
1 1 1045
1 -1 1045
1 1 1313
2 7551
1 -1 1313
1 1 1031
2 7927
2 7691
2 5954
1 -1 1031
1 1 1088
2 4459
1 -1 1088
1 0 1316
1 0 1316
1 0 979
1 0 979
1 1 975
1 -1 975
1 1 1079
1 -1 1079
1 1 1078
1 -1 1078
1 1 1048
1 -1 1048
1 0 1204
1 0 1204
1 0 1017
2 1045
1 0 1017
2 7662
1 1 1039
2 2243
1 -1 1039
1 0 1206
1 0 1206
1 0 1112
1 0 1112
1 1 1317
2 14
2 7905
1 -1 1317
1 1 1038
1 -1 1038
1 0 1161
2 2773
2 670
1 0 1161
1 1 1140
2 1280
2 756
1 -1 1140
1 1 1151
1 -1 1151
1 0 982
1 0 982
2 4737
1 1 1095
1 -1 1095
1 0 962
2 7983
1 0 962
2 5381
1 1 1119
1 -1 1119
1 1 1267
1 -1 1267
1 0 1039
1 0 1039
2 512
1 1 1060
1 -1 1060
1 1 1211
2 6502
1 -1 1211
1 1 1129
2 5451
1 -1 1129
1 0 1068
1 0 1068
1 1 1085
1 -1 1085
1 0 1043
1 0 1043
1 1 1271
1 -1 1271
1 0 1075
1 0 1075
1 1 1295
1 -1 1295
1 1 1325
2 1749
1 -1 1325
1 0 1034
1 0 1034
1 0 1027
1 0 1027
1 1 1311
1 -1 1311
1 1 1124
1 -1 1124
1 1 1048
1 -1 1048
1 1 1234
1 -1 1234
1 0 1092
1 0 1092
2 5628
1 1 1257
1 -1 1257
1 0 1116
1 0 1116
2 1008
1 0 1306
1 0 1306
1 0 995
1 0 995
1 1 1345
2 5513
2 4986
1 -1 1345
1 1 1021
1 -1 1021
1 0 1232
2 4778
1 0 1232
1 1 1358
1 -1 1358
2 499
1 0 1075
1 0 1075
1 1 1008
1 -1 1008
1 1 1017
1 -1 1017
1 0 1284
1 0 1284
2 1325
1 0 1097
1 0 1097
1 1 1354
2 3612
1 -1 1354
1 0 1108
1 0 1108
2 6934
1 1 1117
1 -1 1117
2 7895
2 3667
2 1442
1 0 1172
2 3572
1 0 1172
1 0 1254
2 3878
1 0 1254
1 0 1224
1 0 1224
2 3749
1 0 1125
1 0 1125
1 1 1136
1 -1 1136
1 0 964
1 0 964
1 0 972
2 7137
1 0 972
2 2961
1 1 1096
1 -1 1096
1 0 1249
1 0 1249
1 1 1060
1 -1 1060
2 6503
1 0 1143
2 6676
1 0 1143
1 0 967
2 3488
1 0 967
1 1 1176
1 -1 1176
2 3458
1 1 1168
1 -1 1168
1 1 1296
1 -1 1296
1 1 1004
2 4317
2 5628
1 -1 1004
1 1 1176
1 -1 1176
1 1 1075
1 -1 1075
1 1 1064
1 -1 1064
1 1 1257
1 -1 1257
2 2813
1 0 1067
1 0 1067
1 1 1082
1 -1 1082
1 1 1146
2 589
1 -1 1146
1 1 972
1 -1 972
2 2064
1 1 1293
1 -1 1293
1 0 970
1 0 970
2 5286
2 233
1 1 1342
2 4573
1 -1 1342
1 0 1043
1 0 1043
1 1 1188
1 -1 1188
1 1 1145
1 -1 1145
1 0 969
1 0 969
1 0 1151
1 0 1151
1 0 1136
1 0 1136
1 1 1291
1 -1 1291
1 0 1222
1 0 1222
2 5715
1 1 998
1 -1 998
2 6681
2 6468
1 0 1111
1 0 1111
2 6741
2 6264
1 0 1348
1 0 1348
1 0 1128
1 0 1128
1 0 996
1 0 996
1 1 1065
1 -1 1065
1 1 1011
2 4828
1 -1 1011
1 0 1009
1 0 1009
1 1 1016
2 7128
1 -1 1016
1 0 1283
1 0 1283
1 0 1124
1 0 1124
2 6876
1 1 1216
1 -1 1216
1 0 1311
1 0 1311
1 1 1214
1 -1 1214
1 1 1089
1 -1 1089
1 1 1022
1 -1 1022
1 1 976
1 -1 976
1 0 974
1 0 974
1 0 1002
1 0 1002
1 0 1101
1 0 1101
1 1 971
1 -1 971
1 1 1083
1 -1 1083
1 1 1127
1 -1 1127
1 0 1268
1 0 1268
1 1 1263
2 6221
1 -1 1263
1 1 1070
1 -1 1070
1 0 1191
2 4572
1 0 1191
1 0 1344
1 0 1344
1 0 1160
1 0 1160
1 1 1220
1 -1 1220
1 1 1356
2 1250
2 5880
1 -1 1356
1 0 1027
1 0 1027
1 0 997
1 0 997
1 1 1329
1 -1 1329
1 0 975
1 0 975
1 1 1152
1 -1 1152
1 1 1275
1 -1 1275
2 5107
1 1 969
1 -1 969
1 1 1109
2 448
1 -1 1109
2 3476
1 1 1261
1 -1 1261
2 7520
1 0 1211
1 0 1211
1 0 1175
1 0 1175
1 1 1039
1 -1 1039
1 1 1176
1 -1 1176
2 393
1 1 1062
1 -1 1062
1 1 1109
1 -1 1109
1 0 1211
1 0 1211
2 91
1 0 993
1 0 993
1 1 1342
1 -1 1342
1 0 1290
1 0 1290
1 0 1151
1 0 1151
1 1 1007
1 -1 1007
2 3889
1 0 1356
1 0 1356
1 1 1083
1 -1 1083
1 0 1111
2 5981
1 0 1111
1 1 1109
1 -1 1109
2 6190
2 5932
1 0 1250
2 7373
1 0 1250
1 0 1263
1 0 1263
2 4963
1 1 1267
1 -1 1267
1 0 1019
2 5563
1 0 1019
1 0 1165
1 0 1165
1 0 1159
2 2912
1 0 1159
1 0 1119
1 0 1119
1 0 1279
1 0 1279
1 1 970
1 -1 970
2 6140
1 1 993
1 -1 993
1 1 1026
1 -1 1026
2 899
2 6473
1 1 1179
1 -1 1179
1 0 1185
1 0 1185
1 1 1014
1 -1 1014
1 0 978
1 0 978
1 1 1131
1 -1 1131
2 3782
1 1 1053
1 -1 1053
2 526
1 1 1106
1 -1 1106
1 0 1072
2 5685
1 0 1072
2 3781
1 1 1232
2 92
1 -1 1232
2 7702
2 7024
1 0 1211
2 1031
1 0 1211
1 1 1037
1 -1 1037
1 1 1170
1 -1 1170
1 0 1073
1 0 1073
1 0 1109
2 6661
2 6732
2 2811
1 0 1109
1 0 1304
1 0 1304
1 0 1227
1 0 1227
1 1 1146
1 -1 1146
2 1249
1 0 1061
1 0 1061
1 1 997
1 -1 997
1 0 1222
2 1562
1 0 1222
1 0 1242
2 1058
1 0 1242
1 0 1131
2 1379
1 0 1131
2 1682
1 0 1209
2 7985
1 0 1209
1 0 1150
1 0 1150
1 0 1004
1 0 1004
2 6151
1 1 1155
1 -1 1155
1 0 1082
1 0 1082
1 0 1353
1 0 1353
1 1 1212
1 -1 1212
1 1 1083
1 -1 1083
1 1 1316
2 3816
1 -1 1316
1 0 1318
1 0 1318
1 0 1056
2 547
1 0 1056
1 0 1256
2 3628
1 0 1256
1 0 1316
1 0 1316
1 1 1251
1 -1 1251
1 1 1305
1 -1 1305
1 1 974
2 5112
1 -1 974
1 0 1071
1 0 1071
1 0 1249
1 0 1249
2 1090
1 0 1106
1 0 1106
2 5750
1 1 1358
2 4495
1 -1 1358
1 0 1360
1 0 1360
2 2754
1 0 1077
1 0 1077
1 0 1181
1 0 1181
1 1 979
2 4023
1 -1 979
1 0 1041
1 0 1041
1 0 961
1 0 961
1 1 1107
1 -1 1107
1 1 1133
1 -1 1133
1 0 1049
1 0 1049
2 7225
1 0 1182
1 0 1182
1 1 1125
1 -1 1125
1 1 1255
1 -1 1255
1 1 1253
2 7213
2 6686
1 -1 1253
1 0 1327
1 0 1327
1 0 1323
1 0 1323
1 1 1163
1 -1 1163
1 1 1017
1 -1 1017
1 1 986
2 7079
2 6341
1 -1 986
1 0 1163
1 0 1163
1 1 1076
1 -1 1076
2 4853
1 1 1199
2 6369
2 2619
1 -1 1199
1 1 1111
1 -1 1111
1 1 1030
1 -1 1030
1 0 1003
2 6025
2 4475
1 0 1003
1 1 1251
2 1425
1 -1 1251
1 0 1215
2 2906
1 0 1215
1 1 1238
1 -1 1238
1 1 1284
2 6388
2 3428
1 -1 1284
2 3485
2 7627
1 1 1271
1 -1 1271
1 1 1057
1 -1 1057
2 5606
1 0 1298
1 0 1298
1 1 1252
2 1464
2 5573
1 -1 1252
2 5317
1 1 1106
1 -1 1106
2 3937
1 1 1207
1 -1 1207
1 1 1293
2 1710
1 -1 1293
1 1 1313
1 -1 1313
1 1 1174
1 -1 1174
1 0 1108
1 0 1108
1 0 1116
1 0 1116
1 0 1351
1 0 1351
1 1 1074
1 -1 1074
1 1 1323
1 -1 1323
1 1 984
1 -1 984
1 0 986
2 1697
2 1241
1 0 986
1 1 1302
1 -1 1302
1 0 1288
2 2723
2 7710
2 2661
2 3736
2 2134
1 0 1288
1 0 1225
1 0 1225
1 0 1077
1 0 1077
1 1 1264
1 -1 1264
1 0 1010
1 0 1010
1 1 966
1 -1 966
1 1 1104
1 -1 1104
2 3925
1 1 1062
2 3773
1 -1 1062
1 1 1351
1 -1 1351
1 1 1297
1 -1 1297
1 0 993
1 0 993
1 0 1223
1 0 1223
1 0 1131
1 0 1131
1 0 1333
1 0 1333
1 1 1340
1 -1 1340
2 5458
2 336
1 0 1115
2 7252
1 0 1115
2 4994
1 1 1042
2 7166
1 -1 1042
1 1 999
1 -1 999
1 0 1102
2 4271
2 662
1 0 1102
1 0 1001
1 0 1001
1 1 1005
2 1614
2 7372
1 -1 1005
1 1 1304
1 -1 1304
1 0 1130
1 0 1130
1 1 1248
1 -1 1248
1 1 1337
1 -1 1337
1 0 1237
2 6950
1 0 1237
1 1 1351
1 -1 1351
1 0 1017
1 0 1017
1 1 1200
1 -1 1200
1 1 964
1 -1 964
1 0 1145
1 0 1145
1 1 1147
1 -1 1147
1 0 1037
2 2772
1 0 1037
2 4469
2 1307
1 1 1048
1 -1 1048
1 1 1073
1 -1 1073
2 158
1 0 1239
1 0 1239
1 0 1337
1 0 1337
1 1 996
1 -1 996
2 6876
1 1 1270
1 -1 1270
1 0 1052
1 0 1052
1 0 1096
1 0 1096
2 5390
2 2863
1 0 1348
1 0 1348
1 0 1354
1 0 1354
1 0 1329
1 0 1329
1 0 1211
2 6609
1 0 1211
2 4802
1 0 1317
1 0 1317
2 6295
1 1 1206
1 -1 1206
1 0 1232
1 0 1232
1 1 1244
1 -1 1244
2 2825
1 0 1114
1 0 1114
2 4294
1 0 963
1 0 963
1 0 1218
1 0 1218
2 5360
1 1 1312
1 -1 1312
2 4987
1 1 1243
2 2418
1 -1 1243
1 1 1188
1 -1 1188
2 7127
1 0 1265
1 0 1265
1 0 1032
1 0 1032
1 1 1042
2 2232
1 -1 1042
2 5441
2 2395
1 1 998
2 3446
1 -1 998
1 0 981
1 0 981
1 1 1161
1 -1 1161
1 0 1337
1 0 1337
1 1 960
1 -1 960
1 1 1143
2 7592
2 2724
1 -1 1143
1 0 1320
2 453
1 0 1320
1 0 1137
1 0 1137
2 5208
1 0 1185
2 898
2 6173
1 0 1185
2 7726
1 0 1263
2 1914
2 3594
1 0 1263
1 1 1257
1 -1 1257
1 0 1322
1 0 1322
2 2057
1 0 1123
1 0 1123
1 1 1272
1 -1 1272
1 1 1285
1 -1 1285
1 1 1042
1 -1 1042
2 7332
2 1838
1 1 1210
1 -1 1210
1 1 960
1 -1 960
1 0 1297
2 6587
1 0 1297
1 0 1340
1 0 1340
1 0 1031
1 0 1031
1 1 1131
1 -1 1131
2 6597
1 1 1301
1 -1 1301
2 7324
1 0 1310
1 0 1310
2 969
2 4852
1 1 1051
1 -1 1051
1 0 974
1 0 974
1 0 1309
1 0 1309
1 0 1301
2 5381
1 0 1301
1 0 1184
1 0 1184
2 7032
1 0 1289
1 0 1289
2 5927
1 1 1301
2 369
1 -1 1301
2 4361
1 0 1360
1 0 1360
2 3811
1 1 1301
1 -1 1301
1 0 1041
1 0 1041
1 0 1103
2 2171
1 0 1103
2 3330
2 7091
2 4186
1 1 961
1 -1 961
1 0 1315
1 0 1315
1 0 1193
2 3009
1 0 1193
1 0 983
1 0 983
1 1 1033
1 -1 1033
2 3181
1 1 1046
1 -1 1046
1 0 980
1 0 980
1 1 1302
2 7631
1 -1 1302
1 1 1190
1 -1 1190
1 1 1050
1 -1 1050
1 1 1148
1 -1 1148
1 1 1210
2 2901
2 3331
1 -1 1210
2 5242
1 0 960
1 0 960
1 0 1152
1 0 1152
1 0 1178
1 0 1178
1 0 1084
1 0 1084
1 0 1208
1 0 1208
1 1 970
1 -1 970
1 1 1211
1 -1 1211
1 1 1026
1 -1 1026
2 4653
1 1 1304
1 -1 1304
1 1 1334
1 -1 1334
1 1 1046
1 -1 1046
2 3788
1 0 1356
1 0 1356
1 0 1196
1 0 1196
1 1 1224
1 -1 1224
1 1 1062
1 -1 1062
1 1 1176
1 -1 1176
1 0 1099
1 0 1099
1 0 1007
1 0 1007
1 1 1350
1 -1 1350
1 0 1216
1 0 1216
1 1 1012
2 7234
2 306
1 -1 1012
1 1 1167
1 -1 1167
1 1 1248
1 -1 1248
1 0 1049
1 0 1049
1 1 1014
1 -1 1014
2 1088
1 1 1235
1 -1 1235
1 0 1045
1 0 1045
1 0 1133
1 0 1133
1 1 1223
1 -1 1223
1 0 1334
2 2744
1 0 1334
1 0 1189
1 0 1189
1 0 1149
1 0 1149
1 1 1305
1 -1 1305
1 0 1174
1 0 1174
1 1 1087
1 -1 1087
1 1 1052
1 -1 1052
1 1 1082
1 -1 1082
1 1 982
1 -1 982
1 1 1270
1 -1 1270
1 1 1248
1 -1 1248
1 0 986
1 0 986
2 319
1 1 1202
1 -1 1202
1 1 1213
1 -1 1213
1 1 1263
2 6933
1 -1 1263
1 1 1212
2 396
1 -1 1212
2 5420
1 0 1246
1 0 1246
1 1 975
1 -1 975
2 2131
1 0 1281
1 0 1281
1 1 1219
1 -1 1219
1 1 990
1 -1 990
1 0 1163
2 2583
1 0 1163
1 0 1011
1 0 1011
1 0 1242
1 0 1242
2 2594
1 0 1148
2 7698
2 5876
1 0 1148
2 957
2 4771
1 1 1163
1 -1 1163
1 0 1001
1 0 1001
1 1 1038
1 -1 1038
1 1 1233
1 -1 1233
1 0 1286
1 0 1286
1 1 1009
2 6795
1 -1 1009
1 0 1124
1 0 1124
1 0 1032
1 0 1032
1 1 1075
1 -1 1075
1 0 1357
1 0 1357
1 1 1135
2 1970
1 -1 1135
1 1 1149
1 -1 1149
2 2778
1 0 1074
1 0 1074
1 0 1072
1 0 1072
1 1 1112
1 -1 1112
1 1 1277
1 -1 1277
2 6897
1 1 1260
2 6798
1 -1 1260
1 0 1088
1 0 1088
1 1 1342
1 -1 1342
1 1 990
1 -1 990
1 1 1354
1 -1 1354
1 1 1153
1 -1 1153
1 1 993
1 -1 993
1 0 1253
1 0 1253
1 1 1338
1 -1 1338
1 1 978
1 -1 978
1 1 1229
1 -1 1229
1 1 1190
1 -1 1190
1 1 1226
1 -1 1226
1 1 1151
1 -1 1151
1 1 981
1 -1 981
1 1 1073
1 -1 1073
1 1 1209
1 -1 1209
1 0 1149
2 384
1 0 1149
1 0 1076
1 0 1076
1 1 986
1 -1 986
1 0 967
1 0 967
1 0 980
1 0 980
1 1 1038
1 -1 1038
1 1 1251
1 -1 1251
1 0 1056
1 0 1056
1 1 1030
1 -1 1030
1 0 1052
1 0 1052
1 0 1001
2 3973
2 3278
1 0 1001
1 0 1169
1 0 1169
1 0 1243
1 0 1243
2 6444
1 1 1352
1 -1 1352
1 1 1265
1 -1 1265
1 1 1101
1 -1 1101
1 0 1133
1 0 1133
1 1 1010
1 -1 1010
1 1 1071
1 -1 1071
1 0 1283
1 0 1283
1 1 1098
1 -1 1098
1 0 1312
1 0 1312
1 0 991
2 4522
1 0 991
1 1 1219
1 -1 1219
1 0 1222
1 0 1222
1 1 1288
1 -1 1288
1 1 1001
1 -1 1001
2 7596
1 0 1012
1 0 1012
2 7737
1 0 1059
1 0 1059
1 1 1160
2 5616
1 -1 1160
1 0 1358
2 5518
1 0 1358
1 1 1275
1 -1 1275
2 590
1 1 1104
1 -1 1104
1 1 1096
2 5672
1 -1 1096
1 0 1303
1 0 1303
1 0 1147
1 0 1147
1 1 1308
1 -1 1308
1 1 1142
1 -1 1142
1 0 1286
1 0 1286
1 0 1083
2 5520
1 0 1083
2 6485
2 5937
1 1 1204
1 -1 1204
1 0 968
1 0 968
1 0 1201
1 0 1201
1 0 1091
1 0 1091
1 0 1324
1 0 1324
1 0 1355
2 2295
1 0 1355
1 1 1161
1 -1 1161
2 6793
1 0 1037
1 0 1037
1 1 1225
1 -1 1225
1 1 1124
2 4177
1 -1 1124
1 1 1133
2 2676
1 -1 1133
2 1354
1 1 1297
1 -1 1297
2 6902
1 0 1300
1 0 1300
1 0 1240
1 0 1240
1 1 1074
2 5045
1 -1 1074
1 0 1024
1 0 1024
1 1 1275
1 -1 1275
2 1690
1 0 1097
1 0 1097
1 1 1033
1 -1 1033
1 1 1104
2 5721
1 -1 1104
1 0 1086
2 377
1 0 1086
1 1 1167
1 -1 1167
1 1 1086
1 -1 1086
1 0 1207
1 0 1207
1 0 1166
1 0 1166
1 0 1011
2 1330
1 0 1011
1 0 995
2 3312
1 0 995
2 3369
1 1 1155
1 -1 1155
1 0 997
2 5305
1 0 997
1 0 1139
1 0 1139
2 5796
2 5200
1 1 1276
1 -1 1276
1 0 1011
1 0 1011
1 0 1295
1 0 1295
2 873
1 0 986
1 0 986
1 1 1103
2 2264
1 -1 1103
1 1 1209
2 3597
1 -1 1209
1 0 1077
1 0 1077
1 1 1221
1 -1 1221
2 2636
1 1 1011
1 -1 1011
2 6067
1 0 1154
1 0 1154
1 1 1040
1 1 200
1 -1 7272
2 1177
1 1 1283
2 4205
2 6406
1 1 5895
2 6197
2 6059
1 -1 2443
1 -1 3813
2 4635
2 1935
1 1 7160
2 575
2 7197
2 590
1 -1 6531
1 1 5209
1 -1 7013
1 -1 1445
2 3046
2 7720
2 7909
1 1 188
1 1 902
1 -1 847
1 1 636
2 3898
1 -1 6741
2 7022
2 6790
2 6676
2 6147
2 426
1 1 1691
2 129
1 -1 5155
1 -1 2176
2 1854
2 5419
2 7767
1 -1 5967
1 -1 5483
1 1 7936
1 -1 5405
1 -1 6074
2 2533
1 1 2362
2 2342
2 5952
1 -1 6388
1 1 6930
2 3956
2 7397
2 4915
1 1 1455
1 1 1681
2 1028
1 1 7741
1 -1 481
2 6242
1 -1 4725
1 1 6459
1 -1 3668
1 1 2558
1 -1 264
1 -1 4293
1 -1 715
2 265
2 5408
1 -1 6736
2 7316
2 3830
1 1 1262
2 2286
1 1 559
2 5592
2 2991
1 1 2632
2 4274
2 7618
1 -1 1957
1 -1 6814
1 -1 7616
1 1 2792
2 493
2 5013
1 -1 4579
2 2932
1 1 3551
2 418
1 1 247
2 3982
1 -1 3006
1 -1 2332
2 3597
1 -1 3165
1 -1 4854
2 3502
2 1678
1 1 5086
1 -1 795
1 1 2877
2 5683
2 3981
2 3394
2 6268
2 3051
1 1 3312
1 1 3357
2 340
1 1 38
2 1390
1 1 5577
1 1 1630
2 1578
2 3356
1 -1 1165
2 3415
1 1 656
2 1247
2 6877
1 -1 7282
2 6820
2 6956
2 7040
1 -1 6137
1 1 998
2 484
1 1 1147
2 6781
2 4921
2 5366
1 1 6831
2 7656
2 5616
2 1398
1 -1 1664
1 1 7790
1 1 7678
1 1 871
2 891
1 -1 3795
2 2462
1 -1 59
2 6660
1 1 2290
2 3314
1 1 1430
1 -1 7144
2 789
2 6936
1 1 2433
2 3663
2 641
2 2790
1 1 557
2 2881
1 -1 369
2 4469
1 -1 2661
2 5735
2 1080
2 2776
1 1 3981
2 1522
1 1 3344
2 1807
2 5791
2 2728
2 7084
2 2799
1 -1 3875
1 -1 1484
1 1 5273
2 2556
2 5392
2 1606
2 2432
2 1801
1 1 1192
1 -1 2118
1 1 7044
2 2321
1 -1 4329
2 1122
2 3821
1 1 7233
1 -1 2516
1 1 7681
1 1 7467
2 3537
2 854
2 1606
1 1 1095
1 1 4871
2 1966
2 995
2 6471
2 500
2 5383
1 1 774
1 -1 1684
2 1050
2 5756
1 -1 5794
1 -1 2483
2 1823
1 1 921
2 428
2 6457
1 -1 7636
1 1 1694
2 2862
1 -1 5975
2 5141
2 1681
2 2600
1 -1 6086
1 -1 2869
1 -1 6509
1 -1 751
2 2620
2 3081
2 264
2 7002
1 1 5803
1 1 1060
2 3981
1 1 2038
2 3015
2 362
2 608
2 1546
1 1 2256
2 7255
2 639
1 -1 7085
2 5146
2 2306
2 2057
2 1435
2 4010
2 1668
2 1602
1 1 7038
1 -1 5003
2 4257
1 1 4988
1 -1 7515
1 1 2245
2 4805
1 -1 7395
1 1 5184
1 -1 1367
1 -1 6331
2 6638
1 -1 3504
1 -1 2615
2 2773
1 1 4730
1 -1 1193
2 4174
2 3001
1 -1 3728
1 1 1152
1 -1 6588
1 1 5116
2 965
1 -1 4283
2 3191
1 1 7398
2 4867
2 641
2 2208
2 2344
2 6266
1 1 6218
1 -1 561
2 2938
1 1 6408
1 -1 5125
2 1741
1 1 3311
1 1 3355
2 2877
1 -1 5732
2 1252
2 1019
1 1 1496
1 1 6953
1 -1 4219
1 -1 2622
1 -1 6203
1 1 6706
2 274
2 6346
1 -1 925
2 5907
2 2717
2 6456
2 6963
2 7157
1 1 2915
1 -1 5815
1 1 7598
2 1604
1 1 528
2 6703
2 2263
2 6389
1 -1 2431
1 1 6967
2 2574
1 -1 1847
1 -1 6073
2 2707
2 1689
2 3912
1 1 7983
1 1 6241
1 -1 1861
2 7620
2 7422
1 -1 4489
1 1 7119
2 7190
2 6450
1 1 20
1 1 638
1 1 7671
1 1 3305
2 5118
1 -1 1366
1 1 5446
2 2233
1 -1 1026
1 -1 3057
1 1 4999
2 6821
1 1 2055
2 4130
2 372
2 2134
2 1326
1 -1 4995
1 -1 2366
1 1 1764
2 2996
1 1 3908
1 -1 4989
1 1 7984
2 6658
1 -1 5752
2 4675
1 -1 4367
1 1 4066
1 1 3200
1 1 6311
1 1 4789
1 1 3511
1 1 5447
1 1 2965
1 -1 49
1 -1 198
1 -1 4231
1 -1 100
2 6052
1 -1 1056
2 4273
1 1 361
1 1 3844
1 1 1972
2 7036
2 7415
1 1 2530
1 1 2131
1 1 4289
2 3791
1 1 6499
2 4595
1 -1 852
2 1992
1 1 5594
2 18
1 -1 3969
2 1835
2 6562
2 7051
2 862
2 4319
1 -1 676
2 2599
1 -1 314
2 5903
2 1765
1 1 4404
1 -1 6668
2 3037
1 1 2317
2 5601
1 -1 2628
1 -1 757
1 1 6742
2 6470
1 1 6564
1 -1 4012
1 -1 2884
1 1 4318
2 1767
2 5124
1 1 2895
2 5807
2 56
2 384
1 -1 162
2 7899
1 1 5667
2 384
1 1 1915
1 1 7623
1 1 288
2 7833
2 2976
2 6857
1 -1 1685
2 6118
1 1 6301
1 1 5985
2 5103
2 6616
2 2072
2 1549
1 1 7527
1 -1 6270
2 1231
1 -1 5526
1 -1 2910
1 1 1256
1 -1 2815
2 2833
1 -1 5667
1 1 1225
2 7577
1 1 6510
2 4854
2 1968
2 1562
1 -1 3950
1 1 1982
1 -1 7785
2 5969
2 6062
2 6332
1 1 5856
1 -1 3996
1 1 5719
2 388
2 191
1 1 3159
2 3073
1 -1 6203
2 2723
2 4061
1 -1 2907
1 -1 5340
1 1 6282
1 -1 7474
1 1 3471
1 1 6177
1 -1 4761
1 -1 6999
1 1 2033
1 -1 4597
2 5304
1 -1 3405
2 5635
1 -1 2508
1 -1 286
1 -1 4992
2 6535
2 7898
1 -1 3592
1 1 2446
2 1582
2 1653
1 -1 6348
2 4475
2 4220
2 6789
1 1 2058
2 3117
1 -1 982
2 1358
1 -1 3563
2 6320
1 1 6523
1 -1 2585
2 2223
1 1 5860
2 3977
1 -1 4657
2 7592
2 6688
1 -1 27
2 358
2 7511
2 1689
2 995
2 6671
2 536
1 1 7040
2 7230
1 -1 418
2 5962
1 -1 2883
1 1 5135
1 1 5885
2 4800
1 -1 4292
1 -1 7872
1 1 628
2 996
1 -1 4519
1 -1 1089
1 -1 3331
2 5643
1 1 6404
1 -1 30
1 1 3885
2 7270
2 5344
1 -1 3275
2 844
1 -1 7653
1 1 1708
2 3648
1 -1 2885
1 -1 1845
2 1300
1 -1 5028
1 -1 511
1 1 2933
1 1 2867
1 1 547
2 1958
1 1 6649
2 2590
2 1439
2 4878
2 3976
2 2711
1 -1 4431
1 1 297
1 -1 2020
2 262
1 -1 3971
1 -1 976
1 -1 5127
2 3197
1 1 1542
1 1 5205
2 5325
1 1 4542
1 -1 5801
2 3174
2 1266
1 1 6211
2 2300
2 6732
1 1 7709
2 7742
1 -1 5430
1 -1 4754
1 1 2313
1 -1 5453
1 -1 3091
2 4690
1 -1 387
2 1254
1 -1 6891
2 7459
1 1 7312
2 6431
2 2662
1 1 2092
2 5427
2 1278
1 -1 761
2 4761
2 2982
2 5853
1 -1 2932
2 2989
1 1 4031
1 1 6597
2 5266
2 5314
2 1655
1 1 277
1 -1 6986
2 1777
1 1 53
1 1 7731
2 3151
2 6434
1 -1 4251
2 3326
1 -1 5205
1 -1 6788
2 1978
1 -1 6681
1 -1 4025
2 6794
2 3833
1 1 653
2 7959
1 1 7478
1 1 3557
1 -1 14
2 1477
1 -1 6924
1 -1 2698
2 7676
2 2061
1 -1 1688
2 218
1 1 3388
1 1 1796
2 2778
2 4780
2 7460
2 3131
1 -1 7070
2 2082
2 6512
1 -1 5852
1 -1 4259
1 1 1902
2 3614
2 7286
2 2682
1 1 4213
1 -1 6813
1 1 2392
1 -1 7575
2 782
1 1 5510
1 1 654
2 1130
1 1 1742
2 5276
2 4971
2 3630
1 1 5281
2 4453
2 5241
2 3983
2 1016
1 -1 2140
2 1336
1 -1 5555
1 1 6824
2 3439
2 5062
2 6569
2 4736
1 1 7506
1 -1 5403
1 1 2242
2 7171
2 4905
1 -1 5958
2 1407
2 4159
2 3715
1 1 6806
2 4417
1 -1 5098
2 6048
1 1 6471
2 1959
2 838
1 -1 6739
2 2638
1 1 5887
1 -1 2008
1 1 590
1 -1 6434
2 5975
2 5011
2 1202
1 -1 2411
1 -1 2063
1 1 257
2 3203
1 -1 3775
2 3916
2 268
1 -1 1910
1 1 4138
2 4101
2 1772
1 -1 6060
2 798
1 1 2766
2 1263
2 1348
2 5218
1 1 573
1 1 696
2 3116
2 1809
1 -1 4150
2 2291
1 -1 3023
1 1 3800
2 6305
1 -1 3360
2 6521
2 624
2 5539
1 1 5054
2 1663
1 1 2606
2 6589
2 3665
2 4320
1 1 111
1 -1 6536
2 5107
2 2710
2 1109
2 3580
1 1 4997
1 -1 6659
2 6274
2 5994
1 1 498
2 2418
1 -1 5260
2 2009
1 -1 3647
2 7729
2 661
1 1 1945
1 -1 3957
1 1 7885
1 -1 1962
2 6048
2 3644
1 1 1597
2 6343
2 2984
2 2177
1 1 1057
2 1534
1 1 6648
2 847
1 1 5688
1 1 7514
2 5047
2 6004
2 2277
1 -1 399
2 3620
2 308
1 1 1985
2 1624
1 1 2292
2 1628
1 1 7106
1 1 6598
2 5478
2 3022
2 4548
2 7010
2 6292
2 6823
1 -1 5960
1 1 4671
2 4621
1 -1 1386
2 6293
2 7875
2 3286
2 3620
1 1 74
2 133
2 1528
2 959
2 7049
1 1 2715
1 1 5914
1 -1 3169
1 -1 5905
1 -1 5089
1 -1 295
2 270
2 6220
2 7817
1 -1 3361
2 298
1 -1 4553
2 682
1 -1 3274
1 1 3548
2 3647
2 882
2 7187
2 6614
1 1 7376
2 3296
1 -1 923
1 -1 1846
2 7986
2 6412
2 4272
1 -1 7321
2 1672
1 1 5329
2 1610
1 1 2280
2 2258
1 1 6059
2 5640
2 7753
1 -1 6087
1 1 4724
2 2539
2 6288
1 -1 5754
1 -1 2192
2 7671
2 7394
1 -1 4299
2 4854
1 -1 617
2 3376
2 4727
1 1 3977
1 1 2206
1 -1 2276
2 6779
1 -1 3230
1 1 3485
1 1 550
1 -1 2204
1 1 6909
1 1 3537
2 6092
1 1 7424
2 5360
2 392
1 -1 1152
1 -1 3246
2 789
2 6486
1 1 2326
1 -1 6437
1 -1 1252
1 -1 1747
2 5420
1 -1 5793
1 -1 1734
2 4412
1 -1 5291
1 1 6071
1 -1 2012
1 -1 1321
1 1 1078
1 1 1840
2 515
1 1 4490
1 1 2194
1 -1 5971
1 -1 6786
2 2202
1 1 7435
1 1 6573
1 1 4183
2 5179
1 -1 6576
1 -1 7384
1 1 4687
1 -1 1371
2 3990
1 1 39
2 3357
1 1 6340
2 1794
2 924
1 -1 7618
1 1 3949
1 1 4270
2 2761
1 -1 45
1 -1 3934
2 1490
2 61
2 2617
2 943
1 -1 7978
2 5254
1 1 1069
2 6732
1 1 4002
1 1 6434
1 -1 5685
1 -1 702
2 4916
1 1 6803
1 -1 5475
2 3025
1 -1 4291
2 2019
1 -1 640
2 478
2 2046
1 -1 4321
1 1 325
1 1 7214
1 -1 7154
2 7459
2 1536
1 1 5200
1 -1 2337
2 7590
2 5798
1 1 2933
2 5881
2 7434
2 4730
2 6055
1 -1 421
2 1289
2 6020
2 4583
2 1057
1 -1 1286
1 -1 4374
1 1 2453
1 -1 4424
2 7534
1 1 1934
1 -1 3460
1 -1 2624
1 -1 6450
2 1021
1 -1 4428
1 -1 7704
2 7995
1 1 6193
2 5805
1 1 1009
2 1385
2 5596
2 3063
1 1 2417
2 7958
2 3311
2 7232
1 1 2642
2 7913
1 1 1020
1 -1 7612
1 -1 838
2 1790
2 234
2 5563
2 475
2 5098
1 1 2916
2 897
1 -1 2759
2 3807
1 -1 3673
1 -1 4815
2 6858
2 2413
1 1 66
2 6493
2 1470
2 3648
1 -1 3849
1 -1 2656
1 -1 1363
2 4633
2 925
1 1 5444
2 4215
2 1780
1 1 7530
2 3486
2 7623
2 6256
1 -1 6584
2 469
1 -1 5323
2 7925
1 1 4334
1 -1 7635
2 3582
1 1 5726
2 3996
2 3406
1 -1 7481
1 -1 796
2 4367
2 7940
1 1 516
2 1340
1 1 882
2 7712
2 2335
2 4688
2 1318
1 1 1220
2 5603
1 -1 5588
1 -1 4767
1 1 6803
1 1 4157
2 6163
2 2296
1 -1 5446
1 -1 890
1 1 7668
2 259
1 -1 7775
1 1 7211
1 -1 463
1 -1 1312
2 3050
2 2768
2 3511
1 -1 7531
1 -1 2833
2 2711
1 1 3204
2 6812
1 -1 225
2 1428
2 1647
2 3223
2 4571
1 1 5805
1 -1 6557
1 1 3127
1 -1 4563
2 3624
1 -1 3194
1 -1 2539
2 5330
2 6337
1 -1 779
2 2132
1 -1 6856
1 -1 4811
1 1 4714
2 4464
1 1 4794
1 1 7720
2 7958
1 -1 176
1 -1 2814
2 7013
1 1 6591
2 5774
2 22
2 3897
1 1 836
2 7560
2 4245
2 5522
1 -1 4776
1 1 6243
1 1 3086
1 1 6891
1 1 2100
1 1 3113
2 5765
1 1 3874
1 1 372
2 2726
1 1 6816
1 1 7863
2 3829
1 1 805
2 601
1 1 4034
1 -1 2506
2 2998
1 -1 3320
1 -1 6403
2 2916
2 4084
1 -1 1091
2 6998
1 -1 6321
1 1 1695
1 1 1938
1 -1 3669
2 1975
1 1 5798
2 4498
2 986
1 -1 4220
2 1706
2 6783
2 7156
1 -1 3348
2 7201
1 1 1589
1 1 597
2 199
1 -1 6377
2 6521
2 1227
1 1 1691
1 -1 2817
2 3019
2 83
1 -1 3741
1 1 5326
1 -1 5008
1 -1 2682
2 3999
1 1 985
2 4783
2 769
2 7253
2 2198
1 1 3105
1 1 3565
1 1 2198
2 3815
1 1 2853
2 749
1 1 3465
2 307
2 5677
1 -1 4720
2 4656
2 5734
1 -1 7289
2 4044
1 -1 1609
1 -1 1418
2 2441
2 6593
1 1 7985
2 442
1 -1 4924
1 1 2835
2 495
1 -1 7913
1 -1 3322
2 5852
2 3046
2 7735
2 4565
1 -1 7738
1 1 232
2 7853
1 1 1195
2 5779
2 6165
2 7304
1 -1 3585
2 3659
1 1 6407
2 6291
1 -1 7521
1 -1 3009
2 2109
1 -1 3239
2 4768
1 1 4714
2 6507
1 1 7533
2 5125
1 1 797
2 4736
2 3055
1 1 5526
1 -1 5442
1 -1 6006
1 1 2
1 1 2199
1 1 7082
1 1 1269
2 3986
1 -1 1694
1 -1 1456
2 5877
2 1288
1 1 6540
1 1 3355
1 -1 4635
2 4858
2 4863
2 7898
2 1561
1 -1 4047
2 2882
2 5429
2 3331
2 6778
1 1 7863
1 -1 7662
2 2228
2 6687
1 -1 7117
2 304
2 6436
2 1715
1 1 6915
2 712
2 5483
1 -1 1062
1 1 1725
2 3452
2 4296
2 6132
2 1666
2 597
1 -1 255
1 1 504
2 7761
1 1 1977
1 -1 4124
1 -1 4551
2 2608
2 4341
1 1 1999
2 6329
1 1 6671
2 1588
2 5041
1 -1 5498
1 1 1980
2 2030
2 4222
1 1 5304
1 1 2130
2 7510
1 -1 7806
1 -1 7053
2 1116
2 3652
1 1 6454
2 3395
2 1878
1 -1 3118
2 2008
2 6157
1 1 5930
2 1797
1 1 5435
2 285
2 504
1 1 5996
2 5825
1 -1 4444
2 1775
2 3072
1 -1 5867
1 1 4629
2 3909
1 -1 469
1 1 975
1 -1 474
1 -1 5283
1 1 6022
1 -1 2256
1 -1 2781
2 1668
2 1864
1 1 5273
1 1 3655
1 1 4998
1 1 5645
1 1 696
1 1 2026
1 1 2976
1 -1 3416
1 -1 5495
1 1 3026
1 -1 2237
1 -1 5567
1 -1 1633
1 -1 7551
2 1052
1 1 5413
1 1 5358
1 1 7998
2 5013
1 -1 7787
1 1 6708
2 1847
2 3617
2 808
1 1 563
1 1 4408
1 1 269
2 1754
2 3215
1 1 5962
1 1 5472
1 1 5228
1 1 1764
1 -1 4500
2 4469
2 7613
2 6271
2 6489
1 1 7587
2 2194
1 -1 1043
1 -1 2395
2 6678
2 326
2 1960
1 -1 7919
2 7045
2 283
1 -1 7730
2 425
1 -1 159
1 -1 5790
2 6036
2 4443
1 1 2095
2 1065
1 -1 7477
1 1 5494
2 6734
1 1 3244
1 -1 1023
1 -1 5615
1 1 7051
2 2618
1 -1 6256
2 1836
1 -1 963
1 1 4389
2 5109
2 4320
1 1 4992
1 1 7380
1 1 7838
1 -1 581
1 1 4112
1 -1 6997
1 -1 3203
2 3120
2 3188
2 4101
1 1 1250
2 6364
1 1 2139
2 6392
1 -1 1445
1 -1 2000
2 1654
2 2434
2 7810
1 1 747
2 6309
1 -1 2599
1 1 2103
2 2128
2 4700
1 -1 1708
1 -1 1863
2 1349
2 540
2 3277
1 -1 4988
2 503
1 -1 5947
1 -1 7421
1 -1 5199
2 5243
1 -1 288
2 5087
1 1 7072
1 1 3441
1 1 1656
2 271
1 1 1065
2 6550
1 -1 2093
2 1409
1 1 4327
1 -1 1015
2 3566
2 5775
1 1 2384
1 -1 7882
1 -1 7664
1 -1 6720
2 4451
1 -1 7413
2 1954
2 2130
1 1 5178
2 1205
2 2240
2 5707
1 -1 3002
2 1106
2 5813
1 -1 2051
1 1 7717
2 2372
1 1 4967
1 1 1890
1 1 5678
2 366
2 2136
2 2544
1 -1 6021
1 1 5639
2 5333
2 5553
1 1 477
2 4587
1 1 7361
2 2112
2 1576
2 5432
1 -1 773
1 -1 556
2 6209
2 4264
1 -1 7818
2 4113
1 -1 4371
1 -1 5542
2 6255
2 1399
2 7635
1 -1 4337
1 -1 1963
2 7621
1 1 4485
2 6114
1 1 555
2 3302
2 3829
2 7080
1 1 3669
1 1 5304
2 2225
1 1 2548
1 1 1679
1 1 1390
2 650
1 1 5868
1 1 2336
2 2424
2 5015
2 6425
1 1 5780
2 457
1 1 5540
2 6460
1 -1 445
2 3795
2 831
1 -1 3594
1 -1 4642
2 7420
1 -1 707
2 4099
2 7418
2 4501
1 1 2033
2 7556
1 -1 2124
1 1 4796
1 -1 4630
2 49
2 6969
2 3273
1 -1 4855
2 1493
1 -1 5792
1 -1 7659
1 1 6990
1 -1 6652
1 1 3832
1 -1 5606
1 1 5555
2 7699
1 -1 3083
1 1 4941
2 6040
1 1 7797
1 1 4194
2 6448
2 7461
2 4396
1 1 6304
1 1 3631
2 5381
1 -1 1411
1 1 2180
1 -1 496
2 1114
1 1 7599
2 5361
1 1 3471
1 -1 4237
1 1 6216
1 1 6030
2 3116
2 2641
1 -1 6121
2 932
2 4266
1 -1 7300
1 -1 5104
1 1 4203
1 -1 3514
2 7760
1 -1 475
2 4161
2 3511
2 904
2 4336
2 781
1 -1 511
2 1430
2 4674
2 6043
2 5050
2 589
1 1 6152
2 5612
2 3695
1 -1 3764
2 3610
2 3136
2 4388
1 -1 740
1 -1 5772
2 5245
1 -1 7832
1 1 4710
1 1 5127
1 -1 1733
1 1 72
1 -1 6088
2 5956
1 1 3869
2 2252
1 1 7234
1 -1 1964
1 -1 1281
2 7240
2 2459
2 5264
1 -1 2989
1 1 4494
1 1 2712
1 -1 3051
2 5798
2 3415
2 6083
1 -1 5667
1 1 5920
1 -1 7684
2 5138
1 1 7923
2 6485
1 1 2213
1 -1 2910
2 4505
2 5701
2 5668
2 6819
1 1 3851
1 -1 369
2 1715
1 1 818
1 1 2537
2 7309
2 7387
1 -1 3395
2 783
2 6105
2 2060
2 7521
1 -1 850
2 5353
1 1 4755
2 7067
2 7678
1 1 2640
2 5115
2 4960
1 -1 5758
1 -1 5899
1 1 1674
2 1812
1 1 3462
1 1 3715
2 3045
1 1 1333
2 1867
2 7899
2 6818
2 2533
1 -1 4090
1 -1 2871
2 6863
2 1841
2 3052
1 1 752
1 1 1949
2 890
1 -1 1753
1 1 4575
1 1 6843
1 1 5829
1 -1 510
2 6046
2 1680
1 1 1995
1 -1 2950
1 1 7812
1 1 7779
2 1366
2 7476
2 3569
1 1 1901
2 3743
2 6286
1 1 174
2 550
1 -1 4920
1 -1 6384
1 -1 3484
1 -1 6683
1 -1 7039
1 1 1891
2 3811
2 2429
1 1 157
2 396
2 2126
2 2569
2 6440
2 4132
1 1 5271
1 -1 2154
2 5633
2 1183
1 1 7010
2 3928
1 -1 5184
1 1 4852
1 1 5764
1 1 5911
2 6075
2 3967
2 1253
2 4957
1 1 1689
1 -1 4904
1 1 5164
1 1 2399
2 1602
2 7080
1 1 7572
1 1 7741
1 1 6260
2 3776
1 -1 4440
2 7297
2 176
2 7246
2 6135
2 5211
2 2987
1 -1 3221
2 5318
2 751
1 1 4244
1 1 7724
2 6208
1 1 7009
1 1 6598
1 -1 1725
1 -1 837
2 1262
2 1231
1 1 4156
1 -1 5785
2 6793
2 1291
1 1 2366
1 1 4228
1 1 6313
1 -1 6121
1 1 2400
2 1687
2 5179
1 1 3150
1 -1 3918
1 -1 7621
1 1 7269
2 3168
1 1 5579
1 1 4257
1 -1 3825
2 6310
1 1 1994
2 1674
1 -1 2415
2 948
1 1 6438
2 1852
2 4458
2 4367
1 1 4547
2 6616
1 -1 4965
2 6488
1 1 7294
1 1 7658
1 1 3006
1 1 5441
1 -1 6339
1 -1 2046
2 1362
1 1 6533
2 741
2 2364
2 5442
1 -1 7291
2 295
2 7479
2 5275
2 1914
1 1 4199
1 1 1173
2 3350
1 1 1759
1 1 5297
2 1274
1 1 7485
2 3138
1 1 692
1 1 6588
1 -1 6
1 -1 3858
1 1 4126
2 4420
2 6053
1 1 4198
2 7471
1 -1 6970
1 1 2609
2 6096
1 1 3068
2 6171
2 1957
1 -1 6838
1 1 7673
2 7204
1 -1 1003
2 5896
1 -1 780
2 1749
1 1 5899
2 1223
2 3377
1 -1 2617
2 3335
2 5790
2 5158
1 -1 2483
1 1 6937
1 1 2777
2 2746
2 6403
2 2470
2 4179
2 96
2 78
1 1 7336
1 1 3015
1 -1 2905
1 1 3597
2 2033
2 3792
1 1 7095
2 6734
2 5272
2 6293
1 1 2085
2 1680
2 1814
2 140
2 5654
2 775
2 2513
2 1654
1 -1 4436
1 1 3767
1 1 4160
2 6772
2 3840
1 1 10
2 893
1 1 1040
2 504
2 4484
2 2861
2 2628
2 1468
2 1258
2 6314
2 5404
1 1 3015
1 1 4733
1 1 6438
1 1 1274
1 -1 3537
2 3099
2 407
2 6081
1 1 4331
1 1 2293
1 1 5920
2 3493
2 2405
2 3537
1 1 7234
1 -1 5552
2 7858
1 1 5773
2 4134
1 1 6055
2 161
1 1 4014
2 4297
1 -1 7061
2 4544
2 1973
2 1049
2 5779
1 -1 7813
1 1 2735
1 1 4233
1 1 7058
1 1 1343
1 -1 75
2 391
1 -1 7282
1 1 2572
2 5355
1 -1 7531
1 -1 7558
1 -1 1430
2 6101
1 1 2109
2 3333
1 -1 5421
2 4905
2 3267
2 3341
1 1 4171
2 1203
2 4659
2 5674
1 -1 502
1 1 2640
2 726
2 6048
2 6387
2 2528
2 5644
1 -1 343
2 6777
2 3639
2 604
1 1 7925
2 7520
2 5605
2 4447
1 -1 5523
2 3216
2 4243
2 7962
1 -1 274
2 5939
1 -1 4323
1 -1 3701
2 6834
2 3187
1 -1 1124
2 1663
1 -1 5649
1 -1 36
2 802
1 1 3709
2 496
1 -1 3927
1 -1 6754
2 3567
2 4944
2 5781
2 923
2 1147
1 -1 2574
2 7737
2 6542
1 -1 4814
1 -1 7822
1 -1 1173
1 1 7140
1 1 5682
2 60
2 5826
2 6441
1 -1 645
1 -1 1151
2 206
1 1 879
1 1 7524
1 -1 6312
2 5518
2 4906
2 2771
1 1 5085
2 858
1 -1 760
1 -1 897
2 4755
2 448
2 4565
2 3230
1 -1 1691
1 1 6982
1 -1 6253
1 -1 6506
2 7368
2 4240
1 -1 4223
1 -1 6916
2 3657
2 2665
1 -1 5043
2 5071
2 5023
2 4966
1 -1 7603
1 1 7024
2 7408
2 6545
2 5453
1 1 2805
1 -1 4708
1 -1 7814
2 4666
1 -1 4706
1 -1 5202
2 7023
2 7709
2 5220
2 6139
2 4501
2 6985
1 1 1105
2 1000
2 6045
1 -1 6481
1 -1 2107
2 1939
2 2202
2 2092
2 6992
2 1356
1 -1 2890
2 499
1 1 2830
2 2933
2 6439
2 1748
2 285
1 1 1495
1 1 3681
1 -1 3195
1 1 6183
