3
46
9613 9894 4800 4938
4308 2877
6282 5007
4901 7579
3871 1414
2182 9338
8619 1518
2697 2588
5338 862
9379 2341
2032 4238
723 1294
1807 2771
316 8365
2903 8683
6249 1985
2044 7215
6709 2717
4466 6965
260 232
7092 5396
2004 7846
8023 8119
6567 663
2687 2195
1376 3131
4529 1643
5548 7805
9083 2318
8095 1707
3086 5812
4018 2762
398 9478
2876 4928
2795 6012
856 1613
3694 2197
8101 1438
6293 8781
3897 4418
6856 7345
1913 9593
672 1320
1565 9257
329 6826
2864 8046
4979 6921
264
9403 9124 4702 4559
4786 4544
4871 4526
4956 4508
5041 4490
5126 4472
5211 4454
5296 4436
5381 4418
5466 4400
5551 4382
5636 4364
5721 4346
5806 4328
5891 4310
5976 4292
6061 4274
6146 4256
6231 4238
6316 4220
6401 4202
6486 4184
6571 4166
6656 4148
6741 4130
6826 4112
6911 4094
6996 4076
7081 4058
7166 4040
7251 4022
7336 4004
7421 3986
7506 3968
7591 3950
7676 3932
7761 3914
7846 3896
7931 3878
8016 3860
8101 3842
8186 3824
8271 3806
8356 3788
8441 3770
8526 3752
8611 3734
8696 3716
8781 3698
8866 3680
8951 3662
9036 3644
9121 3626
9206 3608
9291 3590
9376 3572
4659 4610
4617 4658
4575 4706
4533 4754
4491 4802
4449 4850
4407 4898
4365 4946
4323 4994
4281 5042
4239 5090
4197 5138
4155 5186
4113 5234
4071 5282
4029 5330
3987 5378
3945 5426
3903 5474
3861 5522
3819 5570
3777 5618
3735 5666
3693 5714
3651 5762
3609 5810
3567 5858
3525 5906
3483 5954
3441 6002
3399 6050
3357 6098
3315 6146
3273 6194
3231 6242
3189 6290
3147 6338
3105 6386
3063 6434
3021 6482
2979 6530
2937 6578
2895 6626
2853 6674
2811 6722
2769 6770
2727 6818
2685 6866
2643 6914
2601 6962
2559 7010
2517 7058
2475 7106
2433 7154
2391 7202
2349 7250
2307 7298
2265 7346
2223 7394
2181 7442
2139 7490
2097 7538
2055 7586
2013 7634
1971 7682
1929 7730
1887 7778
1845 7826
1803 7874
1761 7922
1719 7970
1677 8018
1635 8066
1593 8114
1551 8162
1509 8210
1467 8258
1425 8306
1383 8354
1341 8402
1299 8450
1257 8498
1215 8546
1173 8594
1131 8642
1089 8690
1047 8738
1005 8786
963 8834
921 8882
879 8930
837 8978
795 9026
753 9074
711 9122
4637 4492
4573 4422
4509 4352
4445 4282
4381 4212
4317 4142
4253 4072
4189 4002
4125 3932
4061 3862
3997 3792
3933 3722
3869 3652
3805 3582
3741 3512
3677 3442
3613 3372
3549 3302
3485 3232
3421 3162
3357 3092
3293 3022
3229 2952
3165 2882
3101 2812
3037 2742
2973 2672
2909 2602
2845 2532
2781 2462
2717 2392
2653 2322
2589 2252
2525 2182
2461 2112
2397 2042
2333 1972
2269 1902
2205 1832
2141 1762
2077 1692
2013 1622
1949 1552
1885 1482
1821 1412
1757 1342
1693 1272
1629 1202
1565 1132
1501 1062
1437 992
1373 922
1309 852
1245 782
1181 712
1117 642
1053 572
989 502
925 432
861 362
797 292
733 222
669 152
605 82
541 12
4651 4501
4601 4440
4551 4379
4501 4318
4451 4257
4401 4196
4351 4135
4301 4074
4251 4013
4201 3952
4151 3891
4101 3830
4051 3769
4001 3708
3951 3647
3901 3586
3851 3525
3801 3464
3751 3403
3701 3342
3651 3281
3601 3220
3551 3159
3501 3098
3451 3037
3401 2976
3351 2915
3301 2854
3251 2793
3201 2732
3151 2671
3101 2610
3051 2549
3001 2488
2951 2427
2901 2366
2851 2305
2801 2244
2751 2183
2701 2122
2651 2061
2601 2000
2551 1939
2501 1878
2451 1817
2401 1756
2351 1695
2301 1634
2251 1573
544
9303 9489 4650 4740
4672 4705
4693 4666
4714 4627
4735 4588
4756 4549
4777 4510
4798 4471
4819 4432
4840 4393
4861 4354
4882 4315
4903 4276
4924 4237
4945 4198
4966 4159
4987 4120
5008 4081
5029 4042
5050 4003
5071 3964
5092 3925
5113 3886
5134 3847
5155 3808
5176 3769
5197 3730
5218 3691
5239 3652
5260 3613
5281 3574
5302 3535
5323 3496
5344 3457
5365 3418
5386 3379
5407 3340
5428 3301
5449 3262
5470 3223
5491 3184
5512 3145
5533 3106
5554 3067
5575 3028
5596 2989
5617 2950
5638 2911
5659 2872
5680 2833
5701 2794
5722 2755
5743 2716
5764 2677
5785 2638
5806 2599
5827 2560
5848 2521
5869 2482
5890 2443
5911 2404
5932 2365
5953 2326
5974 2287
5995 2248
6016 2209
6037 2170
6058 2131
6079 2092
6100 2053
6121 2014
6142 1975
6163 1936
6184 1897
6205 1858
6226 1819
6247 1780
6268 1741
6289 1702
6310 1663
6331 1624
6352 1585
6373 1546
6394 1507
6415 1468
6436 1429
6457 1390
6478 1351
6499 1312
6520 1273
6541 1234
6562 1195
6583 1156
6604 1117
6625 1078
6646 1039
6667 1000
6688 961
6709 922
6730 883
6751 844
6772 805
6793 766
6814 727
6835 688
6856 649
6877 610
6898 571
6919 532
6940 493
6961 454
6982 415
7003 376
7024 337
7045 298
7066 259
7087 220
7108 181
7129 142
7150 103
7171 64
7192 25
4703 4748
4755 4752
4807 4756
4859 4760
4911 4764
4963 4768
5015 4772
5067 4776
5119 4780
5171 4784
5223 4788
5275 4792
5327 4796
5379 4800
5431 4804
5483 4808
5535 4812
5587 4816
5639 4820
5691 4824
5743 4828
5795 4832
5847 4836
5899 4840
5951 4844
6003 4848
6055 4852
6107 4856
6159 4860
6211 4864
6263 4868
6315 4872
6367 4876
6419 4880
6471 4884
6523 4888
6575 4892
6627 4896
6679 4900
6731 4904
6783 4908
6835 4912
6887 4916
6939 4920
6991 4924
7043 4928
7095 4932
7147 4936
7199 4940
7251 4944
7303 4948
7355 4952
7407 4956
7459 4960
7511 4964
7563 4968
7615 4972
7667 4976
7719 4980
7771 4984
7823 4988
7875 4992
7927 4996
7979 5000
8031 5004
8083 5008
8135 5012
8187 5016
8239 5020
8291 5024
8343 5028
8395 5032
8447 5036
8499 5040
8551 5044
8603 5048
8655 5052
8707 5056
8759 5060
8811 5064
8863 5068
8915 5072
8967 5076
9019 5080
9071 5084
9123 5088
9175 5092
9227 5096
9279 5100
4565 4706
4479 4668
4393 4630
4307 4592
4221 4554
4135 4516
4049 4478
3963 4440
3877 4402
3791 4364
3705 4326
3619 4288
3533 4250
3447 4212
3361 4174
3275 4136
3189 4098
3103 4060
3017 4022
2931 3984
2845 3946
2759 3908
2673 3870
2587 3832
2501 3794
2415 3756
2329 3718
2243 3680
2157 3642
2071 3604
1985 3566
1899 3528
1813 3490
1727 3452
1641 3414
1555 3376
1469 3338
1383 3300
1297 3262
1211 3224
1125 3186
1039 3148
953 3110
867 3072
781 3034
695 2996
609 2958
523 2920
437 2882
351 2844
265 2806
179 2768
93 2730
7 2692
4574 4734
4497 4724
4420 4714
4343 4704
4266 4694
4189 4684
4112 4674
4035 4664
3958 4654
3881 4644
3804 4634
3727 4624
3650 4614
3573 4604
3496 4594
3419 4584
3342 4574
3265 4564
3188 4554
3111 4544
3034 4534
2957 4524
2880 4514
2803 4504
2726 4494
2649 4484
2572 4474
2495 4464
2418 4454
2341 4444
2264 4434
2187 4424
2110 4414
2033 4404
1956 4394
1879 4384
1802 4374
1725 4364
1648 4354
1571 4344
1494 4334
1417 4324
1340 4314
1263 4304
1186 4294
1109 4284
1032 4274
955 4264
878 4254
801 4244
724 4234
647 4224
570 4214
493 4204
416 4194
339 4184
262 4174
185 4164
108 4154
31 4144
4714 4783
4777 4822
4840 4861
4903 4900
4966 4939
5029 4978
5092 5017
5155 5056
5218 5095
5281 5134
5344 5173
5407 5212
5470 5251
5533 5290
5596 5329
5659 5368
5722 5407
5785 5446
5848 5485
5911 5524
5974 5563
6037 5602
6100 5641
6163 5680
6226 5719
6289 5758
6352 5797
6415 5836
6478 5875
6541 5914
6604 5953
6667 5992
6730 6031
6793 6070
6856 6109
6919 6148
6982 6187
7045 6226
7108 6265
7171 6304
7234 6343
7297 6382
7360 6421
7423 6460
7486 6499
7549 6538
7612 6577
7675 6616
7738 6655
7801 6694
7864 6733
7927 6772
7990 6811
8053 6850
8116 6889
8179 6928
8242 6967
8305 7006
8368 7045
8431 7084
8494 7123
8557 7162
8620 7201
8683 7240
8746 7279
8809 7318
8872 7357
8935 7396
8998 7435
9061 7474
9124 7513
9187 7552
9250 7591
4736 4821
4821 4898
4906 4975
4991 5052
5076 5129
5161 5206
5246 5283
5331 5360
5416 5437
5501 5514
5586 5591
5671 5668
5756 5745
5841 5822
5926 5899
6011 5976
6096 6053
6181 6130
6266 6207
6351 6284
6436 6361
6521 6438
6606 6515
6691 6592
6776 6669
6861 6746
6946 6823
7031 6900
7116 6977
7201 7054
7286 7131
7371 7208
7456 7285
7541 7362
7626 7439
7711 7516
7796 7593
7881 7670
7966 7747
8051 7824
8136 7901
8221 7978
8306 8055
8391 8132
8476 8209
8561 8286
8646 8363
8731 8440
8816 8517
8901 8594
8986 8671
9071 8748
9156 8825
9241 8902
4644 4754
4637 4764
4630 4774
4623 4784
4616 4794
4609 4804
4602 4814
4595 4824
4588 4834
4581 4844
4574 4854
4567 4864
4560 4874
4553 4884
4546 4894
4539 4904
4532 4914
4525 4924
4518 4934
4511 4944
4504 4954
4497 4964
4490 4974
4483 4984
4476 4994
4469 5004
4462 5014
4455 5024
4448 5034
4441 5044
4434 5054
4427 5064
4420 5074
4413 5084
4406 5094
4399 5104
4392 5114
4385 5124
4378 5134
4371 5144
4364 5154
4357 5164
4350 5174
4343 5184
4336 5194
4329 5204
4322 5214
4315 5224
4308 5234
4301 5244
4294 5254
4287 5264
4280 5274
4273 5284
4266 5294
4259 5304
4252 5314
4245 5324
4238 5334
4231 5344
4224 5354
4217 5364
4210 5374
4203 5384
4196 5394
4189 5404
4182 5414
4175 5424
4168 5434
4161 5444
4154 5454
4147 5464
4140 5474
4133 5484
4126 5494
4119 5504
4112 5514
4105 5524
4098 5534
4091 5544
4084 5554
4077 5564
4070 5574
4063 5584
4056 5594
4049 5604
4042 5614
4035 5624
4028 5634
4021 5644
4014 5654
4007 5664
4000 5674
