3
38
9558 9625 4782 4807
5085 4701
5391 4590
5697 4479
6003 4368
6309 4257
6615 4146
6921 4035
7227 3924
7533 3813
7839 3702
8145 3591
8451 3480
8757 3369
9063 3258
9369 3147
4526 5234
4273 5656
4020 6078
3767 6500
3514 6922
3261 7344
3008 7766
2755 8188
2502 8610
2249 9032
1996 9454
4948 3929
5117 3046
5286 2163
5455 1280
5624 397
5471 4129
6163 3446
6855 2763
7547 2080
8239 1397
8931 714
4946 4747
295
9561 9759 4778 4882
4784 4933
4788 4987
4792 5041
4796 5095
4800 5149
4804 5203
4808 5257
4812 5311
4816 5365
4820 5419
4824 5473
4828 5527
4832 5581
4836 5635
4840 5689
4844 5743
4848 5797
4852 5851
4856 5905
4860 5959
4864 6013
4868 6067
4872 6121
4876 6175
4880 6229
4884 6283
4888 6337
4892 6391
4896 6445
4900 6499
4904 6553
4908 6607
4912 6661
4916 6715
4920 6769
4924 6823
4928 6877
4932 6931
4936 6985
4940 7039
4944 7093
4948 7147
4952 7201
4956 7255
4960 7309
4964 7363
4968 7417
4972 7471
4976 7525
4980 7579
4984 7633
4988 7687
4992 7741
4996 7795
5000 7849
5004 7903
5008 7957
5012 8011
5016 8065
5020 8119
5024 8173
5028 8227
5032 8281
5036 8335
5040 8389
5044 8443
5048 8497
5052 8551
5056 8605
5060 8659
5064 8713
5068 8767
5072 8821
5076 8875
5080 8929
5084 8983
5088 9037
5092 9091
5096 9145
5100 9199
5104 9253
5108 9307
5112 9361
5116 9415
5120 9469
5124 9523
5128 9577
5132 9631
5136 9685
5140 9739
4805 4805
4830 4731
4855 4657
4880 4583
4905 4509
4930 4435
4955 4361
4980 4287
5005 4213
5030 4139
5055 4065
5080 3991
5105 3917
5130 3843
5155 3769
5180 3695
5205 3621
5230 3547
5255 3473
5280 3399
5305 3325
5330 3251
5355 3177
5380 3103
5405 3029
5430 2955
5455 2881
5480 2807
5505 2733
5530 2659
5555 2585
5580 2511
5605 2437
5630 2363
5655 2289
5680 2215
5705 2141
5730 2067
5755 1993
5780 1919
5805 1845
5830 1771
5855 1697
5880 1623
5905 1549
5930 1475
5955 1401
5980 1327
6005 1253
6030 1179
6055 1105
6080 1031
6105 957
6130 883
6155 809
6180 735
6205 661
6230 587
6255 513
6280 439
6305 365
6330 291
6355 217
6380 143
6405 69
4748 4884
4716 4889
4684 4894
4652 4899
4620 4904
4588 4909
4556 4914
4524 4919
4492 4924
4460 4929
4428 4934
4396 4939
4364 4944
4332 4949
4300 4954
4268 4959
4236 4964
4204 4969
4172 4974
4140 4979
4108 4984
4076 4989
4044 4994
4012 4999
3980 5004
3948 5009
3916 5014
3884 5019
3852 5024
3820 5029
3788 5034
3756 5039
3724 5044
3692 5049
3660 5054
3628 5059
3596 5064
3564 5069
3532 5074
3500 5079
3468 5084
3436 5089
3404 5094
3372 5099
3340 5104
3308 5109
3276 5114
3244 5119
3212 5124
3180 5129
3148 5134
3116 5139
3084 5144
3052 5149
3020 5154
2988 5159
2956 5164
2924 5169
2892 5174
2860 5179
2828 5184
2796 5189
2764 5194
2732 5199
2700 5204
2668 5209
2636 5214
2604 5219
2572 5224
2540 5229
2508 5234
2476 5239
2444 5244
2412 5249
2380 5254
2348 5259
2316 5264
2284 5269
2252 5274
2220 5279
2188 5284
2156 5289
2124 5294
2092 5299
2060 5304
2028 5309
1996 5314
1964 5319
1932 5324
1900 5329
1868 5334
1836 5339
1804 5344
1772 5349
1740 5354
1708 5359
1676 5364
1644 5369
1612 5374
1580 5379
1548 5384
1516 5389
1484 5394
1452 5399
1420 5404
1388 5409
1356 5414
1324 5419
1292 5424
1260 5429
1228 5434
1196 5439
1164 5444
1132 5449
1100 5454
1068 5459
1036 5464
1004 5469
972 5474
940 5479
908 5484
876 5489
844 5494
812 5499
780 5504
748 5509
716 5514
684 5519
652 5524
620 5529
588 5534
556 5539
524 5544
492 5549
460 5554
428 5559
396 5564
364 5569
332 5574
300 5579
576
9726 9277 4864 4635
4855 4686
4847 4734
4839 4782
4831 4830
4823 4878
4815 4926
4807 4974
4799 5022
4791 5070
4783 5118
4775 5166
4767 5214
4759 5262
4751 5310
4743 5358
4735 5406
4727 5454
4719 5502
4711 5550
4703 5598
4695 5646
4687 5694
4679 5742
4671 5790
4663 5838
4655 5886
4647 5934
4639 5982
4631 6030
4623 6078
4615 6126
4607 6174
4599 6222
4591 6270
4583 6318
4575 6366
4567 6414
4559 6462
4551 6510
4543 6558
4535 6606
4527 6654
4519 6702
4511 6750
4503 6798
4495 6846
4487 6894
4479 6942
4471 6990
4463 7038
4455 7086
4447 7134
4439 7182
4431 7230
4423 7278
4415 7326
4407 7374
4399 7422
4391 7470
4383 7518
4375 7566
4367 7614
4359 7662
4351 7710
4343 7758
4335 7806
4327 7854
4319 7902
4311 7950
4303 7998
4295 8046
4287 8094
4279 8142
4271 8190
4263 8238
4255 8286
4247 8334
4239 8382
4231 8430
4223 8478
4215 8526
4207 8574
4199 8622
4191 8670
4183 8718
4175 8766
4167 8814
4159 8862
4151 8910
4143 8958
4135 9006
4127 9054
4119 9102
4111 9150
4103 9198
4095 9246
4852 4602
4841 4566
4830 4530
4819 4494
4808 4458
4797 4422
4786 4386
4775 4350
4764 4314
4753 4278
4742 4242
4731 4206
4720 4170
4709 4134
4698 4098
4687 4062
4676 4026
4665 3990
4654 3954
4643 3918
4632 3882
4621 3846
4610 3810
4599 3774
4588 3738
4577 3702
4566 3666
4555 3630
4544 3594
4533 3558
4522 3522
4511 3486
4500 3450
4489 3414
4478 3378
4467 3342
4456 3306
4445 3270
4434 3234
4423 3198
4412 3162
4401 3126
4390 3090
4379 3054
4368 3018
4357 2982
4346 2946
4335 2910
4324 2874
4313 2838
4302 2802
4291 2766
4280 2730
4269 2694
4258 2658
4247 2622
4236 2586
4225 2550
4214 2514
4203 2478
4192 2442
4181 2406
4170 2370
4159 2334
4148 2298
4137 2262
4126 2226
4115 2190
4104 2154
4093 2118
4082 2082
4071 2046
4060 2010
4049 1974
4038 1938
4027 1902
4016 1866
4005 1830
3994 1794
3983 1758
3972 1722
3961 1686
3950 1650
3939 1614
3928 1578
3917 1542
3906 1506
3895 1470
3884 1434
3873 1398
3862 1362
3851 1326
3840 1290
3829 1254
3818 1218
3807 1182
3796 1146
3785 1110
3774 1074
3763 1038
3752 1002
3741 966
3730 930
3719 894
3708 858
3697 822
3686 786
3675 750
3664 714
3653 678
3642 642
3631 606
3620 570
3609 534
3598 498
3587 462
3576 426
3565 390
3554 354
3543 318
3532 282
3521 246
3510 210
3499 174
3488 138
3477 102
3466 66
3455 30
4931 4704
4999 4770
5067 4836
5135 4902
5203 4968
5271 5034
5339 5100
5407 5166
5475 5232
5543 5298
5611 5364
5679 5430
5747 5496
5815 5562
5883 5628
5951 5694
6019 5760
6087 5826
6155 5892
6223 5958
6291 6024
6359 6090
6427 6156
6495 6222
6563 6288
6631 6354
6699 6420
6767 6486
6835 6552
6903 6618
6971 6684
7039 6750
7107 6816
7175 6882
7243 6948
7311 7014
7379 7080
7447 7146
7515 7212
7583 7278
7651 7344
7719 7410
7787 7476
7855 7542
7923 7608
7991 7674
8059 7740
8127 7806
8195 7872
8263 7938
8331 8004
8399 8070
8467 8136
8535 8202
8603 8268
8671 8334
8739 8400
8807 8466
8875 8532
8943 8598
9011 8664
9079 8730
9147 8796
9215 8862
9283 8928
9351 8994
9419 9060
9487 9126
9555 9192
9623 9258
4849 4654
4835 4670
4821 4686
4807 4702
4793 4718
4779 4734
4765 4750
4751 4766
4737 4782
4723 4798
4709 4814
4695 4830
4681 4846
4667 4862
4653 4878
4639 4894
4625 4910
4611 4926
4597 4942
4583 4958
4569 4974
4555 4990
4541 5006
4527 5022
4513 5038
4499 5054
4485 5070
4471 5086
4457 5102
4443 5118
4429 5134
4415 5150
4401 5166
4387 5182
4373 5198
4359 5214
4345 5230
4331 5246
4317 5262
4303 5278
4289 5294
4275 5310
4261 5326
4247 5342
4233 5358
4219 5374
4205 5390
4191 5406
4177 5422
4163 5438
4149 5454
4135 5470
4121 5486
4107 5502
4093 5518
4079 5534
4065 5550
4051 5566
4037 5582
4023 5598
4009 5614
3995 5630
3981 5646
3967 5662
3953 5678
3939 5694
3925 5710
3911 5726
3897 5742
3883 5758
3869 5774
3855 5790
3841 5806
3827 5822
3813 5838
3799 5854
3785 5870
3771 5886
3757 5902
3743 5918
3729 5934
3715 5950
3701 5966
3687 5982
3673 5998
3659 6014
3645 6030
3631 6046
3617 6062
3603 6078
3589 6094
3575 6110
3561 6126
3547 6142
3533 6158
3519 6174
3505 6190
3491 6206
3477 6222
3463 6238
3449 6254
3435 6270
3421 6286
3407 6302
3393 6318
3379 6334
3365 6350
3351 6366
3337 6382
3323 6398
3309 6414
3295 6430
3281 6446
3267 6462
3253 6478
3239 6494
3225 6510
3211 6526
3197 6542
3183 6558
3169 6574
3155 6590
3141 6606
3127 6622
3113 6638
3099 6654
3085 6670
3071 6686
3057 6702
3043 6718
3029 6734
3015 6750
3001 6766
2987 6782
2973 6798
2959 6814
2945 6830
2931 6846
2917 6862
2903 6878
2889 6894
2875 6910
2861 6926
2847 6942
2833 6958
2819 6974
2805 6990
2791 7006
2777 7022
2763 7038
2749 7054
2735 7070
2721 7086
2707 7102
2693 7118
2679 7134
2665 7150
2651 7166
2637 7182
2623 7198
2609 7214
2595 7230
2581 7246
2567 7262
2553 7278
2539 7294
2525 7310
2511 7326
2497 7342
2483 7358
2469 7374
2455 7390
2441 7406
2427 7422
2413 7438
2399 7454
2385 7470
2371 7486
2357 7502
2343 7518
2329 7534
2315 7550
2301 7566
2287 7582
2273 7598
2259 7614
2245 7630
2231 7646
2217 7662
2203 7678
2189 7694
2175 7710
2161 7726
2147 7742
2133 7758
2119 7774
2105 7790
2091 7806
2077 7822
2063 7838
2049 7854
2035 7870
2021 7886
2007 7902
1993 7918
1979 7934
1965 7950
1951 7966
1937 7982
1923 7998
1909 8014
1895 8030
1881 8046
1867 8062
1853 8078
1839 8094
1825 8110
1811 8126
1797 8142
1783 8158
1769 8174
1755 8190
1741 8206
1727 8222
1713 8238
1699 8254
1685 8270
1671 8286
1657 8302
1643 8318
1629 8334
1615 8350
1601 8366
1587 8382
1573 8398
1559 8414
1545 8430
1531 8446
1517 8462
1503 8478
1489 8494
1475 8510
1461 8526
1447 8542
1433 8558
1419 8574
1405 8590
1391 8606
1377 8622
1363 8638
1349 8654
1335 8670
1321 8686
1307 8702
1293 8718
1279 8734
1265 8750
1251 8766
1237 8782
1223 8798
1209 8814
1195 8830
1181 8846
1167 8862
1153 8878
1139 8894
1125 8910
1111 8926
1097 8942
1083 8958
1069 8974
1055 8990
1041 9006
1027 9022
1013 9038
999 9054
985 9070
971 9086
957 9102
943 9118
929 9134
915 9150
