1
253
9369 9873 4680 4934
4874 5121
5064 5306
5254 5491
5444 5676
5634 5861
5824 6046
6014 6231
6204 6416
6394 6601
6584 6786
6774 6971
6964 7156
7154 7341
7344 7526
7534 7711
7724 7896
7914 8081
8104 8266
8294 8451
8484 8636
8674 8821
8864 9006
9054 9191
9244 9376
4451 5217
4218 5498
3985 5779
3752 6060
3519 6341
3286 6622
3053 6903
2820 7184
2587 7465
2354 7746
2121 8027
1888 8308
1655 8589
1422 8870
1189 9151
956 9432
723 9713
4092 5712
3500 6488
2908 7264
2316 8040
1724 8816
1132 9592
4388 5402
4092 5868
3796 6334
3500 6800
3204 7266
2908 7732
2612 8198
2316 8664
2020 9130
1724 9596
3786 4121
2888 3306
1990 2491
1092 1676
194 861
4489 5446
4294 5956
4099 6466
3904 6976
3709 7486
3514 7996
3319 8506
3124 9016
2929 9526
3795 4085
2906 3234
2017 2383
1128 1532
239 681
4036 4496
3388 4056
2740 3616
2092 3176
1444 2736
796 2296
148 1856
5090 4127
5496 3318
5902 2509
6308 1700
6714 891
7120 82
5529 4663
6374 4390
7219 4117
8064 3844
8909 3571
5013 4926
5342 4916
5671 4906
6000 4896
6329 4886
6658 4876
6987 4866
7316 4856
7645 4846
7974 4836
8303 4826
8632 4816
8961 4806
9290 4796
4134 4527
3584 4118
3034 3709
2484 3300
1934 2891
1384 2482
834 2073
284 1664
5081 4252
5478 3568
5875 2884
6272 2200
6669 1516
7066 832
7463 148
4833 4788
4982 4640
5131 4492
5280 4344
5429 4196
5578 4048
5727 3900
5876 3752
6025 3604
6174 3456
6323 3308
6472 3160
6621 3012
6770 2864
6919 2716
7068 2568
7217 2420
7366 2272
7515 2124
7664 1976
7813 1828
7962 1680
8111 1532
8260 1384
8409 1236
8558 1088
8707 940
8856 792
9005 644
9154 496
9303 348
4219 4198
3754 3460
3289 2722
2824 1984
2359 1246
1894 508
5287 5420
5890 5904
6493 6388
7096 6872
7699 7356
8302 7840
8905 8324
4602 5557
4520 6178
4438 6799
4356 7420
4274 8041
4192 8662
4110 9283
5049 5125
5414 5314
5779 5503
6144 5692
6509 5881
6874 6070
7239 6259
7604 6448
7969 6637
8334 6826
8699 7015
9064 7204
4668 5675
4652 6414
4636 7153
4620 7892
4604 8631
4588 9370
4449 4847
4214 4758
3979 4669
3744 4580
3509 4491
3274 4402
3039 4313
2804 4224
2569 4135
2334 4046
2099 3957
1864 3868
1629 3779
1394 3690
1159 3601
924 3512
689 3423
454 3334
219 3245
3958 4386
3232 3836
2506 3286
1780 2736
1054 2186
328 1636
5167 4099
5650 3262
6133 2425
6616 1588
7099 751
4536 5130
4388 5324
4240 5518
3944 5906
3796 6100
3648 6294
3352 6682
3204 6876
3056 7070
2760 7458
2612 7652
2464 7846
2168 8234
2020 8428
1872 8622
1576 9010
1428 9204
1280 9398
984 9786
3797 4381
2910 3826
2023 3271
1136 2716
249 2161
4743 4138
4802 3340
4861 2542
4920 1744
4979 946
5038 148
4641 5405
